0.000000
0.000000
0.438737
0.272482
-0.034839
-0.302267
-0.065215
-0.014748
-0.406314
-0.277738
0.130969
0.053310
-0.042339
-0.099686
-0.013672
0.164061
0.139740
-0.033703
0.118422
0.220004
0.224626
0.002333
-0.160554
-0.334288
0.049819
-0.309330
-0.560484
-0.364084
0.101293
0.513506
0.716068
0.095121
-0.211357
-0.048849
-0.160380
-0.194238
0.210191
0.088781
0.013149
0.044559
-0.036034
-0.018246
0.201775
0.142735
0.175914
0.213662
0.022954
0.098027
-0.236632
-0.139194
-0.082657
0.056093
-0.036719
-0.067101
-0.153004
0.012874
-0.041557
-0.025885
0.208965
-0.022209
-0.043442
-0.388546
-0.392441
-0.217160
-0.058151
0.050483
-0.011714
0.026614
0.125252
0.088633
0.075704
0.188190
0.268686
0.394473
0.085261
-0.004935
-0.049154
0.109456
0.138475
0.241671
0.000000
0.000000
0.000000
-0.692051
-0.368475
-0.113943
-0.049302
0.237786
0.265854
-0.205093
-0.310852
0.104136
0.195490
0.006797
-0.070955
-0.099336
-0.018151
-0.085858
0.063021
0.112570
0.207288
-0.107984
-0.157866
0.076153
-0.090508
0.142602
0.060469
-0.079996
0.190812
0.203793
-0.367115
-0.389055
-0.008500
0.325847
0.521573
0.283531
-0.184187
0.004649
0.088087
0.000000
0.000000
-0.356321
-0.225000
-0.017162
0.230833
-0.030938
-0.287716
-0.382472
-0.113774
0.213736
-0.002953
0.010456
0.227457
0.242106
0.095073
0.070546
-0.011547
0.159570
0.174404
-0.035680
0.013125
-0.014556
0.195276
-0.266031
-0.432718
-0.260405
-0.209261
-0.113365
-0.156067
-0.082459
0.125773
0.226644
0.127753
-0.312989
-0.364818
-0.278153
0.059622
0.395644
0.555857
0.243400
0.151922
0.345418
0.147470
0.150325
0.369688
0.230302
0.147563
-0.006905
-0.032311
-0.156328
-0.476382
-0.400991
-0.331601
-0.185707
0.032799
0.130870
-0.157589
-0.370706
-0.158810
-0.097459
-0.116763
-0.311332
-0.166094
0.076806
0.036453
0.115672
0.168843
0.327708
0.313228
0.238690
0.254010
0.161108
0.140646
-0.009877
0.221612
0.073276
0.236774
0.031232
-0.149776
-0.145973
-0.504035
-0.268017
0.016471
0.042286
0.088034
0.152450
0.053188
-0.178205
-0.194728
-0.401878
-0.436060
-0.288984
-0.063096
0.092653
0.317625
0.246465
-0.046231
-0.100419
-0.008666
0.015215
0.102367
0.527857
0.224366
-0.083123
0.247926
0.159557
0.120182
0.355394
0.034004
-0.041351
-0.305791
-0.425044
0.052500
0.266761
0.195242
0.275362
0.050735
-0.026979
-0.038118
-0.424497
-0.136672
-0.251589
-0.359779
-0.431156
-0.402101
-0.112250
0.052841
-0.079990
-0.239843
0.241162
0.179930
0.349984
0.371994
-0.002351
-0.026339
-0.068855
-0.299971
-0.202988
-0.212781
-0.097314
0.100423
0.162118
0.463008
0.556267
0.347921
0.367496
0.224543
0.042309
0.126188
-0.491774
0.060563
-0.084546
0.216098
0.527293
0.453871
-0.066296
-0.493650
-0.605232
-0.646854
-0.156743
-0.205782
-0.187574
-0.142644
-0.052435
-0.174760
-0.012842
0.000000
0.000000
0.018829
0.187177
0.418979
0.019649
0.208427
-0.058983
-0.186324
-0.418098
-0.379322
-0.115908
-0.092561
0.306340
0.304565
0.411511
0.543363
0.288962
0.100649
-0.321548
-0.374950
-0.352262
-0.069683
-0.170509
0.359450
0.400353
0.177406
0.346482
0.028987
0.079425
0.024440
-0.539828
-0.429262
0.055560
0.328522
-0.000421
0.030529
-0.331997
0.450963
0.287745
0.360751
-0.078055
-0.358102
-0.439949
-0.227881
-0.126532
-0.399426
-0.193343
-0.010612
0.358943
0.141244
0.009156
-0.011533
0.168264
-0.009570
-0.228876
-0.064556
-0.421117
-0.457637
-0.114443
0.369992
0.308345
0.252961
0.252589
0.147843
0.179914
-0.172077
0.091497
0.286000
0.132168
0.266323
0.028347
0.029047
-0.294471
-0.087715
-0.183681
-0.078014
-0.131894
-0.029144
0.000000
0.000000
0.304364
-0.019262
-0.438349
-0.149580
0.192238
0.264808
-0.040297
-0.126608
-0.073325
0.021488
0.229736
-0.171797
-0.209561
-0.050045
0.224641
0.727678
0.537669
-0.036832
-0.059021
-0.028852
-0.381740
-0.471049
-0.435010
-0.265931
-0.035459
-0.100140
-0.352974
-0.110484
0.186787
0.198615
0.087792
-0.306481
-0.405442
-0.114511
0.406146
0.528736
0.415126
-0.106856
-0.060436
-0.107377
0.021663
0.356333
0.357786
-0.012382
0.012685
-0.200569
0.125167
0.250194
0.015386
-0.175607
0.095978
0.200961
0.175905
0.127121
0.218551
-0.204844
-0.134597
-0.430778
-0.313961
0.314248
0.633525
-0.021882
-0.493648
-0.564822
-0.257516
-0.255186
-0.006587
0.150066
-0.408920
-0.205181
-0.110069
0.005997
-0.122467
-0.442212
-0.217050
-0.074743
0.047730
0.548516
0.561147
0.080499
0.309937
0.633790
0.557846
0.325885
0.366315
0.342936
0.247217
-0.031487
-0.192677
-0.446026
-0.432654
-0.618377
-0.484273
-0.092530
-0.011101
-0.249014
-0.469069
-0.297375
0.208326
0.126998
0.059730
0.272732
0.029606
0.127268
0.194672
0.105957
0.193006
0.336927
0.233536
0.197211
-0.352506
-0.199248
0.000000
0.000000
-0.048628
-0.093344
-0.068842
-0.189351
0.004560
0.119344
0.107500
0.009521
0.058216
0.425487
0.512058
0.288419
-0.127632
-0.633141
-0.777057
-0.620490
-0.613207
-0.498682
-0.232763
-0.261005
0.141812
0.545491
0.306535
0.165522
0.204760
0.443403
0.627995
0.597359
0.479785
0.000000
0.000000
0.300680
0.008093
-0.408592
-0.017055
0.129821
0.028586
-0.511565
-0.597326
-0.017259
-0.018516
0.000000
0.000000
0.000000
0.000000
0.000000
-0.348367
0.024192
0.203959
0.318399
-0.279911
-0.291876
-0.110715
-0.124287
0.017559
0.144500
0.233622
0.250841
0.072767
-0.451983
-0.461815
-0.380631
-0.026042
0.312836
0.303029
0.088629
0.001839
0.411715
0.359775
0.288763
-0.039843
-0.271297
-0.397087
-0.275598
-0.160331
0.078749
0.290589
0.479769
0.119827
-0.200206
0.102256
0.265359
-0.305109
-0.296975
-0.208361
0.161295
0.397767
0.503322
0.215763
-0.219801
-0.022107
0.077532
-0.000866
-0.465942
-0.673907
-0.273618
0.025750
0.074220
0.175338
0.287624
0.013468
-0.363336
-0.181516
0.028180
0.068120
0.173162
0.201802
-0.042686
-0.502415
-0.498851
-0.271782
0.043903
0.454263
0.597215
0.316824
-0.131993
-0.307030
-0.168875
0.108742
0.077905
-0.036024
0.095793
0.383612
0.306118
0.060485
-0.068982
0.188408
0.314003
0.096325
-0.216950
-0.290381
-0.038728
0.123733
0.069499
0.305804
0.060878
-0.395092
-0.240408
-0.260567
-0.167384
-0.211363
-0.153430
0.042561
-0.376815
-0.432680
-0.045033
0.408959
0.284448
0.184135
0.249631
0.148610
-0.109161
-0.129475
-0.228466
0.064562
0.045673
0.128881
0.054875
0.111282
0.008561
0.253050
-0.071859
0.056972
-0.039990
0.077167
0.306477
0.090914
-0.120254
-0.510817
-0.242857
0.010004
-0.077795
-0.076753
-0.160757
-0.177405
0.043578
-0.087276
0.139709
-0.011742
0.086434
0.270241
-0.027381
0.209787
0.241938
0.212782
0.156606
-0.275155
-0.143827
-0.144535
0.163528
0.119374
0.358084
0.506533
0.346218
-0.077715
-0.014501
-0.125273
-0.218683
-0.440354
-0.396493
-0.366868
-0.032042
0.151564
-0.031360
-0.337435
-0.514930
-0.235068
-0.122655
-0.032047
0.120506
-0.067358
-0.245784
-0.027209
-0.006215
0.291635
0.089497
0.036767
0.104188
0.288448
0.084447
0.217895
0.417848
0.272135
0.396445
0.447470
0.394437
0.099193
-0.026352
-0.087968
-0.103509
0.211621
0.259887
0.192002
-0.191851
-0.587329
-0.420489
-0.527005
-0.275386
-0.063453
-0.051325
0.158663
-0.411773
-0.516947
-0.421613
-0.440377
0.023716
0.174278
0.223969
-0.205231
0.016656
0.429348
0.464401
0.063524
0.031760
0.089251
-0.031164
-0.174442
0.114726
0.492890
0.304339
-0.013450
-0.032460
0.233397
0.508407
0.152017
-0.079977
-0.496475
-0.427672
0.027199
-0.160134
-0.059065
0.000000
0.000000
0.000000
-0.198661
-0.189237
0.071456
0.734475
0.000000
0.000000
0.020402
-0.446830
0.118573
-0.010215
0.015153
-0.015613
-0.061173
-0.363876
-0.058633
-0.006538
0.035680
0.000000
0.000000
0.082776
0.010888
0.042029
0.003168
-0.271154
0.252168
0.184127
0.211927
0.416988
0.366541
0.270163
-0.069350
-0.714500
-0.508975
0.000000
0.000000
-0.145965
0.104312
-0.481785
-0.143101
0.176015
0.130929
0.584554
0.355309
-0.025806
-0.068584
-0.020130
-0.111769
-0.078510
-0.129156
-0.040763
0.135184
-0.047284
0.065608
0.221603
0.148516
-0.283370
-0.123239
-0.098816
-0.321268
-0.413349
-0.151985
-0.456156
-0.263803
0.016854
0.107204
0.406139
0.636364
0.567678
0.072903
-0.128953
0.171835
0.359365
0.122917
0.212840
0.066902
-0.372019
0.185971
0.040133
-0.130908
0.312613
0.032687
-0.234045
-0.393223
-0.301917
0.047665
0.053938
-0.045659
-0.265490
-0.214785
-0.110167
-0.304143
-0.524007
-0.262678
-0.019666
0.149094
0.278522
0.699731
0.142528
-0.008713
-0.046928
-0.297558
-0.041451
0.214482
0.302995
0.371019
-0.401478
0.000000
0.000000
0.897450
-0.106387
-0.266083
0.032709
0.025953
0.352016
-0.058527
-0.632849
-0.245148
0.293750
0.426876
0.249824
-0.158791
-0.073965
-0.322435
-0.321004
-0.118920
0.125067
0.375700
0.098205
-0.218568
-0.148676
-0.451737
-0.599483
-0.396171
0.040322
-0.052381
0.184457
0.217226
-0.012720
0.467681
0.473238
0.139759
0.092113
0.099281
0.199065
0.235102
-0.012864
-0.142869
-0.155056
0.154017
0.192494
0.253365
0.096700
-0.574157
-0.186474
-0.513557
-0.296442
-0.204478
-0.328170
0.077596
-0.019292
0.119107
0.204518
0.038550
0.230603
0.177349
0.080725
0.236409
-0.043101
-0.224316
0.031980
-0.140389
0.181120
0.377142
-0.167919
-0.165807
0.289201
0.326363
0.328871
0.191048
0.137916
0.067577
-0.117397
-0.399595
-0.092851
-0.384603
-0.197983
-0.428024
-0.310576
-0.145826
0.079415
-0.027352
-0.109399
-0.145113
-0.039446
0.063310
-0.354387
-0.401727
-0.098309
-0.048245
0.236686
0.462222
0.379947
0.112378
0.402033
0.710941
0.580710
0.302440
0.208249
0.018735
0.231111
0.111813
-0.060819
-0.089625
-0.430628
-0.513790
-0.666288
-0.513195
-0.165387
-0.250837
-0.073560
0.241425
0.480091
0.480788
0.397766
-0.061943
-0.145742
-0.099402
-0.084707
-0.591498
-0.603327
-0.532670
-0.272002
0.155557
0.052039
-0.169861
0.126322
0.087271
0.334938
0.420224
0.509376
-0.006312
-0.088323
-0.053909
-0.275434
-0.038927
0.145069
0.439350
0.606006
0.542413
0.346800
0.202068
-0.193710
-0.196304
-0.003913
0.089592
0.120584
-0.186195
-0.209155
0.225283
-0.216056
-0.126726
-0.482556
-0.727623
-0.601215
-0.652121
-0.637721
-0.511839
0.109696
0.356444
0.338300
0.489078
0.140909
0.117244
0.305630
0.192409
0.220961
0.342928
0.279886
0.393780
0.212481
0.234117
-0.140466
-0.061851
-0.080228
0.074779
-0.016981
-0.255391
-0.006122
-0.217858
-0.067063
0.227137
-0.137599
-0.197946
-0.224500
-0.340221
-0.257886
-0.356807
-0.313402
-0.126052
0.125017
0.173741
0.187793
0.441926
0.452835
0.304928
-0.015345
0.156413
0.115886
0.082751
-0.040962
-0.089130
-0.166239
-0.142972
0.347755
-0.066460
-0.252134
-0.591413
-0.300167
0.030293
0.098491
0.202818
-0.070331
0.367799
0.279746
0.037938
-0.089156
0.004987
-0.397034
-0.258921
0.094614
0.251728
0.106523
-0.283089
-0.209226
-0.312148
-0.262996
-0.094553
0.083401
0.499195
0.467185
0.763321
0.267742
0.228820
0.034850
-0.192187
-0.187696
0.245536
-0.004636
-0.377167
-0.272372
-0.541931
-0.094469
0.019090
-0.094749
-0.273682
-0.189799
-0.091104
-0.107487
-0.025433
0.188210
0.388936
0.211262
-0.074551
-0.396716
-0.043052
0.334586
0.409939
0.134665
0.219310
0.104128
0.123702
0.018379
0.061704
-0.164124
-0.001811
0.119918
-0.088605
-0.385367
-0.427377
-0.287340
-0.169549
0.036587
0.373803
0.267030
