0.000000
0.000000
0.002832
-0.034945
0.157490
0.129708
0.128152
-0.355612
-0.200523
-0.103613
-0.218732
0.083033
0.608705
0.413056
0.144652
0.085811
-0.130064
0.434742
-0.338829
-0.710415
0.017431
-0.251119
-0.286472
-0.360755
0.573303
-0.385802
-0.231516
0.212529
-0.146099
0.377270
0.089673
-0.354671
-0.047102
0.039401
0.526079
-0.130251
0.275001
0.049128
-0.477703
-0.319724
0.024105
0.204604
0.126321
0.193234
0.561866
0.305756
0.330306
0.202815
0.140092
-0.023678
-0.435161
-0.226130
-0.034045
-0.287887
-0.204654
0.045431
-0.173363
-0.454517
-0.338707
0.165285
0.066232
0.157264
0.186417
0.254372
0.015236
-0.302287
0.434369
0.510136
-0.147883
-0.387982
-0.073968
-0.068728
0.490241
-0.303855
-0.231600
-0.321158
-0.126886
-0.613007
0.440137
0.630980
0.000000
0.000000
0.000000
-0.243918
0.134864
0.235153
-0.282037
-0.390992
-0.090335
0.051434
-0.073929
0.137701
0.308167
-0.047599
0.324090
0.175445
0.413538
0.143283
-0.262622
-0.204986
-0.148539
-0.295701
0.193403
0.037652
0.304822
-0.248855
-0.123234
0.305864
0.150469
0.227794
0.170884
0.024836
-0.427287
-0.241595
-0.238225
-0.262746
-0.364471
0.249466
-0.152647
0.000000
0.000000
0.196791
0.583073
-0.156163
0.027113
0.252342
-0.577359
0.014287
0.034161
-0.374566
-0.440552
0.084458
0.429101
0.376352
0.068017
0.071187
0.008703
0.110777
0.261996
-0.283828
-0.049407
-0.048597
0.057083
0.335797
-0.098881
0.070701
0.185776
-0.417791
-0.264661
0.020978
-0.137885
-0.656061
-0.093660
0.063825
0.195140
-0.353507
0.060076
0.563848
0.379553
0.119701
0.461884
0.221526
0.084400
0.129621
-0.073406
0.001870
-0.046900
-0.072190
-0.019679
-0.307805
-0.157987
0.064565
-0.173377
0.010450
0.157622
-0.104476
-0.708377
-0.141329
-0.276867
-0.138153
0.202590
-0.097309
0.147303
0.358280
-0.049773
-0.019081
0.321811
-0.004453
-0.387841
0.134111
-0.028125
-0.043162
0.286393
0.173196
0.016798
-0.024851
0.067159
0.275143
0.014153
0.345071
-0.088521
0.178835
-0.182685
-0.412877
-0.289784
-0.180742
0.043023
0.279864
0.490761
-0.031680
-0.262265
-0.099050
0.286510
-0.175426
-0.367590
-0.227485
-0.223376
0.349138
-0.199153
0.080365
0.389380
-0.214025
0.022791
-0.056630
0.076913
0.337273
0.038543
0.178247
-0.062529
-0.505860
0.288970
0.085584
0.036305
0.239588
-0.049384
-0.118506
0.034200
-0.299410
-0.016843
0.053089
-0.263443
-0.335358
-0.362594
0.253071
-0.073100
0.061224
0.064806
-0.126247
-0.358596
0.248526
0.086551
0.324092
0.189579
-0.028026
0.060047
0.135293
-0.049293
-0.066069
0.065264
0.734018
0.199911
-0.211539
0.212748
0.302981
-0.444080
-0.112787
0.190345
0.112649
-0.227554
-0.024945
-0.347395
-0.528216
-0.125356
0.109469
0.326007
-0.532315
-0.411991
0.081751
0.278301
-0.329101
0.255867
0.565251
0.485615
0.266037
-0.443877
-0.324819
0.000000
0.000000
-0.091837
-0.106609
0.019795
0.039989
-0.283818
-0.654639
0.107813
0.480841
-0.131699
0.541799
0.014807
-0.097132
0.285442
-0.015934
-0.094598
-0.161992
0.100219
-0.031590
0.395810
-0.156114
-0.345487
0.015501
0.100269
0.490228
0.640126
-0.257956
-0.131801
-0.132732
-0.039285
-0.297172
-0.122119
-0.197447
-0.138546
-0.032417
0.069614
0.079801
0.138438
0.317203
-0.120455
-0.069972
-0.069447
0.056791
0.389790
-0.345767
0.068417
-0.308145
0.004084
-0.010460
0.105629
0.224167
0.021262
-0.057551
-0.423274
-0.323430
-0.093123
-0.296131
0.249304
0.021111
-0.199681
0.230896
-0.098022
0.012792
0.089047
0.420835
-0.233301
0.572894
0.324603
0.086020
-0.174009
0.261820
0.082053
0.138492
-0.272887
-0.478225
-0.091891
0.283643
-0.302749
0.000000
0.000000
-0.272171
-0.127665
-0.060881
0.159576
0.334844
-0.185364
-0.194818
0.323274
0.037437
-0.061099
0.144601
0.191232
0.101806
-0.339102
0.089476
0.101895
0.080843
0.498333
0.076421
-0.254689
-0.130360
-0.180105
0.023854
0.242635
0.071074
-0.478860
-0.321537
0.011141
-0.293257
0.062458
-0.144018
-0.172498
0.096730
-0.307724
0.161622
0.196105
-0.015365
-0.446238
0.058486
0.033481
0.262120
0.267296
0.209813
0.051000
0.033132
0.185008
0.020559
0.143385
0.160936
0.334105
0.007935
0.000393
-0.526330
-0.121038
0.466152
-0.010075
0.149894
0.124635
0.219181
0.022961
0.069236
-0.533342
-0.490032
-0.369212
0.187513
-0.532167
-0.596311
0.332711
-0.024884
0.095381
0.022705
-0.072865
0.120423
0.239710
-0.157305
-0.234408
0.027801
0.383667
0.253318
0.278421
0.615849
0.201755
-0.120893
-0.306696
0.027764
0.298189
-0.403508
-0.474711
0.023025
-0.043689
-0.517971
0.357605
0.365078
0.238070
0.108051
-0.540889
-0.017575
-0.143127
-0.228807
-0.112621
0.346610
0.112343
-0.309277
-0.002834
-0.048779
0.309423
0.042599
0.175676
0.129336
-0.028864
0.280211
0.349103
0.000000
0.000000
-0.253712
-0.074003
-0.259953
-0.217204
0.092901
-0.317045
0.120199
0.306866
0.196545
0.387776
-0.409327
-0.427912
-0.050706
-0.249002
-0.475491
0.198192
0.501185
-0.157780
-0.869629
0.047104
-0.019034
-0.203327
0.279044
0.562192
0.119548
0.630643
0.503813
-0.138464
-0.312535
0.000000
0.000000
0.253093
0.471305
0.235060
0.000401
-0.413475
-0.414823
-0.426082
0.070934
-0.467978
0.261506
0.000000
0.000000
0.000000
0.000000
0.000000
0.249351
-0.164379
-0.206541
-0.216746
0.307835
0.252678
0.197525
0.084769
-0.461977
-0.041885
-0.345870
0.174034
-0.240149
-0.236841
0.234180
0.315121
0.391802
0.338632
0.050908
0.037902
-0.068348
-0.036262
-0.735538
-0.085370
-0.004073
0.038426
-0.272380
-0.023094
0.235839
0.536637
0.368726
-0.481001
-0.252458
-0.159974
0.139899
0.151604
-0.051846
-0.331884
0.353115
0.301359
0.385572
0.183837
-0.221690
-0.137653
0.314102
0.081301
0.025382
-0.301930
-0.125879
-0.174035
-0.464400
-0.277866
-0.105357
0.099846
0.265354
-0.286514
-0.688936
0.061601
-0.046009
0.485594
0.482681
0.503755
0.070806
-0.046183
0.190295
-0.115190
-0.152946
0.356768
0.001325
-0.156132
0.336058
-0.613853
0.074828
-0.483202
-0.307860
0.574068
0.089381
-0.353830
-0.103757
0.342240
0.176325
-0.077440
0.122406
0.167655
-0.145314
-0.196241
-0.328491
-0.153736
-0.549850
-0.225883
0.314501
0.602978
-0.035735
0.209978
0.034665
0.516601
0.291474
-0.113838
-0.144734
-0.218413
0.088367
0.278280
-0.215718
0.100387
0.221170
0.097249
-0.056586
-0.262093
-0.450885
-0.436029
-0.009370
-0.181650
0.647239
-0.200431
0.169509
0.191689
0.421348
-0.375626
0.172306
-0.301834
-0.565644
-0.741273
0.111060
0.443537
-0.083701
0.349442
-0.168457
-0.175204
0.073818
-0.132334
0.422782
-0.080605
-0.042146
0.463918
-0.312887
-0.186820
0.801308
0.065084
0.561162
1.140814
-0.526161
-0.581508
-0.195309
-0.412128
-0.184407
-0.296012
0.415953
-0.307710
-0.317574
0.588626
-0.286768
-0.080369
0.397672
0.105818
0.239717
0.416680
0.085869
-0.241068
-0.504880
-0.689954
-0.121221
0.170249
-0.336561
-0.304947
-0.347655
-0.253223
0.286657
-0.199170
-0.014191
0.156599
-0.152073
0.080158
0.432004
0.342364
0.249854
0.261993
0.461385
0.373054
0.619200
0.291800
-0.272658
-0.222967
-0.178640
0.128358
0.319183
-0.027560
-0.059830
-0.308504
-0.708613
-0.390605
-0.060443
-0.354219
-0.305036
0.249375
0.020191
0.253123
-0.492868
0.381462
-0.365044
-0.061106
-0.087762
0.367344
-0.125632
0.194046
0.665565
-0.475571
-0.382138
0.784878
-0.020173
-0.202105
-0.147355
0.324589
-0.090199
0.198617
0.117192
0.364706
0.113003
-0.569507
0.235993
-0.440906
-0.120729
0.018367
-0.370503
-0.266136
0.681087
0.000000
0.000000
0.000000
0.013445
-0.115507
-0.075905
-0.198423
0.000000
0.000000
0.024525
-0.113384
-0.173906
0.844891
-0.042403
0.106735
0.479769
0.065810
-0.118644
0.254046
-0.283456
0.000000
0.000000
-0.241786
-0.171771
-0.552634
-0.278921
0.050264
0.297405
-0.114604
-0.403987
-0.177025
0.023632
-0.211635
0.364197
0.731409
0.051679
0.000000
0.000000
-0.203860
-0.248428
0.149492
0.537624
0.275296
0.175585
0.259801
-0.160461
-0.077821
-0.019171
-0.081416
-0.246791
-0.019008
0.044157
0.086827
-0.361441
-0.215616
0.088984
0.115444
-0.166569
-0.095771
-0.444609
0.181968
0.088687
-0.313675
-0.214972
-0.257977
-0.462296
0.589099
0.087120
0.245821
0.314872
-0.079525
0.409452
-0.180784
-0.156192
0.125683
-0.085800
0.233380
0.210759
0.368570
0.420836
0.367234
-0.371640
0.433202
0.067979
-0.167341
0.119872
0.167907
-0.069203
-0.469180
-0.517238
-0.041998
-0.294161
-0.564760
-0.466744
-0.067231
0.022545
-0.286813
-0.224159
0.011714
-0.076934
0.382107
0.238859
-0.093576
0.315802
0.062241
0.137381
0.037066
0.215309
0.195238
0.000000
0.000000
0.164334
0.147875
-0.268207
0.118332
0.234021
0.326504
0.114442
-0.282933
-0.236329
0.238602
0.193383
-0.366415
0.036272
0.111956
-0.526234
0.004596
0.067631
0.157807
0.232013
0.145851
-0.070983
-0.276608
-0.151273
-0.132559
-0.435913
-0.189434
0.293764
0.146700
-0.203983
-0.078237
0.210717
0.356992
0.054109
0.144775
-0.172619
-0.193275
-0.020249
-0.171617
-0.111084
-0.090097
-0.091418
0.086446
0.507512
-0.318532
-0.437842
-0.354723
-0.187487
0.154326
0.555387
0.404723
0.240743
0.413210
0.021529
-0.192001
0.101835
-0.165713
0.147537
-0.245295
-0.110189
0.395014
0.066237
0.418357
0.178570
-0.367206
-0.007062
-0.006926
0.140843
-0.069581
-0.158553
-0.105056
-0.072598
-0.009877
-0.180808
-0.139926
-0.284748
-0.383327
-0.151235
-0.056177
-0.145934
0.208062
0.362193
-0.448172
-0.191319
0.050753
-0.027410
0.119035
-0.477782
0.127586
0.281868
-0.001250
0.309350
0.225478
-0.298798
0.031141
0.241123
0.323000
0.513540
0.462911
0.418371
-0.277116
-0.057646
0.318434
0.141399
-0.003096
-0.443905
-0.185860
-0.656467
0.002755
-0.149115
0.546156
0.090338
-0.173802
-0.184592
0.141702
-0.147304
-0.263981
-0.463365
-0.521666
-0.064194
-0.005098
0.179371
0.098245
-0.019758
0.138544
0.439719
0.279890
-0.081127
-0.489843
-0.391879
0.097929
0.182691
0.298034
0.309605
-0.303339
0.024903
0.192456
0.271299
0.022887
-0.219594
0.011528
-0.254481
0.067158
0.127121
0.329126
-0.036029
0.310099
0.071846
0.081416
-0.210303
-0.263104
-0.058838
0.260978
0.091653
-0.102809
-0.467143
0.002516
0.068096
-0.111243
-0.189834
-0.275842
-0.166471
0.619191
0.292702
0.270024
0.029053
0.044599
0.169019
-0.415749
-0.288788
-0.511470
-0.039180
0.178905
0.279992
-0.103821
-0.203151
0.236548
-0.371509
-0.011142
0.315297
0.182729
-0.333256
-0.007888
0.095187
-0.273653
-0.190768
-0.056508
-0.115729
0.209616
0.591985
0.250230
0.152748
-0.226576
-0.008056
0.097284
-0.007414
0.062816
0.393851
0.059177
-0.295511
0.299284
0.140276
-0.081706
-0.061740
0.338804
-0.124360
-0.092321
-0.241133
-0.300270
-0.644858
-0.058039
0.654179
0.132531
-0.143337
-0.192243
-0.277114
-0.116003
-0.145865
-0.176820
-0.146710
-0.009289
0.409125
-0.501860
-0.210658
0.119573
0.041698
0.023264
0.340923
0.224120
0.503841
0.175938
0.172690
0.139338
-0.078178
-0.231472
0.262834
-0.089656
0.385533
0.097298
-0.334940
0.018779
-0.054797
-0.247181
-0.357312
-0.165285
-0.046153
0.184375
0.478708
-0.038532
0.184885
-0.030123
-0.343713
-0.029868
-0.232107
-0.294890
-0.387419
0.175016
0.337782
-0.100554
0.069893
-0.047877
-0.038499
-0.296811
0.342090
0.268878
-0.093269
0.239029
0.396720
0.277292
-0.361812
-0.109862
-0.140448
-0.434498
0.155732
0.141595
-0.004704
-0.004965
