0.000000
0.000000
0.379829
-0.337017
0.302001
-0.317068
-0.115610
0.123466
0.193468
-0.130654
-0.156743
0.176657
-0.085150
0.185556
-0.050159
-0.131510
-0.191479
0.032480
-0.134166
-0.143395
0.049086
-0.065089
0.521103
0.449936
-0.512580
0.398668
-0.410573
-0.293491
0.298311
-0.016566
0.196698
-0.263108
-0.229477
0.014310
-0.056776
-0.287242
-0.425920
0.261189
0.384935
0.025005
0.078897
0.038296
0.175053
0.289847
-0.138456
-0.286195
0.489576
-0.051455
0.218011
0.195361
-0.025614
0.023027
-0.548006
-0.006049
-0.144310
0.205250
0.287017
0.309246
0.432808
-0.007707
-0.195617
-0.425616
-0.515404
-0.029642
-0.109709
-0.450064
-0.124695
-0.000482
-0.074920
-0.058568
-0.145389
0.246196
0.105659
0.359255
0.348381
0.089641
-0.230714
0.238181
0.115302
0.006214
0.000000
0.000000
0.000000
-0.576719
0.189252
-0.112505
-0.180829
0.219103
-0.026505
0.106457
-0.399140
0.070383
0.127937
0.256590
0.052087
-0.447729
0.003185
0.146746
0.092694
0.249869
0.041420
0.275752
-0.402791
0.089080
0.035390
-0.050114
0.318935
-0.120524
-0.014421
0.214045
-0.259980
-0.017342
0.131139
-0.057550
-0.226966
0.274173
0.397164
-0.349520
0.110461
0.000000
0.000000
0.061668
0.003856
-0.428109
-0.292584
0.075717
0.441315
-0.053174
-0.690959
-0.120107
-0.094817
0.167020
0.105032
-0.497031
-0.257101
-0.165957
-0.048477
0.213437
0.308338
0.028895
0.195932
-0.064051
0.005022
0.417329
-0.015289
0.600678
0.180660
-0.132802
-0.184692
0.435848
0.312345
-0.156957
-0.130447
0.076377
-0.072379
-0.285647
-0.019462
-0.047699
-0.056923
0.195740
0.142607
-0.135664
-0.444296
0.018209
0.172734
0.017834
0.066488
0.043001
-0.017578
-0.148572
-0.316071
0.053804
-0.004683
0.127048
0.174550
-0.272273
-0.199268
-0.104118
-0.116052
-0.285331
-0.299712
-0.492979
0.392237
0.524261
0.263506
0.048657
-0.404313
0.258992
0.017905
0.057397
0.008163
0.219610
-0.037882
0.202767
-0.290117
-0.175682
0.460837
0.504481
0.142964
0.034627
-0.267848
0.369914
0.028786
-0.240420
0.300962
-0.448161
0.051229
0.211445
-0.160372
0.111607
0.018088
-0.379987
-0.094295
-0.011614
-0.296396
0.012949
0.286879
-0.176116
-0.006787
0.004388
-0.365603
-0.211344
-0.134805
0.211689
0.311980
-0.107483
-0.212076
-0.201014
-0.011241
0.035473
0.137057
-0.007246
-0.095915
0.241478
0.197115
0.094370
0.221499
0.470117
0.329115
-0.180593
0.333050
-0.636200
-0.468096
-0.000488
0.186915
0.205712
-0.245652
-0.169745
-0.049444
-0.245232
-0.121702
0.205758
0.070876
-0.063169
-0.329256
0.116639
-0.047693
0.184660
0.264558
-0.255718
0.430532
0.215817
-0.114304
-0.096785
0.003220
0.012549
0.233525
0.044729
-0.138091
0.503802
0.266102
0.083797
0.047791
-0.130114
-0.052657
-0.006721
-0.397972
-0.483084
-0.377244
0.070533
-0.033142
0.037267
-0.131820
-0.160265
-0.328688
-0.223269
0.000000
0.000000
-0.200116
0.057820
0.079977
-0.159966
0.171772
0.415831
0.785409
0.316564
-0.255410
0.228143
-0.010493
-0.179899
-0.191667
-0.139180
-0.209133
0.577738
0.640498
0.188105
0.044212
-0.869707
-0.243595
-0.001515
0.010007
-0.314957
-0.133787
0.952147
-0.015194
0.253859
0.358587
-0.052655
0.110128
-0.088173
-0.118167
0.004159
-0.201350
-0.296746
-0.014365
0.057859
-0.204819
-0.773603
-0.424514
-0.376237
-0.255178
-0.242877
0.120251
-0.097105
-0.318894
0.661887
-0.021955
0.391626
0.312625
0.473299
0.696799
0.252512
-0.182574
0.184768
0.703974
-0.350159
-0.245671
0.078669
0.117021
-0.114167
0.158636
-0.239446
-0.733632
-0.558504
-0.107574
-0.036273
-0.147574
-0.171939
0.349621
0.817742
0.132062
0.140257
-0.284263
-0.100108
-0.108773
0.000000
0.000000
0.181348
-0.143209
0.147542
0.591495
0.107562
-0.751201
-0.091659
-0.203541
-0.420522
0.122938
0.074427
-0.632979
-0.305852
0.361888
-0.165427
-0.070408
0.221698
0.151053
0.247643
0.310098
0.512161
0.232290
-0.039316
0.255173
0.324622
-0.037695
-0.107649
-0.007743
-0.052745
0.128198
0.648350
0.108630
-0.470741
-0.237327
-0.025812
-0.315260
-0.089051
-0.027935
-0.358652
-0.176173
-0.132742
-0.329657
-0.408876
-0.066403
0.199116
-0.276397
0.007679
0.305449
0.377215
-0.267304
0.380007
0.015050
-0.096952
-0.367992
-0.378535
0.098699
-0.051896
-0.628514
0.372364
0.295555
0.392382
0.254519
0.359599
0.473913
0.308253
0.365745
-0.665103
0.023895
-0.419589
0.366294
0.037802
-0.162581
0.129870
0.169346
0.213358
0.046288
-0.017905
-0.228848
0.168405
0.110879
0.218369
0.058215
-0.493152
-0.483373
-0.514166
-0.064970
0.251093
-0.107495
-0.090140
-0.698583
-0.083891
0.227346
-0.043307
0.534974
0.431142
-0.267670
-0.427135
-0.107736
0.278222
-0.051396
-0.143425
-0.001541
-0.222848
0.008685
0.432535
-0.026519
0.149580
0.029758
-0.134099
0.370756
0.239556
0.186807
0.000000
0.000000
-0.068720
-0.221956
-0.150734
0.007441
0.147170
0.492318
-0.162195
-0.344418
-0.292323
0.361977
-0.079320
0.401956
0.673122
-0.416550
-0.031851
0.015852
-0.380078
-0.284402
-0.016763
0.160674
0.101533
0.087010
-0.419395
0.195899
0.268038
-0.142476
0.348920
-0.448707
-0.485135
0.000000
0.000000
-0.112982
-0.002745
-0.121141
0.192816
-0.526236
-0.208779
-0.298475
-0.042275
-0.180648
0.464435
0.000000
0.000000
0.000000
0.000000
0.000000
0.568552
0.534249
0.415735
0.478167
0.098646
-0.023873
0.516498
0.256891
-0.188378
-0.492532
-0.506282
0.030470
-0.257110
-0.065042
0.082451
-0.371110
0.328236
0.617772
0.839585
-0.346985
-0.392406
-0.216553
-0.043113
-0.029388
-0.649727
-0.506005
-0.305674
-0.748928
-0.204625
0.512463
0.623172
-0.289144
-0.248877
-0.139441
0.447787
0.191765
0.163330
-0.052353
-0.284268
0.158070
-0.033832
0.278129
0.118933
0.300234
-0.040500
0.069596
0.116578
-0.168550
0.230178
0.048409
-0.132275
-0.083170
-0.215302
0.338301
0.047821
0.242928
-0.016687
0.085220
-0.017585
0.155072
-0.223984
0.031303
-0.075595
-0.056433
-0.531308
-0.187176
0.284387
-0.081546
0.438836
0.696974
-0.041684
-0.268731
0.159567
-0.187908
-0.421229
-0.201006
-0.443855
-0.294509
-0.317848
0.303026
-0.080420
0.088095
0.377571
0.301225
-0.119241
-0.038148
-0.112904
-0.330639
-0.282768
-0.028441
0.560809
0.480024
0.074320
0.075220
-0.012952
-0.317174
-0.183281
-0.355084
-0.539923
-0.585578
0.486044
0.844820
-0.138910
0.284722
-0.115218
-0.154647
0.340839
0.525276
0.530740
-0.099744
0.118211
0.125104
0.346127
0.024860
0.226014
0.004281
0.169809
0.008895
-0.114145
0.161742
-0.394156
-0.658706
-0.200761
-0.233479
-0.467345
-0.240572
-0.058612
-0.528459
-0.367760
0.653453
0.291997
-0.132439
-0.581631
-0.234594
-0.623240
-0.993095
-0.410396
-0.015061
0.364164
1.115168
0.463675
0.076404
0.258441
0.492702
0.093344
0.897914
0.408469
1.015846
0.291878
-0.071850
-0.537073
0.526942
0.273051
-0.208590
0.376458
-0.301937
-0.850091
-0.140214
0.026795
-0.473255
0.039311
-0.815057
-0.164680
-0.315210
-0.200218
-0.361238
0.423190
0.543935
0.508667
-0.403462
-0.451651
-0.240059
-0.055443
0.446132
-0.406164
-0.333494
-0.090324
-0.330046
0.285597
0.636760
-0.003468
-0.384433
-0.012304
0.118320
0.268399
-0.122514
-0.241211
0.038314
0.832780
0.631389
-0.071271
-0.239769
-0.112689
-0.030129
0.332307
-0.185515
0.100492
0.469251
0.224870
0.094484
0.115437
-0.085063
-0.446814
0.001488
0.629299
-0.612106
-0.175565
-0.122916
-0.470350
-0.292698
-0.225791
0.066059
-0.148369
-0.215833
0.057844
0.531289
-0.055698
-0.060646
0.169251
0.094177
-0.254970
-0.433267
0.387579
0.407544
-0.044103
0.000000
0.000000
0.000000
-0.160577
-0.084297
0.042109
0.347706
0.000000
0.000000
-0.057306
-0.080073
-0.127787
0.366476
0.283065
0.273399
0.286708
-0.694046
-0.611505
-0.297989
0.095545
0.000000
0.000000
0.086716
-0.122180
-0.356802
0.345571
0.390071
0.508211
0.175801
-0.027148
-0.180951
-0.013283
-0.047458
-0.161304
-0.581504
0.052997
0.000000
0.000000
0.279194
-0.081354
0.161813
-0.065231
0.055172
0.100520
0.114127
-0.319230
-0.421275
-0.065508
0.131289
0.094900
0.062802
-0.071351
0.133401
0.259243
0.274931
-0.003055
0.156825
0.399067
0.331493
-0.050270
-0.060618
-0.186144
-0.412508
-0.208835
-0.321692
-0.349463
-0.096055
-0.307375
0.141305
0.206036
-0.071092
-0.006922
0.228456
0.211918
0.355946
-0.118366
-0.058098
-0.130896
-0.250388
0.021957
-0.054299
-0.254911
0.216478
0.021614
0.067517
0.466951
0.569308
0.085856
0.217927
-0.101483
-0.168270
-0.150750
-0.129280
-0.027403
-0.203632
-0.353877
-0.244460
-0.247156
-0.359645
0.074945
0.218122
-0.235512
0.311550
0.049974
-0.044752
0.182099
0.199702
0.127235
-0.247223
0.000000
0.000000
0.426133
0.214638
0.567199
0.339372
0.065884
-0.075081
-0.406863
-0.381744
-0.488950
-0.185453
0.087253
-0.085399
0.263083
0.108328
-0.010191
-0.353134
0.059434
0.216244
0.002969
0.101376
-0.166551
-0.166416
-0.054864
-0.121237
0.259901
0.028776
-0.093098
-0.163096
-0.052534
0.074170
-0.038906
-0.084683
0.147657
-0.172354
-0.049639
-0.000606
-0.090410
0.218076
0.195245
0.024156
-0.027585
0.318521
0.299201
-0.057116
0.033355
0.121068
0.025472
-0.058423
-0.301381
-0.417428
0.063119
0.348429
0.205685
0.206058
-0.013377
-0.123572
-0.118341
0.266717
0.012372
-0.075767
-0.180948
0.090213
0.038342
0.038314
-0.219460
-0.232465
-0.307119
-0.268623
-0.657837
-0.294985
0.214742
0.346822
0.046830
-0.018081
0.066288
0.012984
0.280084
-0.053811
-0.193335
0.041434
-0.197703
0.132025
0.304485
0.498200
0.573210
-0.034826
0.152344
0.255541
-0.066521
0.028033
-0.094125
0.198050
0.155193
-0.165170
-0.414830
-0.256164
0.178076
-0.038569
-0.138909
-0.152971
-0.223796
-0.087603
-0.131405
-0.074409
-0.007849
0.013880
0.316146
-0.407662
-0.100010
-0.177103
0.005708
-0.020741
0.220123
0.205989
-0.225192
-0.088481
0.345785
0.198712
-0.050720
-0.129285
-0.232665
0.082741
0.016159
0.241943
0.200123
-0.441158
-0.260676
0.321144
0.200847
0.192308
-0.099950
0.078013
0.143926
0.290826
0.247848
-0.102878
-0.141819
-0.145486
-0.178120
-0.148224
0.038857
0.293790
0.088531
-0.061719
-0.052481
0.250046
-0.156279
-0.387364
0.026171
0.151539
0.376682
0.010030
-0.205539
-0.439767
-0.414895
-0.487312
0.093622
-0.103035
-0.247357
0.079737
-0.134948
0.168382
0.279660
0.306144
0.066766
0.029576
0.037592
0.145054
-0.005619
0.036257
0.209358
0.376377
0.389161
0.074068
-0.137576
-0.060850
-0.165691
-0.372520
0.235440
0.495276
0.202832
-0.141141
-0.254293
-0.612941
-0.522189
0.210268
-0.153972
-0.187353
0.157212
0.024542
-0.033302
-0.016688
-0.137444
-0.110245
0.024832
0.126567
-0.081276
0.197619
0.378042
0.534972
0.094771
-0.096719
-0.097120
0.264608
0.316194
0.151376
-0.262490
-0.545758
-0.189728
0.268562
-0.162801
-0.640484
-0.468325
-0.331987
-0.295793
-0.051375
0.566029
0.674247
0.397096
0.207178
0.171619
0.119170
-0.187242
-0.351852
-0.424089
-0.148989
0.163599
0.283473
0.239222
-0.228968
-0.209064
0.241895
0.439862
-0.004105
-0.019667
-0.178688
0.080140
0.271349
-0.149404
-0.024387
0.167834
-0.261485
-0.014550
-0.026210
-0.213061
-0.080001
-0.132479
0.169955
-0.062006
0.060151
-0.087897
0.111427
-0.142311
0.196693
-0.146343
-0.299846
-0.331277
-0.000512
-0.110223
0.072110
-0.016981
0.128960
0.647559
0.123227
0.154120
0.119700
0.133452
0.038127
-0.143653
-0.297862
-0.361538
-0.191191
0.334979
0.474450
-0.029724
-0.375616
