0.000000
0.000000
0.205790
-0.129301
0.003018
0.037241
0.112181
0.012716
-0.050700
-0.174387
-0.242388
-0.062030
-0.077073
0.088807
0.087970
-0.023607
-0.022499
-0.177019
-0.012066
-0.062643
0.076574
0.075713
0.207759
-0.001674
0.178534
0.207589
0.235164
0.130053
0.068542
-0.201051
-0.355467
-0.004415
0.105541
-0.008177
-0.211891
0.088098
0.303404
0.190807
-0.046184
-0.207388
-0.269803
-0.331409
-0.093610
0.037373
0.106031
-0.277884
-0.134729
0.002642
0.234595
0.264926
0.265042
0.113784
0.118657
0.117455
-0.007207
-0.073072
-0.185343
-0.350478
-0.172644
-0.236350
-0.019334
-0.061175
0.008585
-0.066849
0.109752
0.184333
0.316113
0.261265
0.116660
0.192374
-0.051573
-0.000801
-0.102550
-0.143428
-0.078347
-0.106377
-0.067019
-0.075516
0.055927
-0.012725
0.178353
0.292788
0.020967
0.116084
0.001004
0.016078
-0.156576
-0.124866
0.003438
-0.268726
-0.267587
-0.301823
-0.260093
-0.189222
0.125913
0.235517
0.255553
-0.038322
-0.023559
0.259402
0.202118
0.122497
0.263606
0.019620
-0.054151
0.009357
-0.010332
0.139759
-0.311970
-0.338424
-0.350261
-0.112680
0.150964
0.243499
0.381201
0.028414
0.140361
0.225235
0.219143
-0.004034
-0.091988
-0.040957
-0.172369
-0.181083
-0.124608
0.077342
0.138243
0.022146
-0.305687
-0.344547
-0.321363
-0.302292
-0.369850
-0.200864
-0.199244
0.170134
0.288496
0.206932
0.504228
0.496232
0.237818
0.120943
-0.123997
0.077175
0.156856
0.200574
0.020535
0.044478
0.006816
0.166624
0.042223
-0.002104
0.125939
-0.053395
-0.300400
-0.278032
-0.244664
-0.198516
-0.098541
-0.276789
-0.156752
-0.039968
0.075541
0.047099
-0.132429
-0.177518
0.110144
-0.072148
0.012493
0.128189
0.139980
-0.113684
0.018350
0.188409
0.097863
0.191672
0.044702
-0.137517
-0.135731
0.010210
0.206801
0.331043
0.257631
0.304011
0.004488
-0.136552
-0.112324
-0.124986
-0.252308
-0.115583
-0.141311
0.007079
-0.092726
0.006755
0.025311
0.165364
0.303721
-0.092220
0.038674
-0.093227
-0.077231
0.058266
-0.011640
0.182287
0.007494
-0.145652
0.066568
-0.125918
-0.213805
-0.259618
-0.212263
-0.205534
0.101004
-0.051272
-0.361907
-0.137136
0.034797
0.300061
0.430793
0.397412
0.371935
0.116565
-0.278238
-0.164340
-0.157624
-0.099225
-0.061789
0.097585
0.136039
0.120842
0.172044
-0.010571
0.157592
-0.070405
-0.060166
0.170882
0.021790
0.067600
0.168340
0.153138
0.290806
0.220921
-0.179324
-0.393972
-0.389126
-0.543870
-0.312415
-0.113217
-0.235929
-0.272013
-0.163932
-0.037922
-0.032313
0.297794
0.313380
0.312839
0.056572
0.009382
0.163351
0.122556
0.286020
0.236467
0.212985
0.277290
0.095991
-0.542537
-0.441250
-0.229925
-0.396642
-0.101335
0.262249
0.060611
0.166519
0.097070
-0.077619
-0.084139
0.169469
0.199566
0.218278
0.018872
-0.027649
-0.142859
-0.144423
0.104347
0.118038
0.027385
0.007297
-0.192028
-0.222642
-0.065406
-0.120788
-0.058499
0.014955
0.202515
0.047707
0.175513
0.098991
0.040494
-0.179106
-0.088600
0.002430
0.292964
0.124939
0.099155
-0.155670
-0.087154
-0.064248
-0.130633
-0.433979
-0.439756
-0.214420
0.147409
-0.133616
-0.122273
0.196280
0.458277
0.290670
0.207203
0.226506
0.059191
-0.017518
0.068511
0.039123
-0.102139
-0.118329
-0.054181
0.154077
-0.170305
-0.106129
-0.029827
0.182825
0.245433
0.113707
0.095871
0.049714
-0.156360
-0.226776
-0.238229
-0.173188
0.138506
0.084718
-0.010264
-0.058340
-0.024136
0.141375
-0.026686
-0.117620
-0.222984
-0.044424
-0.266781
-0.110602
0.076645
-0.016522
0.087432
0.036782
0.286154
0.151215
0.151249
-0.036429
-0.202446
-0.198875
-0.030918
-0.078716
0.050618
0.087975
0.007451
0.076477
0.243352
0.253233
0.138635
0.058637
0.170712
-0.024384
-0.103721
-0.133405
0.057975
-0.129100
0.170397
0.137756
0.022395
-0.396179
-0.608061
-0.184533
-0.018956
-0.032246
0.193581
0.008157
0.097398
0.194356
0.076323
0.000000
0.000000
0.068468
0.091902
0.096936
-0.003468
-0.035168
0.102801
-0.065168
-0.138684
-0.156558
-0.085728
0.019892
-0.142624
0.038287
0.099891
0.091287
-0.079093
-0.050690
0.103484
-0.079264
-0.097624
-0.106567
-0.021937
0.093592
0.002519
-0.029954
-0.047582
0.059008
0.049733
0.153129
0.159286
0.065682
0.214053
0.189829
0.078147
0.000232
0.086879
-0.106833
0.093565
-0.161556
-0.175724
-0.325909
-0.292489
-0.098143
-0.110950
0.054286
0.255198
-0.025575
-0.097574
-0.169314
-0.067170
-0.077367
0.025603
0.076781
0.019059
0.184489
0.107442
-0.224203
-0.108450
0.092453
0.112736
0.216346
0.278963
-0.050606
0.124692
0.359100
0.232206
-0.072047
0.153106
-0.109822
0.042504
0.031613
-0.268951
-0.166294
0.055195
-0.073387
-0.311152
-0.306617
-0.169502
-0.073168
-0.161108
0.011319
-0.145047
-0.042588
0.276490
0.145969
0.086993
0.108308
0.175255
0.068275
-0.285711
-0.470924
-0.193453
0.012079
-0.127095
0.061810
0.326345
0.206632
0.267370
0.102854
0.045015
0.269249
0.170180
0.051541
0.325904
0.189475
-0.100101
-0.060242
-0.274934
-0.184424
-0.114145
-0.054535
-0.099659
-0.020102
0.061256
-0.034793
-0.080505
0.080740
-0.030845
-0.278131
-0.070371
0.044463
0.042537
-0.055441
-0.276414
-0.052107
0.040470
0.053396
0.147728
-0.062519
0.035207
0.066391
0.211444
-0.116805
-0.120554
-0.257360
-0.006251
0.077684
0.096203
-0.020050
-0.056769
0.195100
0.120999
0.046640
0.064758
0.199404
0.033694
-0.086641
0.090729
0.156974
-0.098342
0.040606
-0.054204
-0.015508
-0.166303
0.074188
0.047013
0.199042
0.203148
-0.058830
-0.259671
-0.200336
0.097302
0.082606
0.019692
-0.088254
-0.014194
0.031214
-0.278230
-0.279580
-0.010563
0.173488
-0.002712
-0.108266
-0.103476
-0.237084
-0.084232
-0.014570
-0.002507
-0.096729
-0.055129
-0.014888
0.225048
0.276117
0.364451
0.164193
-0.186289
0.021798
-0.065620
-0.065609
-0.001374
0.113341
0.108346
0.152829
0.212568
0.287672
-0.071143
-0.234492
-0.202901
-0.127446
0.062096
0.250026
0.114200
0.093951
0.012249
0.202003
-0.201848
-0.371070
-0.376859
0.007777
0.115943
0.115325
0.053842
0.028644
0.029653
-0.156697
-0.199542
-0.061613
-0.218990
-0.126963
0.008942
-0.021523
-0.075219
-0.126209
-0.208354
-0.175038
-0.234312
0.018983
0.056180
0.131225
0.424046
0.423054
0.159217
0.337121
0.330393
0.191092
0.119285
-0.017434
-0.079129
0.013262
-0.080494
0.020896
0.097320
-0.214307
-0.098213
0.211892
0.161695
0.135446
-0.133779
-0.289607
-0.265303
-0.261715
-0.056460
-0.087340
-0.262678
-0.103547
0.042045
0.097038
0.107137
-0.198410
-0.021735
0.021122
-0.098686
0.115130
0.070224
0.155018
-0.254970
-0.299265
0.060695
-0.033191
0.028132
-0.035460
0.093507
0.223962
0.172037
0.180500
0.055263
-0.073825
-0.225612
0.088428
0.095088
0.089330
0.076234
0.142377
0.312812
0.298272
0.205046
0.213365
0.091976
-0.119435
-0.033732
-0.071665
-0.088236
0.053179
-0.243906
-0.327052
-0.346940
-0.426088
-0.343472
-0.213293
-0.186410
0.090609
-0.009238
0.200612
0.010747
-0.187509
-0.061553
-0.010319
0.324826
0.151557
0.209377
-0.064437
0.043254
-0.005125
0.080422
0.246422
0.326412
0.310099
0.006701
-0.342347
-0.229420
-0.232115
-0.271985
0.034571
0.251116
0.277129
0.412927
0.404195
0.116487
-0.037857
-0.045289
-0.386470
-0.333426
-0.164433
-0.151150
-0.053095
0.111986
0.004556
0.062820
0.059680
-0.048433
-0.072827
-0.188685
-0.223491
-0.201611
0.105154
0.104499
-0.008880
0.017287
0.124629
0.031009
0.096677
0.128757
-0.011316
-0.238535
-0.053626
0.038214
-0.043415
0.078115
-0.084364
0.122137
0.108376
0.225327
0.230040
0.092472
-0.109024
-0.050185
-0.053252
0.013836
-0.057396
-0.212931
0.000000
0.000000
-0.073661
-0.013608
0.321207
0.127634
0.120561
-0.208236
-0.092388
-0.079239
-0.152013
-0.098144
-0.103655
0.109231
0.113415
0.010292
-0.051010
-0.014361
0.129702
0.224612
0.032669
-0.066538
-0.055677
-0.245038
-0.135070
-0.066111
-0.300437
-0.269597
0.000000
0.000000
0.649936
0.183389
0.092230
-0.162533
-0.231338
0.025290
0.119901
0.187085
0.169127
0.176507
-0.068864
-0.165286
0.101364
0.059528
0.011264
-0.208692
-0.011838
0.080565
0.048817
0.111920
0.109829
0.225429
-0.030142
-0.073811
0.083384
-0.001370
-0.070492
-0.134891
-0.062596
-0.060892
-0.233023
-0.223925
-0.341860
-0.245999
-0.164760
-0.118854
0.049920
-0.103893
-0.000650
-0.009636
0.106271
0.179475
0.277702
0.459256
0.149786
-0.020901
0.073585
0.002861
0.254801
-0.117413
0.102634
0.189905
-0.063096
-0.109490
0.084461
-0.091018
-0.177037
-0.208803
-0.230521
-0.053568
0.014507
0.113830
0.367800
0.244300
0.113217
0.114999
0.061046
-0.130275
-0.063053
0.041283
-0.124605
0.028000
-0.035412
-0.110302
0.012250
-0.095556
-0.379767
-0.322047
-0.410901
-0.104933
-0.051857
-0.058716
-0.186856
-0.120947
0.138586
0.083053
0.244014
0.142722
0.273868
0.401219
0.186120
-0.071318
0.026109
0.182115
0.121893
0.038965
0.034366
0.131705
-0.193849
-0.000361
-0.028147
-0.102484
0.214306
0.201401
0.090303
0.272266
0.040571
-0.194826
-0.149153
-0.014316
0.015649
-0.425137
-0.313234
-0.292031
-0.249299
-0.324525
0.078882
0.053722
0.020372
0.356105
0.066550
0.153249
0.182763
-0.009246
-0.004277
-0.212336
-0.196786
-0.076229
-0.133205
0.028942
-0.117856
0.219221
0.211931
-0.125876
0.145077
0.052950
0.068925
0.179324
0.227210
-0.210130
0.089080
0.039114
0.054790
0.056389
-0.048839
0.133435
0.042402
0.057368
0.235942
-0.087588
-0.216850
-0.154978
-0.261993
-0.020437
-0.004840
0.070616
-0.031182
-0.007701
0.059239
-0.102792
-0.098535
0.117403
0.047595
0.022754
0.123907
0.023886
-0.239601
-0.166697
-0.197790
0.098510
0.118621
0.005669
0.038906
0.060256
0.123267
-0.208886
-0.128491
-0.175532
-0.263036
-0.158279
0.113842
0.043045
-0.123793
0.041315
0.097968
0.163711
0.116267
0.326500
0.581903
0.419170
0.195834
0.261659
-0.108658
-0.213138
-0.158795
-0.193195
-0.100570
-0.195323
-0.150081
-0.064733
-0.063795
0.050724
-0.241897
-0.146884
0.285466
0.100018
-0.108239
-0.177985
-0.297072
-0.169595
0.029392
-0.043533
0.015968
0.195357
0.118960
-0.036089
0.175843
0.110523
-0.041690
0.005952
0.021946
-0.109432
0.045229
-0.091275
-0.125879
-0.015772
-0.031611
0.036930
0.218700
0.048394
0.099401
-0.053098
0.031781
0.144355
0.046847
0.050610
0.043054
0.158037
0.146365
0.021014
0.202279
-0.068427
-0.173167
-0.146869
-0.058224
-0.339244
-0.415360
-0.064256
-0.049637
-0.145958
0.060602
0.331350
-0.105813
0.022290
0.157127
0.177989
0.023952
0.069321
-0.200641
-0.001475
-0.095914
-0.097968
0.165322
0.244569
0.208103
-0.043628
0.061858
-0.005385
-0.149125
-0.010249
-0.008792
-0.007381
-0.048309
-0.116393
-0.063156
-0.290880
-0.252971
0.143356
0.095746
0.143517
-0.051440
-0.227223
-0.142630
0.042805
0.197006
0.232318
0.272071
0.218940
0.141817
-0.133433
-0.048246
0.034984
0.157613
0.197983
-0.090438
-0.175294
0.056136
-0.200567
-0.034231
0.106857
0.130266
0.138385
-0.069085
-0.327944
-0.407495
-0.124190
-0.192900
-0.092564
-0.029407
-0.330532
-0.095871
0.290081
0.259240
0.159062
0.215434
0.307039
-0.085409
0.014693
0.208142
0.119212
0.086109
-0.014484
-0.059145
-0.027566
-0.319179
-0.168231
-0.148029
-0.190464
-0.105277
0.292254
0.169513
0.014736
-0.046898
0.141107
0.040734
0.034645
0.094613
-0.000192
-0.203209
0.009712
-0.116646
0.007609
0.257646
-0.069669
-0.125757
0.121949
-0.098151
