0.000000
0.000000
0.419962
-0.380243
-0.048968
0.433777
-0.254782
0.127228
-0.056825
0.284537
0.047875
0.074704
-0.249919
-0.461974
-0.166844
-0.327127
-0.275108
-0.285900
-0.264815
-0.541795
0.638141
0.601731
0.459122
0.555245
0.236077
-0.011795
-0.204435
-0.299388
-0.077026
0.324330
-0.305391
0.722472
0.730297
-0.308206
0.341225
-0.745283
-0.699073
-0.030299
0.048951
-0.432573
-0.098732
0.014534
-0.377102
-0.082390
0.217593
0.140633
0.444264
0.118945
-0.144747
0.190814
-0.049403
0.175032
0.596377
-0.232550
0.082191
0.230006
-0.125166
-0.160527
-0.265541
-0.601035
-0.627481
-0.070759
0.181137
0.368714
0.105315
-0.188394
0.145437
-0.141037
0.188983
0.411108
-0.168256
0.372797
0.540400
-0.400253
0.045917
0.608189
-0.647472
0.219151
-0.433542
-0.563157
0.398464
0.177792
-0.410123
-0.537084
-0.212051
0.530060
0.557995
0.317376
-0.188042
0.134716
-0.087925
-0.095242
-0.047677
0.327247
0.218096
-0.296340
-0.484373
-0.411434
0.056781
0.007077
-0.016424
0.213228
0.029139
-0.330565
-0.470471
0.436412
0.497839
0.435600
-0.214367
-0.130412
-0.060116
-0.620366
-0.070327
0.167992
0.217829
0.588463
0.333273
-0.009766
-0.063156
-0.039414
0.207545
0.335328
-0.265000
-0.317068
0.130652
-0.515605
-0.567695
-0.005352
0.332910
-0.041254
-0.358614
-0.021859
0.762781
0.112438
-0.052414
-0.050537
-0.319728
0.164092
0.260388
-0.222819
-0.433730
-0.144591
0.191254
0.339470
0.240716
-0.069767
-0.074205
-0.163192
0.561079
-0.332625
-0.587179
-0.149582
-0.336936
0.249142
0.166405
0.059671
0.059731
-0.122780
-0.056476
-0.075348
0.231964
0.389518
0.806988
0.662187
-0.040707
0.043877
0.056796
0.006425
-0.912209
-0.665068
0.782166
0.019105
-0.319518
-0.215225
-0.869519
-0.816948
-0.027798
0.076982
-0.240640
0.820862
0.274028
-0.230655
0.484043
0.069821
0.305738
0.502762
0.790194
0.162996
-0.826485
-0.753279
-0.071903
-0.177784
-0.006446
-0.071755
-0.457846
0.209976
-0.118516
0.571557
0.256007
0.493470
0.117754
-0.241632
0.140320
-0.287748
-0.087044
-0.010971
-0.169695
0.183928
-0.038638
0.214423
-0.077784
0.183784
-0.613511
0.010555
-0.039495
-0.133473
0.508051
-0.220437
-0.353772
0.190485
-0.197209
-0.337418
0.024665
0.215865
0.284468
0.257208
0.058397
-0.084042
-0.182959
-0.037861
-0.246724
0.296125
-0.307706
0.300556
0.273007
0.108851
0.297094
0.123033
-0.028762
-0.144657
-0.559115
-0.011038
0.150478
0.173599
0.325252
-0.427405
-0.303571
-0.054526
-0.244279
-0.232441
0.189955
0.122294
0.267675
0.043107
-0.592202
0.191266
0.161849
-0.065931
0.704378
0.221443
0.118817
-0.080996
-0.798900
0.383586
0.189162
0.274243
-0.220628
-0.356007
-0.527325
0.319552
0.424351
-0.469180
-0.887826
0.110556
0.548783
0.239961
0.016696
0.198211
0.122410
0.246235
0.496100
-0.501026
-0.402674
-0.194935
-0.584132
-0.303897
0.340563
0.269967
0.600806
0.195651
0.467528
-0.011362
-0.048350
0.259261
-1.068217
-0.084572
0.373177
0.171282
0.061008
-0.713206
-0.179056
-0.332781
-0.256301
-0.025601
0.639201
0.167866
0.546642
0.103808
-0.146307
-0.297097
-0.287488
0.451958
-0.131900
-0.133475
-0.243684
0.373883
0.075552
0.311886
-0.670211
-0.161071
0.524973
0.412124
0.132769
0.079039
0.269583
0.125137
-0.647492
-0.680980
-0.416982
0.113233
-0.186594
0.133286
0.005780
0.284351
0.190509
0.431355
-0.056369
-0.064616
-0.153999
0.083147
-0.119142
-0.154721
0.379735
-0.024494
-0.549287
-0.419697
-0.210452
0.363994
-0.117744
0.104240
0.644249
0.204347
0.098151
0.005284
-0.090187
-0.267426
0.285063
0.103371
0.337282
-0.049893
-0.051987
0.388078
0.327723
-0.230673
0.053062
-0.724686
-0.889762
-0.178267
-0.128106
-0.544555
0.279321
-0.137398
0.286411
0.753421
-0.039600
-0.754910
-0.196220
0.298195
0.207955
0.681825
0.619524
-0.363723
0.164864
0.620181
-0.418653
-0.821057
0.768055
-0.234280
0.000246
-0.395928
0.000000
0.000000
0.207172
-0.589555
0.007988
0.309878
0.644667
0.599099
-0.011616
-0.156000
-0.627531
-0.033616
0.060379
-0.438061
-0.336661
-0.181876
-0.238209
-0.499979
0.081193
-0.138731
-0.458169
0.297462
0.919242
0.448719
0.499104
-0.304564
0.283689
0.169866
0.510880
0.295212
0.161991
-0.535071
-0.412275
-0.733742
-0.457330
-0.033406
0.282392
0.103406
0.493825
0.214091
-0.073177
-0.622202
0.134127
0.790122
0.118623
-0.213277
0.077152
-0.088959
-0.827521
0.272535
0.046811
-0.180698
0.078065
-0.426455
0.052606
0.042063
0.593304
-0.192913
-0.338440
0.231679
0.184259
0.129220
-0.210098
-0.046023
-0.109485
0.096341
0.204472
-0.341247
-0.684540
0.044314
-0.096116
-0.248720
0.147788
0.459497
0.490269
0.028023
0.230126
0.536882
0.317430
-0.093426
0.334028
0.671123
-0.494275
-0.292620
-0.585937
-0.199424
-0.261344
0.382775
-0.541735
0.113773
-0.376996
-0.239947
0.027613
-0.432821
0.462974
-0.294628
-0.198177
0.903763
-0.337031
-0.412441
-0.002517
-0.065168
0.771168
0.250831
0.652274
0.455560
-0.237860
0.183864
-0.643351
0.052774
0.125438
-0.338721
-0.801412
0.014047
-0.000375
0.039128
-0.213886
-0.185425
0.374807
0.096038
-0.244576
-0.027606
0.077536
0.510435
0.542015
0.088361
-0.465893
-0.011983
0.098169
-0.337665
0.076462
-0.120150
0.571230
0.274127
-0.067868
0.099432
0.123911
-0.272071
-0.195710
-0.124089
-0.305829
-0.254459
-0.301119
-0.108330
0.098254
0.217934
0.144324
-0.075484
0.205010
0.340101
0.252716
-0.287019
-0.289204
0.157893
0.334461
-0.196606
-0.513071
-0.142121
-0.373476
0.454897
-0.166474
-0.468616
0.007874
0.747144
0.795088
-0.034745
-0.490080
0.269950
-0.090549
0.206383
-0.228400
0.124996
0.219919
-0.399618
-0.085004
0.255591
0.308847
-0.227189
0.104818
0.166441
0.038744
-0.486935
-0.838322
0.038246
0.367758
-0.543973
0.600486
0.409225
-0.048134
-0.531777
-0.148771
-0.236571
0.023167
0.151113
0.763973
0.361373
0.619513
-0.569435
-0.195688
-0.316410
0.015277
-0.228561
0.585721
-0.302932
-0.583494
-0.393073
0.293321
0.803729
-0.285620
-0.534499
0.477145
0.239047
-0.098379
-0.367634
0.313127
-0.496752
-0.214310
-0.132016
0.181348
0.157891
0.191267
0.635839
0.175036
-0.239820
0.164009
0.046993
0.116698
-0.248220
-0.146317
0.181724
0.038363
0.074720
0.096336
0.073055
-0.143344
-0.051607
-0.797916
-0.224659
0.993196
-0.047085
-0.722672
-0.219695
-0.121764
0.276426
0.450162
-0.291502
-0.577366
0.117379
0.068511
0.185255
0.012589
-0.600738
0.392057
0.526306
0.336879
-0.047710
0.047970
-0.418983
-0.030663
0.775688
-0.542871
-0.429648
0.556638
0.315037
0.207799
0.182916
0.064613
-0.524759
-0.280026
-0.052289
-0.102749
-0.120038
-0.502897
0.312733
0.311036
-0.298639
0.467583
0.103916
0.270132
0.077170
-0.200868
0.372951
-0.375546
-0.395615
-0.460658
-0.726642
0.179053
0.286220
0.286088
0.389051
0.661197
0.186968
0.216890
0.039812
-0.582798
-0.820238
0.366090
-0.257866
-0.479532
-0.518605
-0.124519
0.177945
0.875763
-0.333790
0.213206
-0.232662
-0.086090
0.626920
0.132692
1.139567
0.118178
-0.107762
0.161099
-0.508812
-0.074726
-0.314806
-0.038258
0.193109
0.041253
-0.948801
-0.226321
-0.046738
0.348859
-0.111873
-0.252087
0.409777
-0.121658
0.658866
-0.215821
-0.037796
0.279973
0.141152
-0.184375
-0.064399
-0.273594
-0.242989
0.672442
-0.364861
-0.566834
-0.411906
0.098545
0.297362
0.080723
0.152363
0.395972
-0.465745
0.140579
0.063142
0.320129
-0.082533
0.069225
-0.118976
0.344494
0.106640
0.292139
-0.020858
-0.375815
-0.679772
-0.000792
0.574234
0.351173
0.215216
-0.490877
-0.594166
-1.127440
0.442769
0.680334
-0.196891
0.693800
0.291317
0.149501
-0.663063
0.000000
0.000000
-0.282707
-0.026440
-0.081161
-0.403071
0.848633
-0.175718
-0.430617
0.588981
0.577369
0.393076
-0.263489
-0.089074
-0.339195
0.130063
-0.324377
0.014770
0.159140
-0.292751
-0.147163
-0.671149
0.194500
0.274214
0.315613
0.126699
0.273419
-0.038691
0.000000
0.000000
-0.012816
-0.389230
-0.024202
-0.154957
-0.232475
0.058836
-0.111690
-0.300122
-0.378451
0.399241
0.365083
0.231832
0.251627
0.325447
-0.124900
-0.218708
-0.050897
0.721977
0.341303
-0.347181
-0.339314
0.215828
0.018507
-0.198023
-0.097788
-0.394773
0.421688
-0.078433
0.231998
-0.207053
0.195183
0.109177
-0.589812
-0.189107
-0.030140
-0.177814
-0.031038
-0.327614
0.443599
0.271645
-0.528695
0.269135
0.520796
-0.157093
-0.247792
0.141842
-0.102002
0.002890
-0.449690
-0.342738
0.123958
0.050277
0.341789
0.106620
-0.190628
0.313963
-0.443782
0.627459
0.279570
0.500976
0.377815
0.085541
0.323689
-0.301291
-0.050855
-0.125497
-0.079753
-0.146392
0.003496
-0.211484
-0.283193
-0.430479
-0.291238
0.138550
-0.355225
-0.748275
0.457846
0.720736
0.131205
-0.353530
-0.203417
0.129284
0.062730
-0.002392
-0.101906
0.032504
-0.428382
0.029533
0.545043
-0.075300
0.041414
-0.079176
0.328821
0.135992
-0.113415
-0.022076
0.667136
0.460299
-0.079706
-0.221706
0.198192
-0.730873
-0.429276
0.010005
-0.273558
0.802152
0.705432
0.141104
-0.513494
0.440138
-0.443082
-0.584961
0.211313
-0.193185
-0.267132
-0.013084
0.504150
-0.046777
-0.938230
-0.222378
-0.110025
0.358539
0.316625
0.403431
0.054415
0.153016
0.091882
-0.283187
-0.390078
-0.149187
0.712865
-0.534170
-0.303199
-0.060387
-0.035778
0.169161
0.364939
-0.068980
-0.065507
-0.005716
-0.040378
0.142747
0.686245
-0.422006
0.385295
0.581560
-0.449606
0.438937
-0.032720
-0.216310
0.244615
-0.136770
-0.413598
-0.516731
-0.135331
-0.270811
-0.000345
0.234686
0.247431
-0.125757
0.384393
-0.519246
0.203606
-0.122820
-0.032147
-0.090623
-0.044040
-0.065682
-0.040258
0.016412
0.244444
0.047756
-0.017316
0.054217
0.250816
-0.086115
-0.231124
0.148211
0.680881
-0.874441
0.173273
0.132545
0.100173
-0.034690
-0.078610
-0.246875
-0.043011
0.097326
0.031801
0.152042
-0.546739
-0.200939
0.090543
0.051475
0.508009
0.366265
0.076214
-0.261032
-0.129958
0.323703
0.324366
0.078257
-0.007182
-0.582929
0.771841
-0.136676
-0.261572
0.077013
-0.571901
-0.445089
0.071644
0.352112
-0.238256
-0.278852
-0.008223
0.125714
-0.577950
0.284662
0.162757
0.480081
-0.077507
0.221462
-0.072426
0.130434
-0.403708
-0.289666
0.077743
0.245664
0.022661
-0.398199
0.010665
0.187838
0.292109
0.462876
0.462457
0.405921
-0.610615
-0.348162
-0.047530
-0.817155
-0.049625
0.575117
0.656961
-0.074684
-0.577967
0.412260
0.068738
-0.065739
0.075879
0.370089
-0.281700
-0.689274
-0.278942
0.375528
0.082060
0.093462
-0.329400
-0.019606
-0.807474
-0.217176
0.440327
0.797257
0.298003
0.340666
-0.354927
-0.743139
-0.083101
0.338809
-0.040310
0.357227
-0.278955
0.258993
-0.272600
-0.246884
0.164851
0.465487
0.494248
0.178748
-0.526649
0.384881
-0.016414
-0.303386
-0.287960
0.037670
-0.457008
-0.508938
0.280296
0.368624
-0.184208
-0.148372
0.039101
-0.128489
0.016886
0.286424
0.465098
-0.220044
0.363196
0.645273
0.192136
-0.167745
0.106168
-0.158000
-0.702584
0.025058
0.046550
-0.407454
-0.065027
0.090663
-0.297986
-0.817721
0.712350
0.353241
-0.242237
-0.440893
0.030027
-0.080360
0.207010
-0.206949
-0.297693
0.676974
0.540095
0.568621
0.051442
-0.189515
0.142707
0.437308
0.097874
-0.087678
-0.666000
-0.094263
0.227968
-0.798154
0.132010
-0.336833
-0.245673
0.467726
0.243480
0.217398
-0.161068
-0.223878
0.020296
0.168436
0.103995
-0.515107
-0.118269
0.377125
0.115993
