0.000000
0.000000
-0.165850
0.204659
-0.013745
0.044381
-0.270914
0.587799
0.125272
-0.120041
0.026121
0.016270
-0.215170
0.342175
-0.288831
-0.640872
-0.465021
0.215278
-0.463319
-0.335994
0.445516
0.374316
0.593593
-0.230679
0.061856
0.089838
0.269732
0.185291
0.408275
0.116737
-0.196177
0.014416
0.283794
-0.263610
-0.046141
-0.124350
-0.351227
-0.063931
-0.394897
-0.095006
-0.194191
0.204308
-0.133052
-0.243406
0.231468
0.611443
0.283749
0.055314
-0.221036
-0.020191
-0.037867
-0.505850
-0.601491
-0.105505
0.112965
0.120098
-0.199196
0.127201
0.262617
0.251315
0.040169
-0.000112
0.049857
0.394134
0.392911
0.075692
0.518327
0.065581
-0.209366
0.322628
-0.055123
-0.533802
-0.517195
-0.548911
-0.250754
0.387652
0.230553
0.292094
0.127147
0.323069
0.235013
-0.038790
-0.354589
-0.414739
-0.109131
-0.357792
-0.364393
-0.323195
-0.097023
-0.254348
-0.096934
0.080017
0.020174
0.346007
0.310661
0.393995
0.381172
-0.254548
0.125005
0.087753
-0.268890
0.554485
0.226194
0.074724
-0.119280
-0.053070
0.267697
-0.175703
0.240915
-0.481721
-0.421575
0.140318
0.061547
0.102398
0.105778
-0.087702
-0.214852
-0.047197
-0.172242
0.318569
0.192935
0.147787
0.161752
-0.316316
-0.170484
-0.115293
-0.170025
-0.291572
-0.416505
-0.042067
-0.118016
-0.162776
0.045448
0.188842
0.285436
0.647544
0.315209
0.221980
0.178857
-0.085999
-0.111512
0.065658
-0.197647
-0.001938
-0.198874
-0.027251
0.596174
0.045055
-0.201227
-0.272698
-0.120559
-0.076259
-0.175978
0.204409
-0.121468
-0.345762
-0.538922
-0.134845
0.044814
-0.009067
0.048264
0.196708
0.202184
0.026343
0.006733
-0.030558
0.119831
0.114129
0.212125
0.409213
-0.137764
0.037155
0.095352
0.009499
-0.012041
0.264829
0.210625
0.478040
0.016137
0.029158
-0.065851
-0.220594
0.182233
0.011493
-0.163404
-0.265451
-0.310036
-0.568693
-0.509080
-0.793986
0.106153
-0.182258
0.152801
0.093404
-0.275228
0.116427
-0.175407
-0.035523
0.305002
0.061883
0.262356
0.188592
0.288343
0.407551
0.524415
0.446195
0.040703
-0.410967
-0.158151
-0.030863
0.012767
0.190049
0.390774
-0.017562
-0.215237
-0.103800
-0.000459
0.083697
0.212576
0.195729
-0.433038
-0.236709
0.156355
0.165912
0.113186
-0.225431
-0.135545
-0.247515
-0.623959
-0.408725
-0.160387
-0.123693
0.168307
-0.104949
0.101474
-0.065819
-0.360750
0.254872
-0.215472
0.109932
0.548226
0.178386
0.503112
0.304471
0.012840
0.001886
-0.109443
0.342386
-0.050878
-0.538011
-0.291416
-0.405983
0.013292
0.396188
0.227300
0.516878
0.204716
0.218384
-0.200244
-0.078760
0.112158
-0.338646
-0.112606
-0.032604
-0.430229
-0.053767
0.504549
0.428857
-0.110739
-0.072403
-0.359947
0.183640
-0.086427
-0.203433
0.131506
-0.381621
-0.178228
0.090722
0.166324
-0.103480
0.149393
-0.193305
0.273086
-0.037067
-0.229717
-0.171669
-0.243634
-0.027685
-0.274404
-0.114800
0.148267
0.260625
0.177715
0.086097
0.052483
0.099787
-0.155620
-0.302925
0.306673
0.113314
0.315523
0.261188
0.612998
0.345547
0.332218
0.016544
-0.233154
-0.142576
-0.236123
-0.247622
-0.280914
0.258059
-0.235814
-0.530997
-0.268374
0.052994
-0.134144
0.069938
-0.191892
-0.171888
0.090181
-0.060910
-0.077593
0.462732
0.561535
0.224081
0.196223
-0.233174
-0.076593
0.017679
-0.561903
-0.286897
-0.371197
0.014073
0.025099
-0.208041
0.142683
0.310769
0.449375
0.140786
-0.084317
0.145727
-0.027962
-0.145429
0.012079
-0.257158
-0.151963
0.018492
0.154021
0.292988
-0.130871
0.295302
0.209055
0.337298
0.339734
0.034793
0.223487
0.291588
-0.098015
-0.085510
-0.232288
-0.525538
-0.509075
-0.372621
-0.515717
-0.131370
0.055881
-0.065563
0.081807
0.035727
-0.153064
-0.246136
0.268194
0.075189
0.118071
0.113560
0.122145
0.109620
0.330710
0.301250
0.292907
-0.069264
0.028761
0.098848
-0.299682
-0.207139
0.049822
0.194351
-0.162387
-0.215326
0.000000
0.000000
0.106303
0.071980
-0.025734
-0.057633
0.122335
-0.269525
-0.108357
-0.106771
0.016699
0.047522
0.016503
0.127871
0.034463
0.382594
0.099100
-0.421571
-0.130424
0.154301
-0.305878
0.279573
0.033556
0.157758
-0.054540
-0.230357
-0.203787
-0.041224
0.213032
0.187734
0.009741
0.188157
0.093342
-0.009538
0.123217
-0.130489
0.077531
-0.494449
-0.403765
-0.061778
-0.214097
0.311712
0.311752
0.209803
-0.311496
-0.009021
0.261536
-0.338040
-0.095271
-0.229515
-0.329943
-0.065335
-0.139469
0.666300
0.629942
0.090510
-0.081941
0.264193
0.389121
-0.187860
-0.029765
-0.114926
-0.092203
0.029898
0.218012
0.333604
-0.075038
-0.009426
-0.036657
0.135030
0.032760
-0.091818
-0.812360
-0.209617
-0.368693
-0.355392
0.233943
-0.099644
-0.185787
0.154674
0.245933
-0.128346
0.292991
-0.156225
0.119716
-0.210587
-0.348368
0.048836
0.107058
-0.130252
-0.192620
0.253933
0.055352
0.302395
0.272126
-0.035870
0.451165
0.402802
0.477850
0.278954
0.283713
0.047138
0.102323
-0.346536
-0.246340
-0.266832
-0.415392
-0.486460
-0.302362
-0.142445
0.200144
-0.183322
0.171798
-0.340829
-0.014665
-0.182105
0.206978
0.029473
0.209832
0.330572
0.234861
0.167857
0.153488
-0.244712
-0.417842
-0.259258
-0.138668
0.173931
-0.448826
-0.325953
0.011658
0.045527
0.323687
0.117908
0.692006
0.265638
-0.351835
-0.165463
0.123723
0.056403
0.101987
-0.338017
-0.001655
0.212730
0.161130
0.333462
0.304842
0.000503
-0.642308
-0.052428
0.443871
0.465031
0.229105
0.014595
-0.376940
-0.332447
-0.377350
-0.478651
-0.060862
-0.142563
-0.067268
-0.090650
0.496171
0.267438
0.103311
-0.180053
-0.387029
0.093972
-0.198039
-0.223949
-0.123595
0.085915
0.169298
-0.064638
0.054271
-0.094324
0.306919
0.296795
0.103992
0.163500
-0.257176
-0.180779
0.127072
0.230690
-0.055498
0.087602
-0.069126
0.275949
-0.177394
0.106514
0.106764
-0.010489
-0.215650
-0.125701
0.203556
-0.139244
-0.341650
-0.041613
0.246691
0.338145
0.149078
0.260496
-0.084685
0.067410
-0.159876
-0.110086
0.160350
-0.250849
-0.334160
-0.241573
0.155167
-0.129104
-0.470590
-0.286454
-0.072080
0.189216
0.217475
-0.038337
-0.008565
0.023887
0.313589
0.196595
0.303961
0.265670
-0.169925
-0.366461
-0.193895
-0.199672
-0.264484
0.028150
0.394789
0.223273
0.340870
0.131666
-0.251306
-0.121356
0.273290
0.093684
-0.041591
-0.001749
0.000513
0.168607
0.398388
0.013242
-0.067519
-0.125785
0.131359
0.243816
-0.266257
-0.119297
-0.294391
-0.253922
-0.593627
-0.370174
-0.268744
0.006199
-0.089138
0.009239
0.435513
0.523481
0.222429
-0.129285
-0.464159
-0.415166
0.055946
0.215853
0.304292
0.151857
0.437828
-0.002979
-0.052073
0.070207
0.260114
-0.000234
0.135734
0.023740
0.202040
-0.151269
-0.235398
-0.431268
-0.080610
0.187651
0.161727
-0.631468
-0.241263
-0.026297
0.410977
0.375997
-0.157561
0.053754
-0.100623
-0.106261
0.262662
0.252295
-0.030718
0.236245
0.134793
-0.361484
-0.344866
0.182919
0.035033
-0.219608
0.014089
-0.343016
-0.147705
0.081647
-0.124999
0.162068
0.039987
-0.047531
-0.386994
0.238920
0.672529
0.370664
-0.148197
0.008086
0.072567
-0.108068
-0.257787
-0.207555
-0.340574
0.071361
0.393948
-0.308269
-0.099150
0.117723
-0.124900
-0.262256
-0.356002
-0.007170
0.158487
0.264913
0.533848
0.673618
0.436982
0.000766
0.289336
0.186645
-0.245288
-0.005653
0.203758
-0.346648
-0.457945
-0.458890
0.047895
-0.126032
-0.454271
-0.146326
-0.485414
-0.223764
-0.065785
0.035643
0.076132
0.162289
0.221091
0.037624
0.552208
0.101698
-0.046021
0.182261
-0.196895
0.308151
-0.028913
-0.027678
0.041414
0.249621
0.100421
-0.051617
-0.210131
0.212846
-0.326775
-0.150259
0.000000
0.000000
-0.156745
0.133253
0.086655
0.076406
0.333643
-0.036696
0.155958
-0.248969
-0.621828
-0.035531
0.012651
-0.363259
-0.221656
-0.130455
-0.113829
0.299815
0.380852
0.724713
0.998529
0.007034
-0.214660
-0.135880
-0.191633
-0.283555
-0.256348
-0.414478
0.000000
0.000000
0.691184
0.014431
-0.189990
-0.321880
-0.042386
-0.618272
-0.278400
-0.288904
0.044985
0.417745
-0.021891
0.217231
0.366511
0.249423
0.208725
0.091578
0.568122
-0.040558
-0.430834
-0.306213
-0.161023
0.476207
-0.207584
0.190644
0.233451
-0.390385
0.566558
-0.142233
-0.179424
0.088948
-0.134279
-0.022544
-0.691201
-0.408389
-0.529671
0.123257
0.079450
0.200207
-0.089996
0.213664
0.306567
0.318696
-0.245049
0.275766
0.367461
-0.147646
-0.349379
0.162401
0.218614
0.147294
0.415279
0.324760
-0.302284
-0.486934
0.211849
-0.499201
-0.395553
0.012208
-0.165442
0.365591
-0.208660
-0.088047
0.164717
0.025892
0.502569
-0.000816
0.181277
-0.196898
-0.138130
-0.056820
-0.120492
0.332491
-0.080641
-0.048893
0.131077
-0.437334
0.232932
-0.122818
-0.052487
-0.171798
-0.373977
0.235267
-0.218799
-0.298033
0.135210
0.558634
-0.053963
-0.042500
0.080424
0.391281
0.585501
0.144000
0.141949
-0.291739
0.082251
0.285221
0.112790
0.019161
-0.256659
-0.283841
-0.516395
-0.518496
-0.459230
-0.044603
-0.475040
0.236963
-0.168710
0.010459
0.061185
0.245462
0.565648
0.302398
0.592623
0.358813
-0.027938
-0.445389
0.009396
-0.045061
-0.324409
0.250779
-0.068956
-0.195375
0.009889
0.059745
0.353889
-0.037026
0.129408
-0.320505
-0.032653
0.144837
0.175231
-0.297790
-0.420532
-0.115887
-0.170656
0.041811
0.293444
0.065889
0.148996
-0.363063
-0.031403
0.187685
0.033594
0.191310
0.181450
-0.291348
-0.012663
-0.231697
0.374086
0.377849
-0.304260
-0.011689
-0.147598
-0.217789
-0.231742
0.036836
-0.009503
0.235488
0.228260
-0.158777
-0.302011
-0.215085
0.211994
0.497029
0.365537
0.302459
0.334716
-0.103776
-0.383066
-0.112117
0.186570
0.036370
0.312984
-0.434898
-0.102878
-0.389945
-0.142991
-0.138601
-0.021552
-0.320519
-0.199965
-0.328482
-0.107870
-0.071002
0.009425
0.216692
0.535502
0.229994
0.245558
0.131179
0.072252
0.047558
-0.176350
0.291753
0.324096
-0.112682
0.037065
-0.129859
-0.097717
0.199802
-0.375901
-0.388580
-0.021840
0.150741
0.216925
0.151846
0.138012
0.231273
0.060983
-0.006951
-0.218558
-0.697563
-0.045207
-0.055599
-0.187131
0.000089
-0.055956
0.090737
-0.002262
-0.294858
0.369621
0.158503
0.172947
0.010616
-0.041418
-0.240599
-0.120779
0.051896
0.354983
0.198517
-0.119559
-0.009252
0.088037
0.331479
0.134711
-0.293163
-0.489560
-0.107297
0.364033
0.183118
-0.169736
0.078989
0.074142
0.143372
0.217520
0.116460
-0.214344
0.100537
0.204339
-0.332972
-1.036720
-0.071178
-0.024342
0.203499
-0.024149
0.270446
-0.109087
0.030351
-0.174344
-0.114573
0.029951
0.093842
-0.128542
0.130805
-0.063489
-0.081084
0.363847
0.137973
0.426750
0.499822
0.204762
-0.250794
0.267260
0.121866
-0.288416
-0.183752
-0.088279
-0.055909
-0.282763
-0.339410
0.031078
-0.204398
0.000357
0.058500
-0.385377
-0.388650
-0.096819
-0.185249
-0.317764
0.368951
0.610187
0.015498
0.243925
0.085478
0.475642
0.406694
-0.006011
-0.064290
0.512455
0.346958
0.022131
-0.233038
0.003007
-0.755039
-0.341371
-0.311181
-0.406651
0.085538
0.077367
-0.162074
-0.203649
-0.216674
-0.305762
-0.075481
0.553707
0.528058
0.516956
0.384357
-0.017537
0.066414
0.053000
-0.041729
0.116298
-0.145097
-0.454356
-0.441536
0.083396
0.039428
-0.082644
0.294017
-0.164640
-0.106207
-0.285899
0.064750
0.245921
0.297076
-0.055892
-0.213564
0.129252
0.038517
-0.132023
0.079918
0.194710
-0.057557
0.161343
-0.117933
-0.152302
