0.009663
0.133776
-0.016225
-0.181407
0.146558
-0.050049
-0.133981
-0.074374
0.155378
-0.088181
-0.233813
0.085015
0.314608
0.197833
-0.049001
-0.017575
-0.174652
0.080413
-0.013688
-0.045613
-0.159188
-0.110390
0.024660
0.298335
0.115112
-0.146304
-0.027045
0.341809
0.068202
-0.386886
-0.045809
0.076959
-0.102262
-0.194237
-0.119298
0.049235
0.063200
0.011290
0.154450
0.024648
-0.237060
-0.210649
0.087881
0.127660
0.149965
0.084284
-0.075128
-0.003808
0.187213
0.045895
-0.006568
-0.180987
-0.083530
-0.108557
0.078916
0.118138
0.134598
0.228156
0.166116
0.208692
0.054616
-0.114980
-0.174639
-0.061624
-0.249706
-0.268076
0.093499
0.210993
-0.129280
-0.036706
0.126410
-0.157537
-0.055006
0.120601
-0.021535
-0.174455
-0.242067
-0.174115
-0.008551
0.003850
0.064573
-0.000312
0.073657
0.099633
0.211838
0.013865
-0.188305
0.053227
0.122310
0.042384
-0.167581
0.055056
0.142582
0.060191
0.025563
0.072083
0.173725
0.171451
0.233168
0.127664
-0.108904
-0.112967
0.112009
-0.038397
-0.035334
0.028649
-0.225249
-0.296975
-0.196191
-0.024245
-0.128334
-0.096297
-0.156447
-0.201782
-0.033165
0.100813
-0.074592
0.002315
0.227122
0.154839
0.098512
0.224544
-0.132255
-0.046667
0.076070
-0.022797
0.025529
-0.024456
0.004355
0.166554
0.117536
0.014953
-0.042272
0.089816
-0.209351
0.134422
-0.071344
-0.055486
-0.104786
-0.023569
0.145553
-0.039648
0.132938
0.116118
0.027662
-0.113018
-0.031893
-0.012155
-0.104734
-0.224418
0.001629
0.236633
0.088361
-0.098671
0.127128
0.094521
0.060580
-0.386159
-0.283772
-0.075470
-0.018038
0.112416
0.233982
0.045684
0.168370
0.040111
0.015466
-0.252512
-0.216993
-0.235921
-0.022853
0.111745
0.053559
0.080973
0.213616
0.173255
0.246310
-0.113963
-0.095241
0.063650
0.044171
-0.114903
-0.317222
-0.009578
0.129111
0.187892
0.117589
0.014098
-0.244818
-0.041848
0.119978
-0.091820
-0.076122
0.209214
0.201425
0.170908
0.216726
-0.152150
-0.272165
-0.100271
-0.126613
-0.095822
-0.120995
-0.277808
-0.054528
0.069175
-0.099584
0.112138
-0.015016
-0.042798
0.051172
-0.067732
0.108714
0.052966
0.063304
0.101207
0.166610
0.223438
0.385884
0.115333
-0.181820
0.015332
-0.058305
0.041269
-0.119493
-0.317082
-0.082922
-0.033388
-0.060699
0.062228
-0.052923
-0.214195
-0.153882
-0.071350
0.021425
0.105309
0.143820
0.196347
-0.009747
-0.144045
-0.111664
0.060669
0.035841
-0.050727
-0.054633
0.138553
0.365533
0.454738
0.035118
-0.217794
0.053517
0.023044
-0.296859
-0.207927
-0.170078
-0.066017
0.012604
-0.026807
0.176790
0.143373
-0.085351
0.037897
-0.008059
-0.088969
-0.048780
-0.103382
-0.058397
-0.055344
0.190715
0.104394
-0.101445
0.156700
-0.061883
-0.037563
0.069034
-0.049226
-0.105796
-0.111802
-0.052514
-0.266936
-0.101506
0.103297
0.297552
0.245618
0.177899
0.258185
0.134021
0.119837
-0.122455
-0.304648
-0.112214
-0.142555
-0.068347
0.018981
0.008723
0.042877
0.226548
-0.088532
0.007607
0.117161
-0.183427
-0.045959
0.133840
-0.061779
-0.189870
0.324616
0.169933
-0.015838
-0.388793
-0.122901
-0.124800
-0.177044
-0.184942
0.009371
0.072504
0.070361
0.065723
0.079623
0.058813
0.311133
-0.085602
-0.155677
-0.170356
0.035117
0.128610
0.126716
0.118659
0.118641
0.062635
-0.012606
0.005499
0.147795
0.036128
0.044700
-0.075023
-0.123615
-0.044708
0.074803
0.190397
-0.182386
-0.071420
0.042309
0.091661
-0.020484
-0.185180
-0.333229
-0.346189
-0.077784
0.066420
0.099362
0.055539
-0.206437
-0.117877
0.209909
0.263582
0.229674
0.114308
0.113937
0.031454
-0.026989
-0.226544
-0.027238
0.091301
0.006108
-0.339244
-0.111763
0.323679
0.284255
-0.102604
-0.021685
0.094186
0.051949
-0.099323
-0.163247
0.147925
0.291755
-0.042648
-0.296701
-0.123944
-0.070755
0.053273
0.186471
-0.025018
-0.175139
-0.090313
0.038806
-0.106654
-0.152533
-0.155353
0.082081
0.193848
0.038978
-0.013341
0.010744
0.090254
0.136999
0.084219
0.193865
0.026622
-0.075526
-0.070502
-0.043062
-0.153157
-0.030615
0.117177
0.088989
0.147763
0.025616
-0.277619
-0.208626
-0.015150
-0.034894
0.061101
0.225101
0.077571
0.162469
-0.071216
-0.007796
-0.049161
-0.069912
-0.146924
-0.211393
-0.001910
-0.070344
0.077071
0.154598
0.006507
-0.104471
-0.066971
0.075752
0.262825
0.070690
-0.035867
0.125692
0.083722
0.104348
-0.319651
-0.279704
0.102543
0.047440
-0.033233
-0.091191
-0.020220
-0.130086
-0.203061
-0.050823
0.288380
0.282163
0.109829
0.011491
-0.209069
-0.013549
0.011162
-0.077623
0.110633
-0.036746
-0.062061
0.161564
-0.052767
-0.161771
-0.090608
0.171501
0.197828
0.291806
0.228032
0.048869
-0.046431
0.046273
0.066018
0.049856
-0.339208
-0.355229
0.005652
-0.172806
-0.252964
0.008945
0.079719
-0.069160
-0.147125
-0.194682
-0.135404
-0.061233
0.232218
0.270367
0.002275
0.013092
-0.045984
0.089680
0.104928
-0.079825
0.088275
0.261735
0.299033
0.156971
-0.043316
-0.051974
0.016753
-0.095225
-0.010937
-0.036995
0.028907
-0.265984
-0.190750
0.050180
0.267432
0.023302
0.003210
0.186526
-0.087880
0.027468
-0.263637
-0.542972
-0.100262
-0.021898
0.100743
0.254243
0.291337
-0.045758
-0.372668
-0.055468
0.027113
0.247123
0.086369
0.025296
0.041172
0.113676
0.033444
-0.021875
0.097428
-0.198462
-0.204762
-0.079641
-0.041903
0.161071
0.102978
0.254905
-0.025092
-0.081842
-0.095881
-0.107419
-0.062782
-0.143228
-0.105657
0.075068
0.102089
0.115836
0.124471
0.013245
-0.003908
0.092759
0.062255
-0.101769
-0.113980
0.041478
0.062578
0.173800
0.172481
0.046145
0.128022
-0.055573
-0.203874
0.027207
-0.056398
-0.352270
-0.416005
-0.227396
-0.030318
0.030181
0.131160
-0.021569
0.027573
0.045713
0.198219
0.032188
-0.026536
0.041855
0.206544
0.179127
0.114649
0.004930
0.164330
0.017691
-0.120864
-0.063250
0.099221
-0.113153
-0.179171
-0.005145
0.095312
-0.017275
-0.044920
-0.002545
0.021995
-0.082940
-0.126776
-0.139586
0.012136
0.188931
0.078852
-0.122904
-0.154038
-0.033440
-0.081146
-0.034772
-0.116231
0.075944
0.027793
0.158729
0.014070
0.122025
0.115669
0.186469
0.289466
-0.006555
-0.037674
0.033683
-0.223011
-0.070802
-0.034473
-0.039851
0.100914
0.007094
0.188157
-0.014463
-0.315465
-0.108491
-0.004955
-0.104313
-0.128327
-0.005353
-0.050648
0.010909
0.007094
-0.067414
-0.171681
-0.146190
0.062249
0.105989
0.122821
0.140517
0.141511
0.269956
0.144465
0.000481
-0.054424
0.077661
0.069748
-0.328243
-0.120976
0.163540
0.259155
0.116264
-0.203896
0.071145
-0.144279
-0.055959
-0.126476
-0.130374
0.209369
0.048844
-0.040651
-0.122361
0.131519
0.005014
-0.405186
-0.227503
-0.022465
0.065095
0.293898
0.167564
0.196859
-0.113601
0.344609
-0.016242
-0.108563
-0.189685
-0.388029
-0.203913
0.036572
0.066567
0.256793
0.048911
-0.059220
-0.268215
-0.222858
-0.129468
-0.029181
0.309979
0.452018
0.178452
0.057180
0.107715
-0.036832
0.050357
0.109941
0.194536
0.083403
0.111011
0.063462
-0.274847
-0.389704
-0.164610
-0.047039
0.093802
-0.010127
-0.121778
-0.127360
-0.155724
-0.080561
-0.079975
-0.066847
0.009030
0.090554
0.044501
0.078982
0.221448
-0.005920
0.048489
-0.103779
0.027990
0.022916
-0.007822
0.016952
-0.071741
0.099595
0.044205
0.029201
-0.009698
-0.046078
0.127402
0.044903
0.192062
0.063095
0.014476
-0.161753
-0.039395
-0.102763
-0.105871
-0.080228
-0.073286
0.000825
-0.067713
-0.088818
0.104483
0.154169
0.157466
0.169452
0.018029
-0.164889
-0.290886
-0.027615
0.134228
-0.010518
0.124229
-0.064446
0.000000
0.000000
-0.205512
-0.030993
0.101025
0.281818
0.011402
-0.155208
-0.101813
0.076640
0.075526
-0.043036
-0.057887
0.048061
-0.043007
0.100802
0.056879
-0.010292
0.149852
0.096358
0.060870
-0.074570
-0.216203
-0.219738
-0.216955
0.284872
0.047668
-0.090697
-0.056677
0.180402
0.053548
-0.228913
0.073303
0.124835
-0.133056
-0.115410
0.218422
0.247396
0.041851
-0.244790
-0.330038
-0.040518
-0.198657
0.071750
0.102450
-0.076672
-0.060182
0.069136
0.193085
-0.032436
0.132768
0.300494
0.129802
-0.117430
-0.140922
0.093576
-0.052516
0.034882
-0.035350
0.060553
0.075328
-0.323243
-0.119208
0.186983
0.184190
0.006065
0.009206
0.050491
0.040951
0.100232
0.093402
-0.180109
-0.168106
0.080054
-0.010001
-0.127999
-0.350812
-0.340757
0.057426
0.241906
0.331686
0.100068
0.029063
0.027212
-0.157189
-0.233867
-0.235214
-0.115406
-0.118521
-0.016106
0.179836
0.306904
0.036513
0.149568
0.213050
0.049270
-0.031009
-0.015885
-0.234244
-0.097338
-0.014149
0.029190
0.071513
0.128191
0.004049
0.049289
-0.039834
-0.004442
0.192301
0.069483
0.025008
0.119487
-0.156502
0.068045
-0.111023
-0.073895
0.027766
-0.385650
-0.155942
0.194042
0.205728
0.063502
-0.008353
0.040279
0.100140
-0.040069
-0.225470
0.013747
-0.145390
0.107769
0.039684
-0.239790
-0.076539
-0.184761
-0.148460
-0.162794
0.022328
0.030228
-0.059468
0.104565
-0.028884
0.073914
0.105300
0.248215
0.154599
0.065110
0.346400
0.272592
0.242052
-0.035350
-0.180412
-0.238674
0.105250
0.077876
0.113823
0.065001
-0.154182
-0.153513
0.108873
-0.224999
-0.081035
0.048779
-0.117297
-0.204500
-0.103367
0.044511
0.056377
0.016376
-0.313197
-0.226541
-0.183378
-0.090370
-0.092130
0.343323
0.279600
0.130020
0.154716
0.146600
0.311391
0.193068
-0.236271
-0.133207
-0.124436
-0.461277
-0.194634
-0.062145
0.118814
0.153615
0.144953
0.073138
0.172382
0.281504
-0.001468
-0.077220
-0.128831
-0.040919
-0.228175
-0.010127
0.161925
0.407114
-0.065324
-0.150518
-0.112299
-0.000691
0.036711
-0.086379
0.173274
0.190355
-0.007303
-0.086230
-0.110155
-0.142778
-0.157027
0.057801
0.158155
-0.056316
-0.156143
-0.108495
0.307086
-0.149773
-0.105347
0.018001
-0.236840
0.059135
0.135218
0.170302
-0.173612
-0.114192
-0.264222
-0.021912
-0.045324
0.162719
0.158175
0.004927
-0.223314
0.066972
0.205220
0.166467
0.332165
0.318628
0.237073
-0.120271
0.025823
-0.016709
-0.165223
-0.010559
-0.272148
0.119128
0.000982
0.061086
-0.275862
-0.163470
0.041816
-0.308933
-0.225777
-0.250157
-0.110275
0.133650
0.312884
0.364945
0.170141
0.034129
-0.163796
-0.138661
0.113063
0.179292
0.069452
0.001148
0.046874
0.197428
-0.268732
-0.244803
-0.095710
0.112045
0.049839
-0.146782
-0.026375
0.137740
-0.006592
-0.023619
0.103527
0.107436
0.064478
-0.034971
-0.132750
-0.229075
-0.177833
0.030611
0.092693
-0.125721
-0.092469
0.154245
0.023582
-0.052779
0.052577
0.248146
0.179867
-0.336734
-0.017922
0.070421
-0.043534
0.065915
0.219783
0.269424
0.222971
0.357295
0.284265
-0.061347
-0.259326
-0.309759
-0.079753
-0.236665
-0.273177
-0.326532
-0.052167
0.016222
0.016859
-0.135077
-0.067659
0.030012
-0.025264
-0.051304
0.263607
-0.058136
-0.016719
0.113227
-0.174533
0.032250
0.126684
-0.194238
-0.214463
-0.037812
0.284639
0.521664
0.434392
0.060124
-0.117842
0.035601
-0.074406
0.069927
0.115389
0.085564
-0.098421
-0.232810
-0.092706
0.108239
-0.138392
-0.327819
-0.109318
-0.190613
-0.039296
0.018002
0.362572
0.122346
-0.058154
0.028892
-0.016227
-0.119043
-0.062336
0.158178
0.006646
0.020703
0.160590
0.063130
-0.232293
-0.062068
-0.029096
-0.085477
0.056359
-0.134263
-0.197864
-0.171553
0.169717
0.065393
0.017097
0.391757
0.366450
-0.069456
-0.144202
-0.064688
-0.023330
0.066022
-0.026620
-0.065092
-0.086967
