-0.073379
0.046219
-0.113396
-0.000619
0.147434
-0.091757
0.144705
0.235321
0.065212
0.071425
-0.208662
0.301782
0.524943
-0.184587
-0.561138
0.184187
-0.488458
-0.245552
-0.352861
0.214749
0.380240
-0.422459
-0.161064
-0.171820
-0.160196
-0.069640
0.252325
0.018932
-0.057375
-0.057002
-0.227137
0.218410
0.963879
0.413224
0.212224
0.142980
0.354084
-0.267081
-0.251711
-0.258610
-0.040836
-0.132005
0.181223
0.141829
-0.285445
-0.286716
-0.308335
0.052357
-0.171370
-0.326606
0.670027
0.398573
-0.167576
0.224774
-0.165215
0.297654
-0.579817
-0.474536
-0.039799
0.314160
0.371075
-0.081276
-0.174399
-0.325603
0.563879
0.203761
-0.587620
-0.351302
0.451892
-0.119977
0.499460
0.237063
-0.041524
-0.229575
-0.579755
-0.512013
-0.043219
-0.320717
0.378860
-0.036743
0.225665
0.341710
0.553880
0.085445
0.353201
0.395308
-0.270458
0.037401
0.188909
0.025205
-0.133223
0.177301
-0.558475
0.120061
-0.055576
-0.449499
-0.112494
0.215719
-0.103879
0.132329
-0.133754
-0.489019
-0.537519
-0.201803
0.308571
0.531155
-0.002229
-0.094909
0.094190
-0.237644
-0.414792
-0.001627
0.283743
0.229127
0.049321
-0.094350
0.735428
-0.000026
-0.036315
0.667423
-0.194858
-0.163747
-0.537889
0.405726
0.170473
-0.480209
0.018212
0.246024
0.023764
-0.279911
-0.120383
0.528138
-0.236210
-0.378972
-0.059416
-0.081749
0.173502
-0.117605
-0.307011
0.310291
0.368424
-0.094980
-0.058932
0.046413
0.154668
0.169281
-0.392687
-0.381166
0.779910
0.169392
-0.322279
-0.543793
0.043196
-0.289257
0.189296
0.095577
0.283170
-0.163067
-0.391845
0.281237
-0.316140
0.288905
0.110635
-0.337990
0.301247
0.464451
-0.279280
0.192053
0.255741
-0.252118
-0.303377
-0.208449
0.322622
0.237972
0.346547
-0.257751
0.363872
-0.170260
-0.418597
0.124669
0.263846
-0.117081
-0.160571
-0.066619
-0.576379
0.241683
0.345305
-0.031270
-0.205738
0.110064
0.468365
-0.000150
-0.381814
-0.683042
-0.555966
-0.107246
0.477313
0.243183
-0.303086
-0.146731
0.380057
0.377147
0.732369
0.221377
0.452308
-0.184426
-0.396984
-0.288186
-0.268339
-0.228373
0.012015
0.392697
0.009492
0.036332
-0.525613
-0.159724
0.521958
0.026775
-0.065295
0.447643
-0.540965
0.059727
-0.438487
0.257654
0.082670
-0.406643
0.123209
-0.054758
0.447082
0.044085
0.042385
-0.064543
-0.091899
-0.503741
0.498873
-0.058312
0.264301
0.026855
-0.269616
-0.093423
0.403777
-0.125533
0.117582
-0.373878
-0.039396
0.214110
-0.005001
-0.027262
0.384307
0.235478
0.124116
-0.666893
-0.190046
0.286062
-0.356635
-0.219707
-0.090613
-0.184635
0.143541
0.040900
0.113594
0.525293
0.031198
0.054834
-0.021626
-0.125911
0.274368
-0.399237
0.177189
-0.263448
0.203603
-0.058843
-0.230920
-0.241454
0.263505
-0.423750
0.268776
0.615159
-0.064973
0.340656
-0.115019
0.003871
-0.339741
-0.510071
-0.065686
0.579662
-0.001305
-0.072081
-0.341649
0.399085
-0.406009
0.118233
0.943953
-0.048474
0.080435
-0.548354
-0.160570
0.320173
0.210683
-1.023511
0.041712
-0.054899
0.092144
-0.179069
-0.389563
0.209935
-0.040528
0.458476
0.373101
0.327230
0.012709
0.234925
-0.220536
-0.121534
-0.522043
0.113482
0.325529
-0.272392
-0.119767
-0.755459
-0.142263
0.598654
-0.095167
0.462934
0.415950
0.259187
-0.360459
0.335099
0.193083
0.277663
-0.914477
-0.390950
-0.132029
0.369786
0.374275
-0.030975
0.320449
-0.014470
-0.526051
-0.330943
0.076837
-0.019634
0.033441
-0.134861
-0.097114
0.089660
-0.043656
0.457667
-0.087431
-0.261347
0.263394
-0.135261
-0.306030
0.206901
0.446251
-0.281585
-0.019531
0.138307
-0.047092
-0.138104
-0.411977
-0.074779
-0.051791
0.125051
0.103530
0.698102
0.018031
-0.071194
0.263003
0.310701
-0.234963
-0.337228
-0.516729
0.272222
0.153721
0.146510
-0.429020
-0.215673
-0.456903
-0.358316
0.338407
0.166639
0.364295
0.261684
-0.016326
0.164779
-0.140826
0.414088
0.176794
0.129520
0.185627
-0.167377
0.147664
-0.104287
-0.231529
-0.016859
-0.075206
-0.536932
-0.012392
0.222812
-0.225614
0.046020
-0.021881
-0.087821
-0.196879
-0.305834
0.539275
-0.172800
0.037109
-0.159390
0.210266
-0.027895
0.081317
0.237814
-0.038409
0.168804
0.091723
-0.275101
0.301514
-0.182138
0.182784
-0.019015
-0.344491
-0.058538
0.047372
-0.219595
0.041132
-0.228060
-0.204091
0.315034
-0.118572
0.254584
-0.025776
0.231195
-0.078845
0.146938
0.155050
-0.067976
0.137726
-0.176730
-0.186673
0.302829
-0.234939
0.072504
0.173953
0.027231
0.147673
-0.141199
-0.107565
0.286154
0.407339
-0.319599
0.076541
0.228827
0.100247
-0.271712
-0.311298
-0.209107
-0.160955
-0.398033
-0.022350
-0.264996
0.023816
-0.513081
-0.263102
0.051530
0.228724
0.664719
-0.263844
0.188673
0.284746
0.127719
0.293639
0.436757
0.158164
-0.297171
0.026098
0.062366
-0.010834
-0.175914
0.309874
-0.174600
0.043277
-0.465096
-0.420430
0.106164
-0.033345
0.174892
0.397174
-0.059798
0.182536
0.013400
-0.157306
-0.080514
-0.108922
-0.338080
0.061115
0.078521
0.083990
0.184156
0.087004
-0.104677
-0.002221
0.281955
0.017397
-0.164002
0.393059
-0.696362
-0.500386
0.105856
0.340111
0.054302
-0.095744
0.372296
0.149754
-0.506775
-0.187350
-0.264853
-0.017742
0.249041
-0.006632
0.034800
-0.399359
0.179666
0.105263
-0.193700
0.139552
0.226487
0.111558
0.050118
0.617221
-0.025419
0.110702
0.207834
-0.204878
0.124167
0.095219
0.113268
-0.501886
0.511734
-0.243530
-0.498768
-0.026830
0.112989
0.075944
-0.182412
-0.014922
-0.115131
-0.460593
-0.086213
-0.032793
0.459909
-0.084731
-0.016717
-0.072679
-0.059503
0.142578
-0.317290
0.182328
-0.242813
-0.124337
0.153710
0.145315
0.104767
0.044955
-0.219038
-0.035073
0.178370
0.395888
0.322743
-0.008500
0.088644
0.122816
-0.421496
0.196918
-0.142263
-0.143200
-0.112112
-0.256397
0.619308
0.171256
-0.093113
-0.047639
-0.052502
-0.579049
-0.365087
0.062457
0.466330
0.653758
-0.064530
-0.137359
0.072561
-0.012409
-0.269265
-0.034795
0.216680
0.007698
-0.481077
-0.144222
-0.033287
0.199566
-0.069747
-0.345916
-0.117001
0.276599
-0.110412
0.391836
-0.183630
0.087809
-0.292710
-0.019206
-0.368047
0.399824
0.445582
0.101507
0.024918
0.277527
0.414623
-0.445501
0.112333
0.266072
-0.499395
0.066237
-0.090491
-0.245686
-0.166764
0.188118
-0.113863
-0.063328
0.154538
-0.063542
-0.022857
-0.016051
0.110996
0.198769
-0.384278
0.022031
-0.111124
0.319032
-0.423337
0.031053
0.195587
0.449707
-0.123110
0.729582
0.165579
-0.418523
0.220199
0.022101
0.178051
-0.093423
-0.402628
-0.564448
-0.739173
-0.101551
0.033675
-0.349005
0.162160
-0.042639
0.441237
0.185682
-0.490348
0.091231
0.173671
0.453843
-0.033103
0.126035
0.331562
0.471800
-0.068377
-0.254451
-0.338305
-0.155240
0.375895
0.149739
0.137132
0.037033
-0.229328
-0.110572
-0.050175
-0.069561
-0.000300
0.101906
-0.235672
0.242815
-0.094401
0.006270
0.288665
-0.185910
-0.481088
-0.072790
0.077319
0.234810
0.177146
0.272009
0.245831
-0.476181
0.007732
-0.185990
-0.300057
-0.196673
-0.107783
0.201654
0.192052
-0.253471
-0.283374
0.335865
0.159097
-0.077621
-0.257003
-0.641827
-0.010340
0.411183
0.423842
0.479601
0.144674
0.290069
-0.069766
0.029300
-0.191779
-0.147684
0.390424
-0.255626
0.413398
0.049477
-0.090390
0.132933
-0.341040
0.008750
-0.285720
-0.319846
0.000806
-0.369443
0.199715
0.374276
0.008189
0.064002
-0.429081
0.314133
-0.099708
-0.291187
0.015255
-0.232204
0.667144
-0.079681
-0.069929
-0.030631
-0.046483
0.069857
0.264492
-0.070077
-0.465106
0.190541
0.129779
0.008529
0.000000
0.000000
-0.348147
-0.017458
-0.186413
0.084915
0.053414
-0.135291
0.190416
0.311937
-0.251531
0.126028
0.353810
0.816990
0.180845
0.012428
0.249471
-0.455434
-0.419443
-0.356014
-0.382228
-0.268165
0.283628
-0.251371
-0.186007
-0.221877
0.719271
0.101067
-0.102087
-0.223584
0.025326
0.321788
0.138145
-0.000411
-0.188936
-0.333079
0.474216
-0.004789
0.097991
0.170354
-0.176748
-0.121682
-0.459546
0.120785
-0.074719
-0.076558
-0.076654
0.272091
0.543636
0.145845
-0.088662
-0.004863
-0.007853
-0.480495
-0.496970
-0.294753
-0.086341
0.399021
0.311452
0.238675
0.578739
0.267197
-0.335620
0.303186
-0.258702
-0.067716
-0.641871
0.055806
0.441864
0.081305
-0.117347
0.075376
-0.039221
-0.033872
-0.323812
0.060955
-0.243780
-0.215477
-0.027705
0.062298
-0.167749
0.198074
-0.290079
0.296343
-0.060882
0.322948
0.116605
0.124760
-0.077888
0.272935
-0.109372
-0.369566
0.331688
-0.251280
0.073521
0.247415
0.420179
0.101770
-0.065650
-0.118911
0.290007
-0.330357
-0.530497
-0.293540
-0.165638
-0.111224
-0.182112
-0.073125
0.053727
0.195372
-0.070368
0.084717
-0.112110
0.043221
0.029077
0.314043
0.295016
0.192306
0.261665
0.120697
0.065221
0.347545
0.108882
-0.434245
0.090424
-0.154135
-0.111505
0.120283
0.024125
0.286810
-0.464160
-0.371841
-0.410175
-0.144528
-0.103986
0.182988
-0.030631
-0.462680
-0.297681
-0.253598
-0.027358
0.504018
0.177627
0.820947
0.271676
-0.295571
0.112897
-0.089791
0.221776
0.168471
-0.080694
-0.059377
0.076379
-0.121345
-0.298818
-0.405399
0.234566
0.434340
0.010425
-0.007371
-0.132465
-0.195131
-0.172883
0.185266
0.514288
-0.171242
0.472931
0.234630
-0.068578
-0.351492
-0.400376
0.163345
-0.225189
0.029310
0.194776
-0.317619
-0.316619
-0.014068
0.136059
0.568175
-0.320754
-0.447025
-0.014137
-0.172458
-0.460303
0.269920
0.248956
-0.205214
0.185362
-0.369737
-0.038727
0.288183
0.862752
0.209059
-0.165218
0.067048
-0.065091
-0.190360
-0.284201
0.216455
0.092792
0.457813
0.173198
-0.447875
0.259734
0.473135
0.160459
-0.145508
0.274902
-0.116357
-0.047313
-0.714922
-0.591488
0.393090
-0.587076
-0.254906
0.004170
-0.632353
0.002151
0.579217
-0.101814
0.170302
0.008981
-0.137683
0.403617
0.163127
0.127108
0.532075
0.173685
-0.025703
0.173090
-0.181053
-0.099864
0.022947
0.042761
-0.346747
-0.705445
-0.638514
0.105001
-0.065930
-0.285546
-0.037825
0.364505
0.904864
0.500491
0.108424
-0.073705
-0.000008
0.086961
0.446582
-0.027277
0.267508
0.300691
-0.312174
-0.229802
-0.220604
-0.118448
-0.755774
-0.452675
-0.326895
-0.230069
0.213302
0.167271
0.664025
0.155560
-0.094621
0.337570
0.224124
-0.188826
0.009273
0.061555
-0.055974
-0.161554
-0.448410
-0.016669
0.106552
-0.250974
-0.570480
-0.088842
-0.046001
0.441042
0.128928
-0.172842
-0.407698
0.248236
-0.141720
0.726619
0.906739
0.025499
0.081641
0.328860
0.313141
-0.098047
0.701586
0.137881
-0.847468
0.035039
-0.132887
-0.826811
-0.213094
-0.106164
-0.007161
0.119669
-0.210668
0.045261
-0.412947
-0.356640
0.070184
-0.323725
-0.260182
0.282516
0.069039
-0.174516
0.250194
0.257397
-0.531366
0.119589
0.601131
0.115101
-0.116818
0.347588
0.335490
0.427657
0.374616
0.467304
0.255324
-0.185100
-0.526587
-0.008338
0.001000
-0.134650
-0.142292
-0.087383
-0.019304
-0.193956
-0.049510
-0.163690
-0.434493
-0.254284
-0.850101
0.447314
-0.159114
-0.325563
0.189888
-0.018038
-0.014602
0.347598
0.320344
0.333952
0.038009
0.100140
0.152081
0.143510
-0.102222
-0.002974
0.062088
0.284881
0.163645
0.409716
0.080882
-0.014319
-0.158160
-0.230989
-0.214170
-0.522385
-0.626754
0.191849
-0.043205
0.288202
0.036389
0.024848
0.301022
0.737317
-0.981158
-0.707381
0.385419
0.275595
0.221390
-0.154212
0.084686
-0.203849
-0.031221
-0.032088
0.124907
0.118603
