-0.298755
0.053336
0.099709
-0.126207
0.066920
0.246361
0.320513
0.069019
-0.088139
-0.336430
-0.274864
0.145482
0.447831
0.253940
0.056563
-0.075439
-0.473372
-0.209156
0.166129
-0.360265
-0.478218
0.441490
0.131402
-0.018226
0.087741
0.368436
-0.036499
0.271939
-0.094480
-0.231056
0.119341
-0.064452
-0.285089
-0.042503
-0.041161
-0.272517
-0.024221
0.174774
0.111527
-0.268901
0.110906
0.221838
0.064369
0.422933
-0.271898
-0.138021
0.345358
-0.024603
-0.077276
0.259313
-0.091953
-0.266735
-0.062630
-0.176719
-0.089748
-0.359385
-0.232156
0.254709
0.326126
-0.065021
0.165625
0.654763
-0.145576
-0.232315
0.088917
0.133756
-0.000830
0.352202
0.437746
-0.225469
-0.133941
-0.199183
-0.335912
-0.099387
-0.134981
-0.212261
-0.056893
0.042177
-0.035236
-0.054201
0.406930
-0.284224
-0.207417
0.247860
-0.015292
-0.192527
-0.215176
-0.203733
-0.361568
0.164730
-0.011889
0.040380
0.181073
0.045137
0.107480
0.238210
0.530546
0.469865
0.136929
0.031639
0.515121
0.081404
-0.358577
0.263980
-0.593775
-0.445739
0.140703
-0.344493
-0.205523
0.442225
0.076470
-0.089147
-0.125195
-0.123479
0.043241
0.007270
-0.498503
0.168904
0.293454
-0.256653
-0.278653
0.170058
0.054438
-0.166050
-0.085715
0.114075
0.032215
0.129066
0.022651
-0.200834
0.090427
-0.194720
0.005453
0.134914
0.357156
0.208112
-0.194606
-0.052208
0.238849
0.391442
0.208837
-0.357020
-0.249985
0.005052
-0.233568
-0.045730
-0.039659
-0.201824
-0.276518
0.195358
0.382430
0.358931
0.100507
-0.119313
0.106713
-0.093660
-0.178368
0.478344
0.257016
0.235726
-0.124457
-0.323585
-0.144168
-0.011832
-0.124689
-0.269745
-0.323584
-0.013618
-0.427307
-0.272504
-0.199762
0.060691
0.080289
0.160025
-0.006081
0.031712
0.256310
0.219987
-0.071463
0.285609
0.309949
-0.024217
-0.139610
0.333542
0.081801
-0.382478
0.320284
-0.047346
-0.521715
-0.256978
0.331854
0.248390
0.144111
0.342348
0.116735
0.205653
-0.011470
-0.149523
-0.329528
0.161356
-0.307918
-0.387415
-0.015803
-0.048365
0.045320
-0.109135
-0.106905
0.005003
-0.082528
-0.173488
0.231127
0.022143
-0.205577
-0.033170
-0.213107
0.372465
0.370114
0.270638
0.139112
-0.043778
-0.044587
0.292419
0.121863
-0.192781
-0.101803
-0.011635
-0.381147
-0.252002
0.023583
-0.065792
-0.161098
-0.144575
-0.231202
-0.095702
-0.224379
0.140166
0.508714
0.481088
-0.449065
-0.033470
0.527733
0.099724
0.107179
0.100763
0.047852
-0.110019
0.575399
0.548188
-0.045917
0.034594
-0.241341
-0.336289
-0.067029
-0.088433
-0.413362
-0.242769
-0.035380
-0.252188
-0.247182
0.111480
-0.035816
-0.169473
-0.149961
0.130744
-0.192072
-0.287618
-0.130085
0.348465
0.520839
0.392698
0.061183
-0.076512
-0.218297
-0.002537
0.188203
0.211042
0.098511
-0.143518
0.006050
-0.169017
-0.073925
0.126266
0.053834
-0.440333
-0.229341
0.444979
0.335188
0.326190
0.174920
-0.235412
0.015471
0.187503
-0.207658
-0.109237
-0.119906
0.378591
0.144649
-0.690612
0.012794
0.386485
0.145125
-0.138716
-0.077059
-0.290504
-0.060522
0.048229
0.207472
-0.200768
-0.277002
-0.269466
-0.450599
-0.584334
-0.132893
0.109284
0.253923
-0.040742
0.111922
0.266366
0.437063
0.619114
0.205605
0.158041
-0.229317
0.320085
0.000734
-0.105352
0.167700
-0.125430
0.007919
0.177108
0.054628
-0.060744
-0.249045
0.006346
-0.089745
0.029675
-0.014086
0.130022
0.102007
-0.231638
-0.322740
-0.088139
-0.207703
-0.423598
-0.056750
-0.088345
-0.106178
0.153278
0.466190
0.040335
0.070282
-0.026694
0.126437
-0.247284
0.176209
0.277067
0.041710
0.236105
0.106051
-0.370023
-0.258516
-0.056115
-0.130084
-0.053726
-0.092551
0.197227
0.514155
0.150064
-0.396616
0.032029
0.295289
-0.022955
-0.204067
-0.120225
0.146864
0.270336
-0.085169
-0.101706
-0.666553
-0.206597
0.267626
0.415276
-0.025143
0.094576
-0.176081
-0.098921
-0.002903
-0.183044
0.258427
0.003115
-0.247884
0.428620
0.232683
-0.181370
-0.107906
0.092647
0.150273
0.362902
0.241043
-0.174392
-0.200758
-0.081787
-0.089439
-0.275342
-0.003214
-0.204064
-0.159954
0.034459
-0.265816
-0.325589
0.316421
0.072507
0.334533
-0.070981
-0.075122
0.183826
-0.033410
-0.202609
-0.179644
0.210953
-0.064750
-0.106443
0.228424
0.373312
0.154450
0.329430
0.420125
-0.053230
-0.187761
-0.106599
-0.313194
-0.331452
-0.101682
-0.354553
-0.136696
-0.080515
-0.209855
0.096698
0.083400
0.405589
0.169403
0.424571
0.165937
-0.056226
0.255922
0.410704
-0.073180
-0.179840
-0.005214
-0.092506
-0.544295
-0.282642
-0.125502
-0.225222
-0.154358
-0.155500
-0.058988
-0.179455
-0.038103
0.088580
0.080928
0.350052
0.477449
0.050472
0.437564
0.175375
0.034304
-0.165501
0.259861
-0.301438
-0.272490
-0.350053
-0.262008
0.187633
-0.136802
0.028057
0.137638
-0.124876
-0.135943
0.022830
0.015395
-0.076511
0.439100
0.193620
0.060233
0.007185
-0.251151
0.109862
0.289257
0.116757
-0.252711
0.237058
0.237992
0.084358
0.092065
-0.024805
0.063735
-0.103041
-0.198140
-0.102760
-0.356974
-0.504895
0.036560
-0.374796
-0.511491
-0.076468
-0.040062
0.526931
0.414111
0.172943
0.054042
0.031155
-0.204771
-0.229564
-0.341062
0.647917
0.160527
-0.323524
-0.022646
0.193148
0.060666
-0.222859
0.040134
0.594587
0.398925
0.242040
0.066761
0.075176
0.093564
-0.028753
-0.154739
-0.274797
-0.129094
0.004408
0.017559
0.047884
-0.119407
-0.559032
-0.405658
-0.310229
-0.047011
-0.130889
0.320746
0.318894
-0.061315
-0.079603
0.161685
-0.055481
0.049202
0.208094
0.166571
0.047018
-0.334074
-0.086380
0.467223
0.324955
-0.073625
0.192073
-0.233803
-0.523093
0.300176
0.102840
-0.024993
0.002936
-0.429736
-0.169557
-0.063111
0.317815
-0.086633
-0.169246
-0.047989
-0.069900
-0.238974
0.054924
0.117532
0.196771
0.244673
0.252658
-0.004249
0.393236
0.094229
0.160048
0.074739
0.354662
-0.179387
-0.076203
0.141802
-0.142923
-0.021913
-0.301556
-0.358829
-0.048949
-0.183954
-0.153427
-0.086676
-0.546256
-0.134555
0.299172
-0.234025
-0.158220
0.211691
-0.076324
-0.080937
0.134364
-0.028801
0.298146
-0.064783
-0.216732
0.186479
0.182147
0.393482
0.036222
-0.126079
0.053815
0.813803
0.388888
-0.342425
-0.084400
0.061895
0.220111
0.011842
-0.008836
0.075862
-0.194868
-0.275059
-0.268426
-0.355453
0.147710
0.173717
-0.073527
-0.348760
-0.063273
-0.115951
-0.303521
0.164429
0.095980
-0.198742
0.206557
0.063730
-0.142509
0.015144
0.089848
0.476639
-0.151906
-0.438316
-0.056073
-0.024041
0.192484
-0.003410
-0.119905
-0.027451
-0.052581
0.487790
0.394993
-0.096240
0.229754
-0.242898
-0.082094
0.291705
0.040730
0.118415
-0.028792
-0.107636
-0.285108
-0.047981
0.263102
0.224915
-0.245276
-0.005803
0.108008
-0.019909
-0.316049
-0.201943
-0.195314
-0.333161
-0.073105
-0.025021
0.070645
0.154927
0.159475
-0.015098
0.133880
-0.247392
-0.222039
-0.183266
-0.021894
0.312532
0.795218
0.557256
0.049767
-0.182152
0.212823
-0.182651
-0.321084
0.035795
-0.217961
0.095977
0.081730
-0.027280
-0.331175
-0.259055
0.027508
-0.017059
0.019453
0.384774
-0.067206
-0.382006
0.052015
-0.349706
-0.110165
-0.264755
0.052201
0.476903
0.246648
0.049855
0.060734
0.122762
0.130842
0.052661
-0.080036
0.046997
-0.198000
-0.295151
-0.218417
0.296429
0.309427
0.421708
0.410700
0.020981
0.018924
0.259447
-0.123265
0.110776
-0.101129
-0.440691
-0.440744
-0.678043
-0.673216
-0.278089
0.221465
-0.154378
-0.141958
-0.022495
0.053037
0.586983
0.453281
0.567967
0.594127
0.125596
-0.181816
-0.348481
0.131953
0.193522
-0.519266
-0.177366
0.000000
0.000000
-0.418531
-0.113538
-0.073829
0.076586
0.191646
0.055509
-0.044130
-0.403398
0.239102
0.242538
-0.018431
-0.135469
0.434499
-0.010780
0.108162
0.538800
-0.189862
0.242757
0.190039
0.379373
-0.080490
-0.182203
-0.296804
0.297440
-0.121375
-0.172824
0.038172
-0.235335
-0.185169
-0.205205
-0.237367
0.043617
-0.160475
-0.195140
0.054651
0.236217
-0.290910
-0.251271
0.077955
-0.523944
-0.134791
0.009075
0.100940
0.062825
-0.010352
0.306205
0.070691
0.142737
0.277361
0.190055
-0.227101
0.118289
0.413053
0.222213
-0.225536
-0.071376
-0.003376
-0.176785
0.193034
0.042238
-0.336734
0.462954
0.264250
0.101624
0.324663
0.082888
0.149032
0.383649
-0.006964
0.000334
-0.258210
-0.542409
-0.333615
-0.489491
-0.431331
-0.125106
0.085909
-0.004115
-0.039504
0.195827
0.222339
-0.240300
-0.021826
-0.248099
-0.254066
0.043807
-0.077797
-0.337190
0.506912
0.373138
-0.358599
-0.141050
0.093837
-0.014375
0.238699
0.120942
-0.214167
-0.076671
0.370727
0.653585
0.135735
-0.042287
0.109126
-0.246473
-0.026998
-0.054041
-0.079144
0.153035
0.304931
0.623851
-0.052324
-0.325932
-0.176074
-0.040216
-0.054575
-0.177754
0.201982
0.119073
0.070269
0.085509
-0.374639
0.136448
0.369485
-0.155609
-0.225412
-0.330620
-0.017927
-0.128872
-0.244761
-0.382361
-0.665582
-0.300847
-0.152801
0.092529
-0.099959
-0.232309
0.043214
0.132404
0.329661
0.508755
0.134472
0.334557
0.034354
0.257175
0.068881
0.062254
0.208211
0.004162
-0.186916
-0.079544
0.325364
0.027953
0.291923
0.392128
0.335593
-0.046432
0.187728
0.142219
-0.181108
0.298631
0.045403
-0.125147
-0.132442
-0.795055
-0.181970
-0.059777
-0.483116
-0.494103
-0.487982
-0.179371
-0.141083
-0.006162
0.210653
0.041104
-0.002624
0.040116
0.135226
-0.099870
0.169536
-0.068813
-0.100980
-0.051555
0.196277
0.252826
0.339111
-0.202142
0.262031
0.450471
0.068408
0.081136
0.025883
0.019707
0.125186
-0.194093
-0.304232
0.185466
0.023421
0.125288
0.199572
-0.176243
0.032983
0.020182
-0.355832
-0.306890
0.301198
0.276218
-0.190993
0.043073
0.350038
-0.281411
0.092263
0.180256
-0.215141
-0.053974
0.018753
0.012619
-0.169692
-0.402107
0.052111
-0.069534
-0.209444
-0.216553
0.184621
0.098122
-0.202193
-0.376310
-0.255120
-0.366529
0.218327
0.700170
0.512468
-0.228742
-0.021084
0.139450
-0.463623
0.081622
0.284402
0.369847
0.358834
-0.071268
0.180919
0.210179
-0.313403
-0.187523
0.297512
0.246134
0.018609
0.148862
0.228923
0.320869
-0.309239
-0.170077
-0.584113
-0.728154
-0.479356
-0.015229
-0.318398
0.399033
0.318955
0.179760
-0.360894
0.237403
0.186613
0.185750
0.148583
-0.155532
0.209471
0.003577
-0.166171
-0.170367
-0.063301
-0.012993
0.196074
0.076504
-0.232668
0.104721
-0.162843
-0.273944
-0.057188
0.052145
0.353468
0.218944
-0.002971
0.394965
0.093790
-0.146422
-0.421911
0.047940
-0.341926
0.148406
0.340572
-0.077935
-0.188736
-0.158346
0.007254
-0.426608
0.037401
-0.231254
-0.307668
0.377501
0.238078
0.681724
-0.039874
-0.036222
0.623385
0.282781
-0.138937
0.111403
-0.086035
0.047445
-0.010341
-0.451418
0.027862
0.191368
-0.227488
-0.204533
-0.357318
-0.009827
0.310751
-0.227536
-0.048438
-0.344137
-0.295417
-0.092603
0.027085
0.311085
-0.114004
0.018492
-0.181193
-0.029569
-0.172300
0.302862
0.359318
0.310502
-0.006086
0.084986
0.026591
0.105849
0.107327
0.052686
-0.242674
-0.052676
-0.084265
-0.242305
0.133452
0.202405
0.062864
0.028917
-0.226640
0.092092
-0.093888
0.267048
0.266887
0.065203
-0.173968
-0.130246
-0.018914
0.351634
-0.332392
0.052243
-0.105601
-0.126804
0.209828
-0.031543
-0.291962
-0.180118
0.266430
-0.471002
0.364991
0.177766
-0.145758
-0.084537
-0.045657
0.024658
0.069075
-0.188117
-0.318737
-0.059866
0.099941
0.300776
0.300587
0.116111
-0.201543
