-0.188234
-0.226505
-0.222132
0.119268
0.120547
0.108251
0.088292
0.205290
0.265208
0.340100
0.144688
-0.396592
-0.067527
0.061067
0.197287
0.025304
-0.168817
-0.245272
-0.101757
-0.052491
0.051214
-0.187755
-0.286491
-0.113458
0.200720
0.309121
0.063676
-0.187208
-0.227667
0.151149
0.370094
0.284575
0.040607
-0.264520
-0.182908
-0.155681
-0.046641
0.100575
0.034714
-0.101145
-0.283084
-0.198660
-0.093713
0.198852
0.229743
0.266522
0.145531
0.258461
0.250832
0.030148
-0.151999
-0.201677
-0.132758
-0.165189
-0.241280
-0.187259
-0.111807
0.068744
0.189758
0.394795
0.160980
0.082631
0.275321
0.044315
-0.063085
-0.189103
-0.246841
-0.190227
-0.166246
0.000264
-0.027998
0.021632
-0.087021
-0.143180
-0.165374
0.047782
0.250882
0.133438
0.085311
0.293331
0.013852
-0.155583
-0.139714
-0.168609
0.148501
0.099568
0.128452
-0.234364
0.004893
-0.056081
-0.022963
0.157252
-0.007889
0.237628
0.331962
-0.051932
-0.506182
-0.379128
-0.059215
0.076397
0.259140
0.437176
0.085330
-0.113560
-0.167854
-0.030397
0.001652
-0.099579
-0.384576
-0.148525
-0.097965
0.019789
0.184461
0.334916
0.325216
0.170301
-0.028624
-0.191019
-0.014222
-0.020842
0.025535
-0.074152
-0.018958
-0.141702
-0.176064
-0.001192
-0.010545
0.307316
0.160206
-0.025837
-0.103598
-0.126344
-0.118769
-0.089788
0.000000
0.000000
0.602228
0.428149
-0.318442
-0.395274
-0.078075
-0.150024
-0.032930
-0.161782
-0.076398
-0.209337
-0.116188
-0.278027
0.132399
0.417792
0.424791
0.090464
0.006207
0.197818
0.183427
0.049229
-0.079258
-0.138995
-0.208562
-0.246296
0.082157
0.271635
0.184001
-0.045660
-0.026433
-0.068716
0.032454
0.046155
0.183405
0.049344
-0.042264
0.077116
-0.044765
-0.171978
-0.399641
-0.216472
-0.010215
-0.194579
0.071010
0.204290
0.332100
-0.173050
-0.449896
-0.413491
-0.200698
0.009605
0.095543
0.132349
0.075248
0.104807
0.430728
0.451137
0.279770
-0.003177
-0.286766
-0.115284
0.090044
0.201578
0.213452
0.194515
0.067712
-0.011172
0.078049
-0.288259
-0.361994
-0.156003
-0.014791
-0.010893
-0.034318
0.084949
0.055418
-0.174453
-0.183902
-0.089915
0.059769
-0.077739
-0.035850
0.165781
0.273818
-0.021799
-0.330014
-0.140041
-0.069979
-0.065379
0.171984
0.172233
-0.043303
-0.054099
0.153711
-0.011234
0.155347
0.176630
0.078687
0.146868
0.124744
-0.370832
-0.385358
-0.321487
-0.143894
0.144855
0.118069
0.094118
-0.014619
0.118658
0.148159
0.152137
0.020192
0.054997
0.190786
0.221936
0.171552
-0.014188
-0.156673
-0.415338
-0.177927
0.014335
-0.080888
0.126537
0.224679
0.000629
-0.071138
0.013657
-0.087300
0.003602
0.106649
0.080831
0.062453
-0.353546
-0.313122
-0.126479
0.046592
0.057011
0.043248
-0.149431
-0.299729
-0.195903
-0.026965
0.029635
0.188879
0.059840
0.032815
0.062905
0.024720
0.136606
0.200036
0.267894
0.342971
0.246421
0.210775
0.126720
-0.036719
-0.003534
0.079090
-0.158145
-0.124223
0.079867
-0.052984
-0.235757
-0.301707
-0.153133
-0.373388
-0.354771
0.002451
0.014797
0.084147
0.104841
0.090009
0.083778
0.064112
0.081831
-0.050011
-0.175127
-0.341371
-0.019029
0.041543
0.186282
0.146150
0.305759
0.146762
0.093005
-0.002026
0.231521
0.054707
-0.100009
-0.173120
0.000000
0.000000
-0.162771
-0.270017
-0.184392
0.002992
0.027859
-0.096354
-0.039206
0.387825
0.572364
0.499452
0.067184
-0.392424
-0.454553
-0.239320
-0.110630
-0.010709
0.049403
-0.005606
-0.034888
0.024602
0.102470
0.172502
0.181876
0.274258
0.004165
-0.222484
-0.452499
-0.375107
-0.102971
-0.093135
-0.102426
0.078177
0.176495
0.155930
-0.008556
-0.028974
0.059694
0.074148
0.050332
0.166129
0.213947
0.146671
0.046158
0.121265
0.014972
-0.146112
-0.102752
-0.124073
0.071619
0.235948
0.268106
-0.037892
-0.356203
-0.244823
-0.111801
-0.198791
-0.199661
-0.137168
0.178872
0.124908
-0.037731
0.128975
0.096761
0.074325
0.038919
-0.120834
-0.148582
0.220291
0.126671
-0.198221
-0.235129
-0.015666
0.050956
0.043864
0.069062
-0.005273
-0.035631
-0.046722
-0.001467
0.091342
0.156976
0.167698
0.261275
0.042896
0.065138
0.140825
0.172619
0.060019
-0.187705
-0.255219
-0.158408
-0.114675
-0.162992
-0.149340
-0.028847
0.058486
0.072397
-0.052861
-0.213708
0.000182
0.002277
0.092549
0.000000
0.000000
-0.240086
-0.051139
0.194857
0.080797
-0.255166
-0.350737
-0.092742
0.032006
0.082947
0.038566
0.094316
0.227661
0.227790
0.203601
0.108271
0.051588
-0.065527
0.070155
0.123702
0.126158
0.260124
0.216044
0.086325
0.076007
-0.113027
-0.267959
-0.092273
0.030131
-0.030294
0.017257
0.074974
0.070222
0.009977
0.403707
0.206245
-0.432890
-0.866508
-0.608331
-0.343777
-0.317456
-0.114871
0.024979
0.271948
0.156434
-0.045759
-0.334240
-0.018457
0.067570
0.086680
0.147793
0.196389
0.140015
0.196259
0.079548
0.072301
0.190459
0.230985
0.261831
0.009477
-0.024696
-0.051132
-0.118183
0.179241
0.404784
0.327184
0.214160
0.033091
-0.156620
-0.264455
-0.220118
-0.213013
-0.137535
-0.035139
-0.041241
0.081158
-0.085017
-0.221856
-0.246497
-0.071066
0.214073
0.225943
0.038445
-0.150272
-0.102666
-0.086855
-0.056453
-0.062641
-0.213632
-0.379847
-0.444989
-0.298079
-0.038804
0.066137
0.155904
0.303413
0.235851
0.290355
0.395388
0.252274
-0.073119
-0.099142
-0.027281
0.074952
0.200623
0.314466
0.221524
0.227717
0.067554
0.177717
0.097046
-0.302319
-0.261896
-0.226616
-0.184127
-0.222995
-0.128327
0.042855
0.088719
-0.054350
-0.108682
-0.090073
0.120359
0.046161
-0.002034
0.083597
0.080898
0.071638
-0.032879
-0.312283
-0.438797
-0.360506
0.018105
0.148805
0.282710
0.408248
0.245080
0.039876
0.056475
0.038887
0.058491
0.033956
-0.049750
-0.300203
-0.253190
-0.208018
-0.187824
-0.144910
-0.048915
0.107054
0.100829
0.013766
-0.009901
0.063116
0.178101
0.168885
-0.032720
0.062094
0.085281
-0.015144
0.034851
0.210309
0.184302
0.248887
0.089282
-0.011368
-0.056106
-0.019638
0.105455
0.067085
0.083685
-0.208875
-0.344996
-0.271223
-0.085016
0.161451
0.141447
0.185234
-0.038965
-0.148331
-0.011944
-0.008509
-0.230992
-0.177892
-0.226978
-0.268512
-0.180790
0.134279
-0.207274
-0.323223
-0.223996
-0.060679
0.022149
0.173649
0.224378
0.181536
0.338143
0.516376
0.454293
0.203003
0.162839
0.020939
-0.085112
-0.003254
-0.147455
-0.098996
-0.003382
0.199210
0.285096
0.193536
-0.134229
-0.368825
-0.210897
-0.170418
-0.238392
-0.161770
-0.004511
0.074524
-0.016652
0.095516
0.057136
0.008440
-0.060974
-0.007915
-0.168051
-0.112073
0.043582
0.015996
-0.003575
0.076171
-0.069818
-0.185674
-0.103330
-0.140077
-0.083886
0.013066
0.096006
0.284224
0.069181
0.065544
-0.066844
0.114060
0.117184
0.045272
0.067445
0.111669
-0.037512
0.118833
0.262610
0.296613
0.023628
-0.220983
-0.407494
-0.265581
-0.143082
0.109228
0.198538
0.063027
0.167037
0.152061
-0.014848
-0.184513
-0.095824
0.095446
-0.148119
-0.112748
-0.003449
0.036499
0.010929
-0.150292
-0.166345
-0.158021
-0.097609
-0.148175
-0.162083
0.046336
0.210350
0.249611
0.175306
-0.031926
-0.088678
-0.202509
-0.024108
-0.035316
0.136123
0.209476
0.198564
0.202882
0.019225
-0.062553
-0.072443
-0.080314
0.239174
0.230550
0.100571
-0.018956
-0.001169
-0.052485
0.074685
0.009887
0.115455
0.157368
-0.033173
-0.443537
-0.236106
-0.176010
-0.427830
-0.363783
-0.252538
-0.296364
0.204733
0.226399
0.166369
0.251808
0.308683
0.310704
0.025498
-0.254100
-0.131975
-0.003253
-0.018516
0.186241
0.296224
0.233307
0.026584
-0.040258
-0.196232
-0.181138
-0.095256
0.000000
0.000000
-0.093911
-0.040523
0.056440
-0.131195
0.016267
0.090526
0.132149
0.094091
0.032988
-0.056583
-0.032604
0.069608
0.203412
0.342753
0.138074
-0.175646
-0.246402
-0.370193
-0.122048
-0.155732
-0.117480
-0.078823
-0.190072
-0.185539
0.010249
0.178728
0.303888
0.016474
0.068350
0.097925
0.069665
0.075726
0.121302
0.199039
0.182835
-0.130825
-0.233791
0.075346
0.056149
0.014037
0.054000
0.049137
-0.185121
-0.141611
0.007582
-0.032651
0.238028
0.374364
0.133947
-0.343357
-0.497808
-0.338464
-0.133893
-0.015813
-0.127308
-0.130173
0.101039
0.245978
0.236521
0.142277
0.199604
0.052649
0.093234
0.138619
-0.053096
-0.222054
-0.134007
-0.066205
-0.060037
-0.082833
-0.112805
0.118013
0.123772
0.214706
0.211242
-0.038637
0.043862
0.221665
0.098513
-0.208905
-0.352447
-0.213344
-0.058122
-0.110369
-0.093576
-0.092267
-0.224123
-0.084028
-0.001348
0.181401
0.184268
0.068513
0.095072
0.210329
0.273064
0.118059
0.021881
0.055865
0.156935
0.625487
0.370036
-0.084742
-0.570399
-0.397679
-0.187648
-0.177055
-0.250891
0.095414
0.124893
-0.098259
-0.459057
-0.628563
-0.308076
-0.052784
0.062098
0.198400
0.166505
0.316957
0.216206
0.001098
-0.006627
0.097643
0.067504
0.336272
0.293250
0.236402
0.121455
0.143740
0.093609
-0.247631
-0.239839
-0.142354
0.010270
0.025581
0.025780
-0.062501
0.031686
0.265972
0.077810
0.045557
0.012646
-0.171702
-0.261907
-0.442101
-0.448809
-0.287083
-0.106854
0.128528
0.147694
0.001691
0.132966
0.141907
0.151331
0.202718
0.017956
0.084259
0.111646
-0.079882
-0.085557
-0.041545
-0.016141
0.092342
-0.073967
-0.135777
-0.059634
0.086627
0.418607
0.389933
-0.084097
-0.468285
-0.361533
-0.113418
0.023746
0.161524
0.127536
0.076087
-0.022921
-0.045916
-0.173964
0.225874
0.336943
0.202875
0.181180
0.271972
-0.017748
-0.099742
-0.304753
-0.018795
-0.093796
-0.255630
-0.118728
-0.198720
-0.247739
-0.107006
0.044345
-0.237453
-0.157382
0.037792
0.140883
0.152878
0.040373
0.032508
0.097075
0.209688
0.101706
0.005502
0.020011
-0.072457
-0.267759
0.077556
0.208121
0.255890
0.205475
-0.018742
-0.038819
-0.067380
0.102118
0.188760
-0.072701
-0.204407
-0.047094
-0.059981
-0.142498
-0.098857
-0.043566
-0.062096
-0.076943
-0.065657
0.118437
0.398686
0.150480
-0.060509
-0.151692
0.000314
-0.120569
-0.126257
-0.098801
-0.021845
-0.011870
-0.069163
-0.051974
-0.071569
0.040444
0.129371
0.195080
0.287870
0.043342
0.064904
0.205019
-0.137517
-0.091836
-0.264902
-0.085526
0.062282
0.267135
0.284434
-0.395893
-0.544390
-0.123576
-0.129830
-0.128803
-0.055909
0.130424
-0.087916
-0.101564
0.106416
0.178781
0.317837
0.532003
0.227890
-0.095998
-0.224869
0.008958
-0.011707
0.138503
0.331444
0.323638
0.257218
0.012085
-0.312775
-0.259098
-0.137404
0.031876
-0.059185
-0.022605
-0.167394
-0.269743
-0.542709
-0.261150
-0.072533
-0.036672
0.110240
0.087626
0.045358
0.111647
0.114824
-0.075295
-0.089511
-0.006781
-0.033056
-0.094714
-0.074886
0.061274
0.089335
0.058123
0.177073
0.295859
0.366825
0.373672
0.065609
-0.108154
0.030895
0.118022
-0.027623
-0.116507
0.115059
0.109430
0.224150
0.282277
0.050824
-0.326211
-0.524825
-0.450191
0.000000
0.000000
-0.045841
-0.276349
-0.361984
-0.459596
-0.041493
-0.180099
-0.100721
0.129880
0.026567
0.144960
0.093823
0.103850
0.255279
0.379590
0.295677
0.090824
-0.010720
-0.135556
0.038587
0.304395
0.257373
0.454819
0.305374
0.184957
-0.360942
-0.469324
-0.181678
-0.022333
-0.163412
-0.197554
-0.110448
-0.181705
0.080615
-0.109496
-0.341724
-0.174016
0.014444
-0.102603
0.082760
0.261171
-0.127940
-0.073973
0.116900
0.308504
0.345504
0.277231
0.058992
0.017737
-0.024156
-0.120117
-0.228782
-0.244006
-0.005305
0.120990
