-0.106167
-0.543261
-0.408026
-0.149191
0.494142
0.840667
0.264325
0.550691
0.247998
-0.642201
-0.356282
-0.287935
-0.190000
-0.139620
-0.050319
0.134127
-0.111024
0.429786
0.309354
0.413129
-0.014495
-0.652370
-0.057645
0.128955
0.276948
0.077935
-0.212162
0.110753
-0.743219
-0.331436
0.386511
0.133995
-0.170598
0.150635
-0.258923
0.596025
0.601935
0.097753
0.299439
-0.209299
0.121191
-0.139613
-0.393320
0.122001
-0.127561
-0.523438
-0.121820
-0.449441
0.186449
-0.076982
-0.659905
-0.072525
0.424577
-0.056401
-0.121467
0.638762
-0.086897
-0.174600
-0.263847
0.312402
-0.465583
0.784697
0.278074
0.501790
0.275112
-0.018247
0.085934
-0.196873
-0.529540
0.356867
0.261700
-0.187286
0.213725
-0.325858
-0.631257
0.394512
-0.010786
0.255977
-0.213008
-0.288999
-0.486874
-0.517939
0.160843
1.148505
-0.264097
-0.325092
0.371989
0.225280
0.009573
-0.817137
0.419459
-0.092809
-0.704724
0.170427
0.556414
-0.030190
-0.371926
0.623552
-0.070038
0.329670
0.204452
-0.224720
0.287573
0.660880
-0.886261
-0.198102
0.386466
-0.679114
0.088804
0.393433
-0.235761
-0.473722
0.140292
0.248535
0.032416
-0.200267
-0.178955
-0.461501
0.061996
0.280937
-0.389029
-0.204052
0.274932
0.346701
0.420678
0.065241
-0.430748
-0.081134
0.746890
0.102391
0.660288
-0.115157
-0.602754
-0.198833
0.000000
0.000000
-0.012967
-0.054697
0.135662
-0.095229
0.645871
0.419583
-1.134275
-0.069084
0.014643
0.487092
-0.331287
-0.048708
-0.041975
0.767904
-0.713094
-0.224169
-0.277437
-0.003911
-0.214710
-0.517676
0.242905
-0.069354
-0.163070
-0.147604
0.645389
0.750263
0.073383
0.361219
0.312997
-0.790743
-0.150372
-0.113261
0.549685
-0.055842
-0.861344
-0.169890
0.798009
-0.136508
-0.418427
0.316543
0.389164
-0.430964
-0.312046
0.516685
0.077881
-0.001583
-0.016803
0.199726
-0.234233
-0.015467
0.446502
-0.093381
0.871061
0.003891
0.196841
-0.304294
-0.805299
0.218471
-0.400855
-0.529103
-0.197371
0.718595
0.202242
-0.477697
-0.692247
-0.813988
0.807930
-0.057894
-0.082934
0.108232
0.687149
0.229697
-0.202281
-0.130657
-0.157753
0.561056
0.117467
-0.186880
-0.256935
-0.448174
-0.164642
0.324298
0.399376
0.444947
-0.122473
-0.260514
0.158286
-0.541462
0.302571
0.115958
0.056286
0.112234
0.812701
0.417152
-0.399161
-0.424365
-0.387971
-0.345530
-0.201601
0.429636
0.243825
0.436105
-0.580274
-0.123247
-0.120924
-0.061093
-0.454927
0.065545
0.306157
0.186475
0.132141
0.280797
0.204461
-0.426177
-0.571907
0.154347
0.228499
-0.046676
0.234426
0.007548
-1.074509
0.281396
0.261544
0.605932
-0.199455
-0.071033
-0.378478
-0.169217
-0.280788
-0.151390
0.054901
0.134343
0.439661
0.175310
-0.473138
0.455117
0.219797
-0.041875
0.209634
-0.106446
-0.625295
0.823135
0.271761
-0.224688
-0.016944
0.167411
0.488010
0.794264
-0.180086
0.052639
-0.424233
-0.157434
-0.253176
0.443221
-1.094457
-0.249959
-0.006945
-0.183105
0.167931
0.339484
-0.519757
-0.022091
0.034267
-0.069363
-0.897497
0.013299
-0.329990
-0.134833
-0.129355
0.665418
0.055115
-0.389923
0.588691
0.312285
0.443159
0.010892
0.608623
0.022222
0.232346
0.006558
0.317263
-0.376140
0.476102
-0.310956
-0.811918
0.416809
0.629979
-0.373545
-0.325466
0.000000
0.000000
0.463585
0.001064
-0.596170
-0.906713
-0.473841
0.258853
1.011686
-0.112299
0.148503
-0.294062
-0.057298
0.019135
0.696913
0.150363
0.057510
-0.629596
0.827821
-0.624233
-0.786198
-0.118336
0.256045
0.110648
0.712257
-0.057086
-0.265973
-0.632978
0.145855
-0.842095
-0.060734
0.119434
0.172760
-0.374139
0.077099
-0.330555
0.429763
1.354958
0.469698
-0.343431
0.085249
-0.341313
-0.104216
0.515909
-0.012494
0.439119
0.761444
-0.751912
0.244445
0.037598
-0.295580
-0.466748
-0.275730
-0.310634
0.297590
-0.312006
0.075884
0.411757
0.446392
0.052079
-0.063995
-0.469589
-0.535459
-0.356819
-0.177533
-0.320293
-0.162777
0.239928
0.042256
0.965543
-0.390168
0.360576
0.317368
-0.151660
0.012944
0.390231
-0.242172
-1.220346
0.416125
-0.368190
0.399061
0.033839
-0.131343
1.017632
0.505959
-0.419183
-0.170920
0.826154
-0.737167
0.699228
0.321382
-0.133727
-0.852286
-0.325193
-0.641883
0.131363
-0.424042
-0.906125
-0.459762
0.832393
0.465829
0.050254
0.176664
0.690357
0.000000
0.000000
-0.197894
0.169718
0.220144
0.310131
-0.603602
0.334768
0.092246
0.124544
0.246824
0.035753
0.033601
-0.160336
-0.263919
0.001597
0.172124
-0.163060
-0.690663
-0.763053
0.125593
-0.241697
0.067881
-0.002790
0.120118
0.612464
0.390944
0.251859
0.431174
-0.130869
-0.559325
0.136297
0.632688
0.082614
-0.252676
-0.563132
-0.067028
-0.060617
-0.078200
0.538677
-0.799544
-0.547947
0.466231
0.304757
0.191603
0.069326
0.650906
-0.396092
-0.536800
-0.089376
0.017745
0.238625
0.285726
-0.137853
0.037524
0.439877
0.057535
-0.921232
-0.711854
0.288665
0.310135
-0.311942
0.164099
0.550633
-0.053255
-0.713471
0.192547
0.486761
0.488512
0.218772
-0.058278
0.174909
0.842948
-0.358557
0.019275
-0.849433
-0.776252
0.721620
-0.543521
-0.182203
-0.216390
-0.683916
-0.402249
0.861110
0.345793
-0.475338
-0.036331
0.439730
0.649240
0.085406
-0.039638
-0.212205
0.156773
0.259171
-0.377412
0.274105
0.468236
0.183890
-0.075645
0.521020
-0.118665
-0.925266
-0.213578
0.272411
1.188695
-0.440196
-0.553962
-0.428307
-0.345908
-0.126460
-0.416280
-0.605117
-0.031658
-0.496670
0.127275
0.410243
0.443779
-0.429508
0.680233
0.301928
0.231410
-0.014156
0.088374
0.696091
0.031666
-0.807318
-0.425183
0.831429
0.430536
0.026983
0.380316
-0.018248
0.060142
0.433950
0.023378
-0.518102
-0.571877
0.279043
-0.100204
-0.945200
-0.363287
0.223210
-0.615180
-0.451529
0.512990
0.397644
-0.371970
0.346953
0.862672
0.163994
-1.032239
-0.022299
-0.001552
0.036884
0.032416
-0.213403
0.677462
0.728064
-0.008018
0.163584
0.638978
-1.412507
0.070058
-0.500385
-0.604312
0.225748
-0.108488
0.164993
0.251276
0.577626
0.060283
-0.468296
0.012702
0.743770
0.595708
-0.103022
-0.694269
-0.167969
-0.100935
0.163596
0.276817
0.149200
0.414475
0.385682
-0.594093
-0.281226
0.277950
-0.672573
-0.812026
0.154479
-0.247833
-0.285790
-0.412268
0.366081
0.845912
-0.299357
0.385377
0.214215
-0.129505
-0.565690
0.570621
-0.097664
-1.058373
0.377035
0.292964
0.167032
0.291854
0.728537
0.688983
-0.437005
0.121017
-0.329487
-0.325105
0.501290
-0.415924
0.040133
0.100677
-0.067523
0.103865
0.471532
-0.639974
-0.701728
0.073798
-0.376737
-1.034461
0.403642
0.206723
-0.037171
0.853345
0.717420
-0.202649
0.029994
-0.679568
-0.458230
0.106344
0.455917
0.795084
-0.240388
-0.358733
0.076774
0.476324
-0.208894
0.054645
-0.014007
-0.534353
0.119560
0.112652
-0.128008
-0.205376
-0.481859
0.751091
0.116795
-0.028484
-0.145735
-0.434087
0.485627
-0.029042
0.307882
-0.285966
0.174502
-0.139064
0.725725
0.445245
-0.062507
-0.515474
-0.885451
0.128246
-0.132037
0.236332
0.097808
-0.484126
0.146662
0.151689
0.408809
-0.283822
-0.548361
0.029403
-0.318948
-0.173647
-0.048092
-0.280520
0.358138
0.105149
0.951253
0.400073
0.098005
0.804342
0.354239
-0.925410
-0.076230
-0.474376
0.197791
-0.852210
-0.188338
0.285299
0.262930
0.380671
-0.379833
-0.387959
0.232151
0.344194
0.384555
0.029167
0.380969
-0.486335
-0.229299
0.328396
-0.238062
-0.465863
-0.239658
0.175311
-0.604388
0.342468
0.266928
-0.111869
-0.302625
0.091096
0.008158
-0.710159
0.503836
0.351025
0.500011
0.375469
-0.099781
-0.202481
-0.174483
0.746863
-0.275276
0.045149
-0.542835
0.000000
0.000000
-0.052591
0.397419
0.447608
0.309393
-0.184114
-0.151529
-0.720675
0.012117
0.512576
0.259130
-0.535766
-0.817356
-0.526766
0.296365
0.010373
-0.148436
-0.498435
0.336223
0.836454
-0.106706
-0.455835
0.640694
-0.331815
0.294603
0.562184
-0.101308
-0.533964
0.665084
-0.981492
-0.221989
0.600002
-0.260206
0.110548
0.316550
0.133860
0.295794
0.151971
0.120525
-0.236269
0.495283
-0.014419
-0.015362
0.294373
-0.155530
-0.031084
-0.413111
0.113834
-0.353420
-0.352892
-0.367647
-0.536039
0.005459
-0.145575
0.087704
0.591356
0.060127
-0.494235
0.414741
0.077959
0.018736
0.015844
0.560069
-0.284581
-0.059480
-0.241799
0.062030
0.230575
0.494741
0.011569
-0.539421
-0.270385
0.043922
0.320365
-0.307530
0.029135
0.568125
-0.317158
-0.352201
0.514955
0.005911
0.074793
-0.341661
0.198968
0.313690
-0.707142
0.114200
0.269004
-0.037290
0.300319
-0.031100
-0.390651
-0.155904
-0.043453
-0.043461
-0.330003
-0.017852
-0.052243
0.791804
0.630453
0.454697
-0.055723
-0.895763
0.208078
0.006176
-0.152492
0.267432
-0.734282
0.108140
0.006778
-0.061128
-0.187596
-0.524575
0.537184
0.082359
0.257269
0.162595
-0.610257
-0.998876
0.131978
-0.119634
0.421077
0.757642
0.371498
0.184585
-0.213020
-0.282781
0.124933
0.277375
-0.244084
0.463309
0.170385
-0.182967
-0.234857
-0.087558
0.203712
0.003562
-0.145566
-0.421566
0.180342
0.063282
0.689738
0.122465
-0.272364
-0.223849
-0.247066
0.166918
-0.200478
0.060254
-0.139404
-0.077462
-0.163992
-0.175664
0.148548
0.398549
0.086733
-0.459855
0.002059
0.227500
-0.265248
-0.615995
-0.087793
-0.212779
0.195239
0.022466
0.195413
-0.037845
0.901337
0.566628
0.122790
0.114961
-0.430065
-0.571568
0.699464
-0.007883
-0.551804
0.328959
0.413720
-0.311225
-0.245906
0.275634
0.306378
-0.332678
-0.942373
0.485766
0.328364
-0.016414
-0.266167
0.554828
-0.539033
-0.668879
-0.177884
0.347193
0.207402
-0.045079
-0.060439
-0.492850
-0.095790
0.126801
0.350609
0.056962
0.531065
-0.210586
0.471192
-0.440626
0.270337
0.444405
0.190785
-0.033757
-0.223580
0.051181
-0.165498
-0.276342
-0.301962
-0.730191
0.129182
0.173208
0.679379
0.209915
-0.189756
-0.409809
0.131579
-0.096032
0.053956
0.127633
0.140444
-0.083288
0.134323
0.518084
0.242318
-1.194044
-0.719548
-0.068322
0.128758
-0.088873
0.810261
0.170514
-0.093553
-0.170547
-0.187395
0.233566
0.512002
-0.170378
-0.011535
-0.008066
0.308516
0.112363
0.028895
0.040648
-0.146254
0.413637
-0.591564
-0.149933
0.836267
0.122832
0.127176
-0.503761
0.265642
-0.771770
-0.533073
0.238944
-0.057671
-0.250530
-0.780749
0.283692
-0.264983
-0.326457
-0.669493
0.530263
0.618432
0.581168
0.110776
0.753761
-0.037135
-0.094521
-0.148068
0.253567
0.662430
0.110718
-0.740289
-0.592705
-0.157450
-0.004260
-0.581751
0.452924
1.253693
0.054525
0.587972
0.375404
-0.551707
-1.574447
-0.596794
-0.164648
0.989451
0.534009
-0.135522
0.066249
0.323919
-0.148507
-0.188811
0.437722
-0.288332
-0.707664
0.375357
-0.218195
0.253146
-0.400982
-0.690772
0.062455
-0.098039
0.240913
-0.195707
0.250990
-0.226858
0.216790
-0.635890
-0.119704
0.399532
0.388438
0.298425
0.100959
0.139528
0.353669
0.518498
0.000000
0.000000
-0.637688
0.280515
0.320157
0.216811
-0.185599
-0.158497
0.244922
-0.146971
-0.311052
-0.046910
0.089498
-0.214299
-0.171479
0.501732
-0.420255
-0.181916
0.331511
-0.146801
-0.251943
-0.380448
0.170741
-0.199332
-0.345961
-0.285423
-0.059651
0.362926
0.156474
0.086511
0.331277
0.276652
0.071324
0.012681
-0.131841
0.013645
-0.448139
0.267113
0.392965
-0.652024
0.335240
0.198991
-0.482266
-0.071162
-0.439445
0.362421
0.817689
0.544832
0.296696
0.064637
-0.392388
-0.344831
-0.275990
-0.488504
0.206713
0.096215
