-0.317729
0.134235
-0.119648
0.046830
0.040518
0.036885
-0.308805
-0.179793
0.220387
0.788909
0.349584
-0.519076
-0.118011
0.388521
0.082682
0.051513
0.043399
-0.154868
-0.160419
-0.235205
0.157429
-0.408467
0.048920
0.148864
0.146754
-0.424011
-0.276414
0.330198
0.199425
0.006342
0.115085
-0.142013
-0.005528
0.086912
0.290886
0.241593
0.175236
-0.462504
-0.590707
-0.151326
-0.132786
0.184075
0.022783
0.264278
0.238831
-0.167387
-0.014279
0.243686
0.053431
-0.648937
-0.244688
0.224656
-0.071151
-0.240484
0.318972
0.084898
0.225421
0.293032
0.147079
-0.551425
-0.305827
0.178606
0.613192
0.548379
0.303110
-0.091761
-0.290394
0.161084
0.000992
-0.322793
-0.235781
-0.293539
-0.158428
0.321003
-0.215634
-0.332037
0.106111
-0.059867
-0.075463
0.258004
-0.182508
-0.289420
-0.373124
-0.063615
-0.007286
0.808165
0.359290
-0.260148
-0.078440
0.549362
0.006786
-0.385167
-0.297152
0.199690
0.238537
0.104153
-0.181398
0.093516
0.118016
0.098814
0.088698
-0.246032
-0.160427
0.007272
0.014895
0.227207
0.026652
0.244950
-0.386091
-0.406408
-0.698374
0.282282
0.804748
0.367691
-0.340280
-0.188542
0.297383
-0.317524
-0.043246
-0.108631
0.444423
-0.050904
-0.392371
0.431401
0.032312
-0.629066
0.063616
0.322026
-0.072938
-0.418778
-0.603131
-0.231129
0.186105
0.477957
0.000000
0.000000
1.080950
0.931285
0.536507
0.160245
-0.213285
-0.971104
-0.484433
0.012131
-0.437241
-0.376000
-0.592540
0.077392
0.062367
-0.028151
0.100927
0.075180
0.328119
0.457827
0.218544
-0.408047
0.133680
0.021418
-0.267752
-0.141593
0.364302
0.347298
-0.090717
-0.634253
-0.133927
0.138755
-0.013334
0.220796
0.047160
-0.325402
0.289545
0.366358
0.452306
0.393566
0.053341
-0.040743
-0.092166
-0.255440
-0.071669
0.145470
-0.043588
-0.337025
-0.752002
-0.328591
0.087958
-0.260466
-0.400048
0.030873
-0.092101
0.058734
0.360524
0.513992
0.534156
0.173313
-0.165697
-0.123177
0.271946
0.107325
-0.129657
-0.117064
-0.071388
-0.316654
0.078214
-0.021287
-0.477577
-0.108147
0.187580
0.690562
0.106132
-0.285217
-0.158714
0.407164
0.276317
0.047845
0.194275
0.416198
-0.016938
-0.156531
-0.000470
-0.468950
-0.790445
-0.377053
-0.086597
0.426935
0.272789
0.115269
-0.516940
-0.328737
-0.083691
0.457546
0.116595
0.219210
0.228236
-0.122651
0.051866
0.049335
-0.405280
-0.372473
-0.414850
0.443067
0.467590
-0.469942
0.170437
0.078069
-0.001329
0.473851
0.246429
0.212903
-0.121412
0.025064
0.262555
-0.022985
-0.159422
-0.288349
0.091335
0.204188
-0.134078
-0.162780
0.311303
-0.030954
0.015878
0.187156
-0.181958
-0.790067
-0.113971
-0.030489
-0.168192
-0.733340
-0.186229
-0.257813
0.067651
0.478019
0.029382
-0.200685
0.197726
0.320868
0.643915
0.611547
0.193719
0.301579
0.550956
0.084239
0.065838
0.113079
-0.319526
-0.204685
-0.204322
-0.302639
0.731811
-0.399929
-0.290200
-0.179849
-0.456940
-0.749623
-0.223571
-0.525310
-0.914383
-0.725562
0.249823
0.772649
0.045870
-0.115066
0.697069
0.654902
0.263190
0.549431
0.609272
0.646267
0.168615
0.036358
0.418852
-0.218734
-0.456970
-0.504078
-0.379312
0.360181
0.004955
0.157884
-0.356473
-0.475645
-0.194132
0.286546
0.217359
-0.320304
-0.076409
0.000000
0.000000
-0.198856
-0.551726
-0.682541
-0.130241
-0.187136
0.466259
-0.058718
-0.022304
-0.114593
0.409152
0.525412
0.165014
0.179034
0.101978
0.239788
0.228102
0.044732
0.669809
0.352343
0.228592
0.127636
0.033506
-0.001480
-0.063651
-0.264027
-0.615255
-0.805492
-0.728824
-0.335495
-0.182460
-0.034077
0.319597
0.182941
-0.369703
-0.456445
-0.326188
-0.086922
0.339856
0.633312
0.528933
0.773644
0.382672
-0.042931
0.236961
-0.105592
0.016159
-0.072416
-0.105138
-0.145605
-0.135301
-0.092023
0.558587
0.085136
-0.412676
-0.437268
0.007536
-0.212155
-0.409712
0.060221
0.136504
0.128207
-0.167261
-0.081459
0.031202
0.154652
0.021538
-0.100185
0.325980
-0.265886
-0.335698
0.294996
0.101419
0.194260
0.268826
-0.059905
0.213654
-0.146752
-0.409888
0.313045
0.390182
0.137259
-0.057860
-0.247547
0.046270
0.344716
0.086802
-0.233927
-0.041475
-0.065860
-0.449556
-0.125048
-0.117401
-0.622146
0.020468
0.086335
0.095814
-0.104999
-0.032908
-0.069103
0.064177
0.290260
-0.063593
0.000000
0.000000
-0.130282
0.158152
-0.195648
0.483410
0.256567
-0.256161
-0.026416
-0.271388
0.159032
0.006260
0.058171
0.628097
0.196838
0.578628
-0.184396
-0.779454
-0.148340
-0.030409
0.151642
0.421321
0.179562
0.035532
0.461171
-0.013412
-0.067849
-0.474972
-0.331082
0.254233
-0.126687
-0.202871
-0.023742
-0.261346
-0.041851
0.023364
-0.528240
-0.575190
-0.211567
0.003686
-0.223899
0.211281
0.384737
0.471690
0.225543
-0.234716
0.317260
0.408570
0.202566
-0.327131
-0.165210
0.019866
0.141432
0.107923
0.132517
-0.275267
0.050610
0.019281
0.268103
0.194092
0.050747
-0.491548
-0.253389
-0.151275
-0.185920
0.497604
0.143561
0.035356
0.262782
-0.406894
0.095731
-0.222347
-0.074127
0.068486
-0.027423
-0.171876
-0.183241
-0.011130
0.058587
-0.111265
0.260700
0.206729
0.306565
0.081464
0.223704
0.119489
0.096133
-0.169842
-0.123971
-0.118090
-0.263122
-0.436834
-0.049351
0.000825
-0.115010
-0.373839
0.052291
0.087669
0.113474
0.167628
0.219827
-0.104294
0.065525
0.339760
0.305971
0.477929
0.179830
-0.184018
-0.045905
0.040782
-0.572752
-0.425635
-0.109823
-0.126055
-0.112535
0.226681
-0.231790
-0.331947
-0.388010
0.151652
0.052262
0.403231
0.363419
0.108911
0.071332
0.074243
-0.269784
0.335362
0.149713
0.178901
0.115254
-0.117663
-0.130563
0.283853
0.266605
-0.170150
-0.247564
0.147830
-0.021784
-0.393567
-0.023312
0.057594
-0.624484
0.037304
-0.025911
0.090762
0.438484
0.499617
0.282142
0.051400
-0.447798
-0.301742
-0.302662
-0.040666
-0.336833
-0.426778
0.068446
0.194717
-0.055550
0.318421
-0.106341
0.133165
-0.069429
-0.101969
0.138286
0.214494
-0.279739
0.067247
0.353930
0.208509
0.353430
-0.310475
-0.083172
-0.391709
-0.364960
0.357980
-0.145531
0.635551
0.328377
-0.190067
0.294341
0.007416
-0.157266
-0.207234
0.133804
0.361779
-0.163954
-0.435024
-0.338020
-0.054168
-0.210741
-0.036028
-0.066839
0.251644
0.403738
0.220164
0.252770
0.269214
-0.296297
-0.128526
0.422626
0.037263
-0.261326
-0.479058
-0.198345
-0.469689
-0.554136
-0.232663
-0.064467
0.372140
0.750055
0.277067
-0.565373
-0.425430
-0.174892
0.113915
0.315827
0.300557
0.318637
0.192510
-0.060535
-0.024961
0.123958
0.198115
-0.087045
-0.068233
-0.193537
0.155167
-0.008040
-0.007223
-0.012336
0.058374
0.190615
0.077057
-0.058288
-0.242350
0.262815
0.000869
0.380687
-0.108757
-0.335169
-0.331798
0.021657
-0.313710
-0.320506
-0.341863
0.012857
0.317458
0.281561
0.679545
0.399623
0.274388
-0.045416
-0.084924
-0.383539
-0.278039
-0.003534
-0.305680
-0.073369
0.007579
0.038156
0.021697
-0.412705
-0.369783
-0.071329
0.381422
0.098806
-0.127457
0.020339
0.091272
-0.246878
-0.735968
-0.118881
0.031698
0.126597
0.744160
0.401014
-0.259912
0.019396
0.973258
0.206850
-0.066068
-0.063388
0.449860
0.121908
-0.174342
0.178201
0.564255
-0.116759
-0.691813
-0.306580
0.131794
0.153960
-0.286875
-0.090438
0.232746
-0.469843
-0.339778
0.128582
0.099157
-0.049537
0.075585
0.211340
-0.420798
-0.676148
-0.336464
0.229359
-0.012021
-0.139269
-0.544829
-0.266127
0.008302
0.591897
0.342215
0.239958
-0.106023
-0.213069
0.081145
0.103954
0.372184
0.485645
0.982151
0.212675
0.098299
-0.090004
-0.330049
-0.159034
-0.429317
-0.204799
-0.222837
0.000000
0.000000
0.090730
-0.136154
0.409085
-0.466014
0.287188
-0.036754
0.032544
0.240948
0.177399
-0.355127
-0.310731
-0.170951
-0.008493
-0.100791
0.004865
0.096095
-0.227451
0.183871
0.008727
-0.084856
0.170136
0.282035
0.322523
0.251047
-0.113185
-0.095944
0.013093
0.009067
-0.068744
0.050129
-0.124987
-0.572435
-0.139052
-0.176042
-0.088195
0.056180
-0.245754
-0.345358
0.094568
0.514948
0.433501
-0.397490
0.091234
0.301718
0.243513
0.300749
0.261915
0.432489
0.052691
-0.505203
0.358138
-0.268481
-0.138960
-0.054395
0.208016
-0.395717
-0.495106
-0.286310
-0.136567
-0.009717
-0.188240
0.105388
0.404512
0.153312
-0.242455
-0.257638
-0.164560
-0.014119
0.358906
0.135089
0.001865
0.405539
0.833904
0.066466
0.381825
-0.107833
-0.366065
0.050954
-0.186031
-0.121736
-0.519629
0.065448
0.209903
-0.448456
-0.739187
-0.596957
-0.132500
-0.194587
-0.106835
-0.022401
0.679335
0.636653
-0.090480
-0.203111
0.120887
0.007554
-0.127556
0.083288
0.582673
1.021749
0.652603
0.186714
-0.019734
0.063988
0.429659
0.203918
-0.487403
-0.270426
-0.018487
-0.328500
-0.851549
-0.725947
-0.256582
-0.161966
-0.287176
-0.286349
0.238017
0.112150
-0.011869
0.112248
-0.089782
-0.245549
-0.465423
0.229892
0.155378
0.364572
0.348464
0.074864
0.146877
-0.324083
0.218448
0.362043
-0.088009
0.160929
0.113644
0.182745
0.262928
0.031854
0.065605
0.312257
0.642285
0.056222
-0.427440
-0.665133
-0.653923
0.336306
-0.022302
0.397709
0.452823
-0.346165
-0.530345
-0.122982
-0.033254
0.055526
0.052584
-0.157413
-0.088195
-0.772620
-0.245529
0.034754
-0.074436
0.128117
0.311915
0.312082
0.036071
-0.196318
0.015953
0.191361
0.197116
-0.240177
0.072598
-0.265106
-0.434573
0.220891
0.260934
-0.010820
0.143239
-0.103494
-0.105795
0.486607
0.519178
0.271828
0.710057
0.584628
0.204310
-0.738448
-0.495646
0.160598
0.624009
-0.643800
-0.523350
-0.401232
-0.422032
-0.237258
-0.521694
-0.271597
0.022115
0.436641
0.449591
0.188667
-0.090428
0.470143
0.088084
-0.172900
-0.212294
0.259868
-0.294066
-0.408812
0.086379
-0.018032
0.201382
-0.152278
-0.439667
-0.520959
0.115214
0.214236
0.211053
0.315229
0.513210
0.596114
0.288633
-0.112381
0.280356
-0.397376
-0.172623
0.313476
-0.382466
-0.111221
0.158342
0.287695
-0.252936
-0.062369
0.083465
-0.052843
0.074346
-0.032181
-0.171938
-0.043731
-0.521103
-0.496254
0.216346
-0.001077
0.251560
0.118752
-0.028327
0.004589
-0.208934
-0.825484
0.368241
0.393329
0.059265
-0.300843
0.374810
0.387923
0.218900
0.126623
-0.102701
0.157068
0.285346
-0.288475
-0.318117
-0.471508
-0.127750
0.084922
-0.199883
-0.126482
-0.276573
0.849044
0.373021
0.065627
-0.225507
-0.312604
0.365871
0.402573
0.168194
0.082590
0.142611
-0.266162
-0.449365
0.097122
0.096116
0.027072
-0.366124
0.176298
0.259495
-0.213799
-0.660953
-0.616898
-0.254602
-0.087738
0.533040
0.522180
0.165826
0.091247
0.168114
0.226598
0.184945
-0.083850
-0.130402
0.060556
-0.398051
-0.512386
-0.374473
-0.774371
-0.003357
0.102417
0.564705
0.377591
0.289034
0.561537
0.150444
0.232877
0.468829
0.524585
-0.371050
-0.282291
0.010501
0.133509
-0.098001
-0.137434
0.016170
-0.263306
-0.372937
0.000000
0.000000
-0.445855
-0.108064
0.099942
-0.284636
-0.449259
-0.492433
-0.462687
-0.289521
0.126611
0.205305
-0.127274
0.845487
0.448853
0.638216
0.458393
-0.083223
0.037826
0.618074
0.412760
0.442708
-0.000628
0.306953
0.043886
-0.409292
-0.791016
-1.129066
-0.480421
-0.073173
-0.196439
-0.074901
0.596075
0.152399
0.430252
0.518361
-0.378176
-0.209826
-0.785980
-0.443432
0.201270
0.062416
-0.583588
-0.216482
0.067172
0.649626
0.480974
0.455750
0.638331
0.657217
-0.128382
-0.682304
-0.221176
0.111541
-0.125558
-0.310110
