0.000000
0.000000
-0.187232
0.152908
0.000000
0.000000
-0.373764
-0.127498
-0.158039
-0.082756
0.031817
0.420242
0.317324
0.104371
-0.070453
0.145549
0.053539
-0.088178
0.145927
0.178331
0.133095
0.036730
-0.085995
0.253832
-0.188523
-0.313233
-0.032039
0.000000
0.000000
0.489060
0.425593
0.231641
-0.629722
-0.750913
-0.577300
-0.483415
-0.154263
-0.064514
-0.021615
0.147131
-0.175711
0.118503
0.342765
0.254108
0.247098
0.313999
0.356832
0.244008
0.135829
0.116585
-0.010768
-0.018546
-0.062074
-0.100688
-0.209001
-0.169373
-0.004371
-0.031094
-0.249193
-0.272930
0.051700
0.261036
-0.016251
0.141236
0.018554
-0.192271
-0.365539
-0.344760
-0.115870
-0.079733
-0.119561
0.023064
0.372624
0.412238
0.225217
0.221318
0.161942
-0.118267
0.023479
0.164921
-0.102435
0.117329
0.330979
0.116731
-0.089770
-0.051240
-0.223144
-0.191746
-0.186250
0.000000
0.000000
0.010746
-0.197174
0.085961
0.312418
-0.024285
-0.429112
-0.449726
-0.180040
0.078315
-0.011266
-0.021789
-0.048500
-0.014208
0.167570
0.238351
0.097302
-0.066462
0.080927
0.203866
0.003127
-0.098147
0.033011
0.014038
-0.034211
0.004897
0.276806
0.000000
0.000000
0.000000
0.000000
0.772290
0.196110
-0.083134
-0.329184
-0.394240
-0.337269
-0.260894
-0.320667
-0.321684
0.200777
0.273831
0.386630
0.216458
-0.088868
0.078530
0.066640
-0.083573
-0.034879
0.179297
0.292296
-0.013715
-0.208184
-0.298694
-0.195184
-0.059091
-0.092856
-0.061715
0.105375
0.370581
0.285486
-0.090522
-0.478298
-0.495631
-0.234499
0.103714
-0.043577
0.003577
-0.029889
0.245103
0.035814
-0.006626
0.184007
0.248240
0.000000
0.000000
0.711891
0.358369
-0.286460
-0.266903
0.022549
0.315199
-0.022890
-0.186311
0.057229
0.087962
-0.149373
-0.314702
-0.098899
0.171581
0.000000
0.000000
0.000000
-0.198821
-0.238456
-0.128640
-0.229815
0.135882
0.302837
0.000000
0.000000
0.000000
-0.130747
0.000000
0.000000
0.000000
0.372334
-0.368065
-0.329797
-0.072472
0.245982
0.036895
-0.268244
-0.191703
0.071956
0.289053
0.275852
0.000000
0.000000
0.388904
0.381982
0.234192
-0.059727
-0.435934
-0.187027
-0.046258
0.120504
0.027548
-0.096137
-0.243978
0.000000
0.000000
-0.042540
0.149869
0.298214
0.253005
0.000000
0.000000
0.000000
0.063487
-0.084246
-0.284933
-0.412293
-0.370320
-0.277655
0.152395
0.354035
0.043949
-0.111615
-0.241369
0.029538
-0.000413
0.241518
0.525348
0.000000
0.000000
0.000000
-0.090359
0.000000
0.000000
-0.540458
-0.269380
0.132953
0.297478
0.245444
0.170086
-0.081620
-0.270405
-0.163020
-0.029708
0.000000
0.000000
-0.090954
0.153304
0.460687
0.259816
0.077988
-0.006877
0.175629
0.430689
0.330308
-0.415584
-0.716796
-0.096590
-0.099976
-0.133243
-0.042086
-0.041402
-0.008925
0.112261
0.038762
-0.078959
0.000000
0.000000
0.000000
0.000000
0.000000
0.000000
0.121326
0.000000
0.000000
0.000000
-0.031109
-0.097704
-0.554418
-0.558225
-0.214104
0.192306
0.416286
0.242624
0.088720
0.561884
0.000000
0.000000
0.000000
0.151716
0.259951
0.054528
0.000000
0.000000
-0.141609
0.246516
0.000000
0.000000
0.000000
0.000000
-0.097382
-0.445061
-0.621172
-0.026616
0.167950
0.184535
0.000000
0.000000
0.175161
-0.103854
-0.248650
-0.021115
0.033089
-0.170839
0.073706
0.395014
0.628596
-0.049571
-0.349729
-0.064416
-0.051499
0.043378
0.000000
0.000000
0.000000
0.000000
-0.020052
0.043837
0.000000
0.000000
0.072312
-0.346093
-0.242086
-0.239609
-0.081609
-0.048363
-0.098953
0.000000
0.000000
0.000000
0.352874
0.472528
0.219631
-0.014602
-0.043312
0.123297
0.000000
0.000000
0.000000
0.000000
0.380240
0.591974
0.000000
0.000000
-0.304117
-0.017031
0.021998
-0.109241
-0.469269
-0.891904
-0.311082
0.086808
0.112899
-0.068227
0.210598
0.062482
0.000000
0.000000
-0.005376
0.305975
0.130601
0.000000
0.000000
0.043654
0.087420
-0.113033
0.139448
-0.068482
-0.282737
0.079644
0.260665
0.252028
0.055546
0.180509
0.000000
0.000000
0.000000
0.152691
0.022029
-0.154518
-0.514236
-0.839743
-0.834900
-0.462236
-0.104493
0.398651
0.457384
0.443982
0.708669
0.746980
0.000000
0.000000
0.000000
0.000000
-0.539976
-0.345129
-0.014035
-0.100693
0.000000
0.000000
0.000000
0.000000
-0.041405
0.099228
0.181307
0.295916
0.802466
0.758129
-0.101348
-0.919988
-0.533492
-0.194577
-0.192430
-0.278451
-0.040176
0.234430
0.105751
0.199968
0.000000
0.000000
0.352120
0.073704
0.000000
0.000000
0.000000
-0.259570
-0.249328
0.000000
0.000000
0.040940
0.000000
0.000000
0.000000
0.000000
-0.355163
-0.613003
-0.032886
0.203372
0.447551
0.223886
0.034359
0.250196
0.139399
-0.236398
-0.413644
-0.087342
-0.058585
0.072123
0.000000
0.000000
0.313187
-0.052654
-0.171449
-0.050665
-0.143873
0.380674
0.000000
0.000000
0.680034
0.856231
0.000000
0.000000
0.309981
-0.100533
-0.291765
-0.654938
-0.382156
-0.219111
-0.188883
0.145132
0.004041
0.130236
0.069589
-0.091910
0.000000
0.000000
0.000000
0.000000
0.163025
0.438144
-0.023933
-0.783170
-0.751954
-0.716073
-0.678206
-0.223633
-0.136107
0.114914
0.154254
0.235303
0.404805
0.823862
0.994147
0.782862
0.246195
0.081814
0.142412
0.038949
-0.147982
-0.387988
0.000000
0.000000
0.000000
0.146054
0.049511
-0.135749
0.008397
-0.010270
0.050688
0.258820
0.050394
-0.490269
-0.060594
-0.038042
-0.004874
-0.672651
-0.634447
-0.203594
-0.220364
-0.412429
-0.101245
0.027373
-0.175901
0.000000
0.000000
0.642253
0.098121
0.284889
0.347608
0.760299
-0.105957
-0.502149
-0.268367
-0.175861
0.204846
0.396148
0.079935
-0.012165
-0.148307
-0.022695
0.109501
0.390840
0.408726
0.000000
0.000000
0.000000
0.036433
0.396510
0.483122
-0.069161
-0.479821
-0.607583
-0.094925
-0.361912
-0.375308
-0.039917
0.111457
0.197389
0.000000
0.000000
0.000000
0.000000
-0.299022
-0.204171
-0.259456
-0.220610
0.000000
0.000000
0.159074
0.012231
0.303857
0.000000
0.000000
0.155620
0.310680
0.563652
0.000000
0.000000
-0.274064
-0.346259
-0.056497
0.000000
0.000000
0.000000
0.000000
0.000000
0.000000
0.000000
0.267818
0.000000
0.000000
0.203724
0.000000
0.000000
0.033545
0.000000
0.000000
0.190025
0.196812
0.000000
0.000000
0.000000
0.000000
0.000000
0.000000
-0.246997
-0.889910
0.000000
0.000000
0.158555
-0.283688
-0.199977
0.062250
0.135255
0.000000
0.000000
0.000000
0.000000
0.000000
0.274852
0.000000
0.000000
-0.513337
-0.009660
0.297851
0.375947
0.513427
0.000000
0.000000
0.000000
0.000000
0.000000
0.000000
0.000000
-0.388917
-0.154168
0.072704
0.170840
0.121342
0.025136
0.000000
0.000000
0.000000
0.000000
0.000000
0.442755
-0.507742
-0.737334
0.000000
0.000000
0.341251
0.467316
0.000000
0.000000
0.000000
-0.197681
0.089878
0.223858
-0.132512
0.379887
0.054073
-0.545152
-0.188843
0.000000
0.000000
0.000000
0.000000
-0.283294
-0.424950
-0.035300
-0.219773
-0.092484
0.058863
0.238819
0.486571
0.000000
0.000000
0.152146
0.187122
0.369335
0.000000
0.000000
0.000000
0.000000
0.000000
0.142382
-0.008568
0.000000
0.000000
-0.049073
-0.294206
0.000000
0.000000
0.000000
0.000000
0.000000
0.000000
-0.186538
0.000000
0.000000
0.000000
-0.163329
0.000000
0.000000
0.363760
0.000000
0.000000
0.000000
0.000000
0.000000
0.000000
0.000000
0.000000
-0.035570
0.000000
0.000000
-0.869430
-0.283334
-0.184104
0.023865
0.319620
0.208234
0.007080
0.133054
-0.006150
0.262799
0.463628
-0.026711
0.319842
0.159616
-0.078806
-0.121946
0.000000
0.000000
0.017778
-0.108489
-0.199028
-0.177825
0.000000
0.000000
0.000000
0.000000
0.000000
0.000000
0.000000
-0.394376
-0.434708
-0.079201
0.018579
0.222602
0.521534
0.270606
-0.055773
0.000000
0.000000
0.058429
-0.085922
0.565324
0.000000
0.000000
-0.120302
-0.147421
0.000000
0.000000
0.000000
0.000000
0.000000
-0.058237
0.000000
0.000000
0.000000
0.227351
0.000000
0.000000
0.000000
0.000000
0.000000
-0.562655
-0.328679
-0.164144
0.201859
0.070406
-0.367451
-0.456586
-0.348892
-0.133208
-0.001987
0.360047
0.635538
0.380289
0.082035
-0.066754
0.207612
0.138049
-0.023889
-0.095768
0.351062
0.295542
0.030361
-0.259722
0.000000
0.000000
0.000000
0.000000
0.000000
0.000000
0.000000
0.000000
-0.253800
0.000000
0.000000
0.000000
0.000000
0.000000
0.000000
0.000000
0.000000
0.000000
-0.364222
-0.212510
0.114747
0.378104
0.000000
0.000000
0.000000
0.000000
0.246942
-0.298551
-0.493629
-0.472339
0.000000
0.000000
0.000000
0.000000
0.000000
0.000000
0.000000
-0.142509
0.338191
0.615509
0.783803
0.000000
0.000000
0.000000
0.000000
0.000000
0.000000
0.000000
0.000000
0.000000
0.000000
0.000000
0.000000
-0.279990
-0.474298
-0.149010
0.252132
-0.170585
-0.108747
0.000000
0.000000
0.000000
0.000000
0.000000
0.000000
0.121650
0.000000
0.000000
-0.219003
-0.083296
0.274580
0.383922
0.011372
-0.080807
0.205630
0.069072
-0.128380
-0.077698
-0.104469
-0.215960
-0.209825
-0.086349
0.000000
0.000000
0.148230
-0.252084
0.057694
0.273001
-0.226006
0.022437
0.143088
0.049552
0.000000
0.000000
0.000000
0.293972
-0.122563
0.000000
0.000000
0.329255
-0.026158
-0.074669
0.159261
0.116784
-0.121620
0.053878
-0.049373
-0.079825
0.234166
0.049544
0.000000
0.000000
0.000000
0.000000
-0.214895
0.000000
0.000000
-0.231237
-0.063960
0.057722
-0.482149
-0.500776
-0.293034
-0.098080
-0.368642
0.015948
0.331272
0.289128
0.512447
0.595178
0.000000
0.000000
0.000000
0.000000
0.000000
0.000000
0.141317
0.000000
0.000000
0.000000
0.000000
-0.452028
-0.203903
0.083385
0.390631
-0.112578
-0.259768
-0.145782
0.244034
0.844153
0.000000
0.000000
0.287952
0.000000
0.000000
0.000000
0.000000
0.000000
0.000000
-0.186349
-0.407161
-0.498340
-0.477708
-0.038238
0.000000
0.000000
0.020156
0.000000
0.000000
0.000000
0.000000
0.000000
0.000000
0.000000
0.000000
0.000000
0.000000
0.000000
0.000000
0.000000
0.000000
0.000000
0.000000
0.439864
0.357477
0.459641
0.177418
0.000000
0.000000
0.000000
0.000000
0.000000
0.000000
0.000000
0.000000
0.000000
0.000000
0.179756
-0.016422
-0.179793
0.068216
-0.041383
-0.451521
-0.602742
-0.457872
-0.133494
-0.471732
-0.096569
0.349288
-0.355150
0.357207
0.487796
0.414062
0.039134
0.000000
0.000000
0.000000
0.000000
0.000000
0.000000
0.000000
0.000000
0.000000
0.000000
0.000000
0.000000
0.000000
0.000000
0.000000
0.000000
0.682160
-0.064701
0.000000
0.000000
0.000000
-0.053700
0.000000
0.000000
0.000000
0.000000
-0.491089
-0.417003
-0.223983
0.026235
0.202376
0.396380
0.195490
0.286979
0.000000
0.000000
0.000000
0.000000
0.000000
0.000000
0.000000
0.308286
0.000000
0.000000
-0.832887
-0.231942
-0.514596
-0.531064
-0.223854
0.031327
0.428917
0.453197
0.318602
0.230997
0.112728
0.020794
0.000000
0.000000
0.000000
0.000000
-0.022463
0.130885
0.225897
0.165811
0.028143
-0.125114
-0.253077
0.080014
0.000000
0.000000
0.300398
-0.219514
0.000000
0.000000
0.000000
-0.267793
-0.464038
-0.268816
0.306238
0.305637
0.044311
0.649885
0.000000
0.000000
0.000000
-0.324258
-0.120158
0.085156
-0.269046
-0.172691
-0.212101
-0.133533
-0.148068
0.044032
0.253216
0.301716
0.116796
0.145809
-0.181293
