0.000000
0.000000
-0.248439
0.173905
0.000000
0.000000
-0.103533
-0.383919
-0.100743
0.038239
0.016801
0.432803
-0.035841
-0.021456
0.262778
0.144449
0.055817
-0.308730
-0.118011
0.280615
0.276905
0.223607
0.122657
0.449112
0.483563
0.153357
0.136039
0.000000
0.000000
-0.950817
-0.718985
-0.711213
-0.278108
-0.251508
-0.125700
-0.190515
0.122538
-0.129535
-0.001940
0.357628
-0.221484
0.158562
0.318180
0.135927
-0.098897
0.008769
-0.061184
0.181787
0.186581
0.196191
0.128933
-0.324198
0.165483
0.209703
0.279053
0.164359
0.502835
0.371306
-0.038475
-0.174142
-0.561120
-0.249213
0.228155
0.353859
-0.014072
-0.011866
-0.300689
-0.012488
-0.374793
-0.103287
-0.293048
0.045877
0.088762
-0.046872
0.062604
-0.111789
-0.092162
0.022711
-0.619695
-0.076599
0.271077
-0.201820
0.127017
0.399952
0.350178
-0.011282
-0.059910
-0.124958
-0.074057
0.000000
0.000000
0.309810
0.057626
-0.299052
0.117528
-0.126759
-0.362673
0.160097
-0.103875
0.436269
0.204232
0.242008
0.081433
-0.262795
0.089427
0.213538
-0.122422
-0.195667
-0.150712
-0.088496
0.067458
-0.014225
-0.042743
-0.003238
0.400559
0.203281
0.252650
0.000000
0.000000
0.000000
0.000000
-0.101150
-0.148836
-0.399489
-0.288226
-0.199621
-0.240151
-0.218076
0.090088
-0.134488
-0.088242
-0.291907
0.017763
0.259002
0.218573
0.230080
0.123269
0.114716
-0.063833
-0.078743
0.246264
0.246573
0.109074
0.822056
0.154906
0.142794
-0.061576
-0.370331
-0.425281
-0.087987
-0.231511
-0.485926
-0.205749
-0.230824
-0.041142
0.062281
0.039681
0.317797
0.006815
0.155864
0.247471
0.050566
-0.144836
-0.058116
0.000000
0.000000
0.565446
0.008375
-0.095303
0.025621
0.375194
0.121596
0.072809
0.043217
-0.250637
0.117385
-0.188671
-0.427435
-0.326201
0.023927
0.000000
0.000000
0.000000
-0.222155
-0.305405
-0.409333
0.024249
-0.052520
-0.167014
0.000000
0.000000
0.000000
0.573497
0.000000
0.000000
0.000000
0.172592
0.325633
0.367281
0.322465
0.171426
-0.267328
0.095496
-0.042295
0.303029
-0.019120
-0.133596
0.000000
0.000000
0.085638
0.012760
0.035251
0.113498
-0.210034
-0.066247
-0.220591
-0.403019
-0.099735
0.043900
-0.189431
0.000000
0.000000
-0.000127
-0.040717
-0.345957
-0.280900
0.000000
0.000000
0.000000
0.287691
-0.076123
0.026076
0.168819
-0.038324
0.023863
-0.187491
0.320785
0.223388
0.371696
0.581123
0.090766
-0.402004
0.028613
0.106608
0.000000
0.000000
0.000000
-0.429402
0.000000
0.000000
-0.174417
0.061946
-0.010689
-0.362424
-0.136065
-0.405828
-0.004824
0.080340
0.370606
0.060510
0.000000
0.000000
-0.026389
0.412520
0.468751
0.601055
0.126530
-0.132604
-0.031663
-0.407128
0.077393
-0.370946
-0.330796
0.052694
-0.166953
0.039286
-0.210651
-0.367140
0.226690
-0.042006
-0.033916
-0.085999
0.000000
0.000000
0.000000
0.000000
0.000000
0.000000
-0.289672
0.000000
0.000000
0.000000
0.003605
0.727900
0.648043
0.014183
0.010737
0.295766
-0.129139
-0.552027
-0.045397
-0.242703
0.000000
0.000000
0.000000
0.238817
0.441847
-0.047069
0.000000
0.000000
-0.071802
0.028030
0.000000
0.000000
0.000000
0.000000
0.197490
0.140951
-0.488965
-0.463644
-0.134990
-0.456681
0.000000
0.000000
-0.058405
0.128744
0.106009
-0.078718
-0.278246
-0.037800
0.008675
-0.015010
0.194616
-0.091634
0.663678
0.142025
0.285243
0.428649
0.000000
0.000000
0.000000
0.000000
-0.379735
-0.493846
0.000000
0.000000
0.192096
-0.027800
-0.223252
0.072235
0.069059
0.041664
0.121549
0.000000
0.000000
0.000000
-0.034325
0.319858
0.073808
0.037696
0.173824
0.049907
0.000000
0.000000
0.000000
0.000000
-0.749403
-0.406332
0.000000
0.000000
-0.133598
-0.007096
0.151372
-0.156717
-0.100402
-0.132766
0.178590
0.585812
0.265865
0.130031
-0.299416
0.058917
0.000000
0.000000
0.001692
0.325176
-0.414155
0.000000
0.000000
0.217368
0.163131
0.120247
-0.257557
-0.193522
0.245370
-0.055156
-0.172508
-0.147162
-0.491451
-0.526274
0.000000
0.000000
0.000000
0.324751
0.450237
0.225025
0.112653
0.000120
0.106529
0.206144
0.231803
0.014460
0.250512
0.003613
-0.359493
0.178444
0.000000
0.000000
0.000000
0.000000
-0.398865
-0.020699
0.057212
-0.301299
0.000000
0.000000
0.000000
0.000000
-0.361167
-0.196547
-0.113770
-0.080768
0.345122
0.007085
-0.059335
-0.068797
0.258032
0.437357
-0.070812
-0.222365
-0.392219
-0.210790
0.121240
0.229566
0.000000
0.000000
-0.097807
0.679561
0.000000
0.000000
0.000000
0.518522
0.051518
0.000000
0.000000
0.247638
0.000000
0.000000
0.000000
0.000000
-0.531608
-0.010561
-0.263954
-0.133337
-0.428727
-0.668019
0.296802
0.305658
-0.289948
-0.003600
0.204390
0.050584
-0.062620
0.094614
0.000000
0.000000
0.113530
0.105430
-0.011160
-0.071727
0.054900
0.351945
0.000000
0.000000
-0.016274
-0.022308
0.000000
0.000000
0.105903
0.144428
-0.155440
-0.065419
0.144997
-0.117775
-0.080154
0.214583
-0.175902
0.009392
0.256427
0.231544
0.000000
0.000000
0.000000
0.000000
0.135363
0.005469
-0.460793
-0.358567
-0.036581
-0.071626
-0.238668
-0.134869
-0.075087
-0.233462
0.011125
0.349999
-0.084712
0.011907
0.083472
0.208994
0.129414
-0.237057
0.014371
0.015419
0.230386
0.056212
0.000000
0.000000
0.000000
0.243998
0.130960
0.192727
-0.137280
0.223335
0.076915
-0.327413
0.238504
0.153555
0.097708
0.191346
-0.132769
0.138633
-0.069912
-0.025408
-0.285717
-0.620760
-0.401478
-0.055148
-0.209772
0.000000
0.000000
-0.629902
0.023637
0.108266
-0.132318
0.434616
0.479091
0.081453
0.334322
0.111535
-0.318131
0.029431
-0.119373
-0.110644
0.303987
0.231965
0.130206
0.085157
0.346399
0.000000
0.000000
0.000000
0.122858
0.054719
-0.107372
0.040054
-0.050386
-0.198214
0.335995
-0.173227
-0.420124
-0.977971
-0.620347
0.016658
0.000000
0.000000
0.000000
0.000000
0.234678
0.459801
0.503249
0.432422
0.000000
0.000000
-0.138735
0.257600
0.007491
0.000000
0.000000
-0.169333
-0.089759
0.303342
0.000000
0.000000
-0.215012
-0.415271
-0.045558
0.000000
0.000000
0.000000
0.000000
0.000000
0.000000
0.000000
-0.493708
0.000000
0.000000
0.366474
0.000000
0.000000
0.098151
0.000000
0.000000
0.179780
0.170664
0.000000
0.000000
0.000000
0.000000
0.000000
0.000000
0.376131
0.472637
0.000000
0.000000
-0.864979
-0.323039
0.197531
0.212514
-0.346676
0.000000
0.000000
0.000000
0.000000
0.000000
-0.903091
0.000000
0.000000
-0.172431
0.792628
-0.020360
0.383979
0.069840
0.000000
0.000000
0.000000
0.000000
0.000000
0.000000
0.000000
0.420072
-0.054003
-0.557878
0.574351
0.149300
-0.386676
0.000000
0.000000
0.000000
0.000000
0.000000
0.050935
-0.608992
0.354641
0.000000
0.000000
-0.025897
-0.037035
0.000000
0.000000
0.000000
0.359433
0.290068
0.055721
0.041216
-0.062488
-0.338499
-0.689825
-0.524082
0.000000
0.000000
0.000000
0.000000
-0.148968
0.144934
0.030180
0.205639
0.072087
0.356023
0.506106
0.793627
0.000000
0.000000
0.218095
-0.325440
-0.502469
0.000000
0.000000
0.000000
0.000000
0.000000
-0.299183
0.010904
0.000000
0.000000
-0.238898
0.015593
0.000000
0.000000
0.000000
0.000000
0.000000
0.000000
-0.489494
0.000000
0.000000
0.000000
0.285437
0.000000
0.000000
0.200450
0.000000
0.000000
0.000000
0.000000
0.000000
0.000000
0.000000
0.000000
0.068362
0.000000
0.000000
0.088964
0.065044
-0.027851
0.642863
-0.033867
-0.074879
-0.212545
0.172786
0.278099
-0.582705
-0.044237
-0.269941
-0.188047
0.018437
-0.158404
-0.202404
0.000000
0.000000
0.345248
0.231843
0.185622
-0.204427
0.000000
0.000000
0.000000
0.000000
0.000000
0.000000
0.000000
-0.197473
-0.091172
-0.402004
0.166213
0.405754
0.369129
0.422318
-0.051805
0.000000
0.000000
-0.334820
0.014711
-0.675577
0.000000
0.000000
0.329927
0.250687
0.000000
0.000000
0.000000
0.000000
0.000000
-0.817806
0.000000
0.000000
0.000000
0.280287
0.000000
0.000000
0.000000
0.000000
0.000000
0.644227
0.090875
-0.121609
0.520942
0.220432
-0.175218
0.079580
-0.231825
-0.725824
-0.546688
-0.352562
0.043636
0.500080
-0.037608
0.247266
-0.043859
-0.118658
0.477272
0.431114
-0.018892
0.064813
-0.065782
-0.444126
0.000000
0.000000
0.000000
0.000000
0.000000
0.000000
0.000000
0.000000
-0.588131
0.000000
0.000000
0.000000
0.000000
0.000000
0.000000
0.000000
0.000000
0.000000
0.127439
0.292189
0.226339
0.337997
0.000000
0.000000
0.000000
0.000000
-0.217175
0.415139
-0.163972
-0.299714
0.000000
0.000000
0.000000
0.000000
0.000000
0.000000
0.000000
0.005974
-0.801241
0.285836
-0.087854
0.000000
0.000000
0.000000
0.000000
0.000000
0.000000
0.000000
0.000000
0.000000
0.000000
0.000000
0.000000
-0.255162
0.010314
0.337790
0.478492
0.528702
-0.147399
0.000000
0.000000
0.000000
0.000000
0.000000
0.000000
0.157370
0.000000
0.000000
-0.012191
-0.315454
-0.118777
-0.415532
-0.438261
-0.026555
-0.293075
-0.045808
0.241376
-0.077073
-0.334609
0.131049
0.246694
0.158029
0.000000
0.000000
0.069636
0.372190
0.254841
0.579824
-0.234903
0.461424
0.076370
0.063785
0.000000
0.000000
0.000000
-0.301123
-0.957485
0.000000
0.000000
-0.124550
-0.419594
0.030531
0.092692
0.176771
0.005761
0.077448
-0.016576
0.426287
0.029183
-0.128590
0.000000
0.000000
0.000000
0.000000
-0.170574
0.000000
0.000000
-0.195513
0.034140
0.050334
-0.275494
0.571207
0.395926
-0.124664
0.732184
-0.055130
-0.057494
-0.029877
-0.442977
-0.507207
0.000000
0.000000
0.000000
0.000000
0.000000
0.000000
-0.296986
0.000000
0.000000
0.000000
0.000000
-0.521750
0.357235
0.334953
0.455049
0.010007
0.074134
0.238160
-0.268339
-0.057641
0.000000
0.000000
-0.073834
0.000000
0.000000
0.000000
0.000000
0.000000
0.000000
-0.534944
-0.176852
-0.067912
0.367265
0.107786
0.000000
0.000000
0.235774
0.000000
0.000000
0.000000
0.000000
0.000000
0.000000
0.000000
0.000000
0.000000
0.000000
0.000000
0.000000
0.000000
0.000000
0.000000
0.000000
0.077409
-0.158794
-0.029095
-0.052607
0.000000
0.000000
0.000000
0.000000
0.000000
0.000000
0.000000
0.000000
0.000000
0.000000
-0.416230
-0.300288
0.098794
0.207386
0.585229
-0.022329
0.191670
0.314573
0.231403
0.223121
-0.029290
-0.627077
-0.314885
-0.271755
0.439105
0.036337
-0.501583
0.000000
0.000000
0.000000
0.000000
0.000000
0.000000
0.000000
0.000000
0.000000
0.000000
0.000000
0.000000
0.000000
0.000000
0.000000
0.000000
-0.230000
0.277807
0.000000
0.000000
0.000000
1.060579
0.000000
0.000000
0.000000
0.000000
0.204096
-0.498561
0.104908
-0.396192
-0.458147
0.045394
-0.310440
-0.185156
0.000000
0.000000
0.000000
0.000000
0.000000
0.000000
0.000000
0.057638
0.000000
0.000000
0.237827
0.660945
0.033932
0.196106
-0.026351
0.220109
-0.082584
-0.197570
-0.370577
0.003071
-0.133242
0.261611
0.000000
0.000000
0.000000
0.000000
-0.321314
0.098951
0.001487
-0.039270
-0.021247
-0.048627
-0.088199
-0.095379
0.000000
0.000000
-0.101048
0.185454
0.000000
0.000000
0.000000
0.431028
-0.446285
-0.303572
0.190340
0.196134
0.476857
0.000376
0.000000
0.000000
0.000000
-0.212513
0.162821
-0.073672
-0.391728
-0.198182
-0.045476
0.064844
0.542105
0.200686
-0.143323
-0.169036
-0.227339
-0.258534
0.388973
