0.000000
0.000000
-0.383083
-0.541583
0.000000
0.000000
0.206185
0.261259
0.024653
0.183194
0.420265
0.574080
-0.273799
0.015624
-0.168750
0.231676
0.256895
0.330867
0.138743
-0.123247
-0.104670
-0.176325
-0.000124
-0.140227
-0.158963
-0.429116
-0.191325
0.000000
0.000000
-0.442971
-0.294356
-0.172524
0.197006
-0.307728
-0.117230
0.228925
0.216429
-0.149437
-0.095023
0.104991
0.082104
0.144450
0.355524
0.181547
0.310441
0.146134
0.009124
-0.140408
-0.197203
0.177230
0.243659
0.076085
-0.126011
-0.116410
-0.099539
0.139697
0.317571
-0.010713
0.037701
0.168333
-0.032963
-0.186648
-0.064210
-0.021826
-0.205463
-0.162027
-0.072278
-0.031698
-0.151651
0.153665
-0.129242
-0.242376
-0.048202
0.109646
0.111033
0.220042
-0.051518
-0.216101
-0.214733
-0.157715
-0.182639
-0.082707
0.045747
0.050706
0.060245
0.055988
-0.078654
0.279833
0.326628
0.000000
0.000000
0.456783
0.113782
0.080144
0.203540
-0.077502
-0.324340
-0.147981
-0.088896
-0.226047
-0.231502
-0.024925
0.410042
-0.012652
-0.190091
-0.101743
0.411396
0.415312
-0.090585
-0.177630
0.103718
0.166339
0.411138
-0.110438
-0.325297
-0.234327
-0.052849
0.000000
0.000000
0.000000
0.000000
-0.340975
0.001082
-0.157571
-0.405473
0.002654
0.363481
-0.093066
-0.460895
0.003825
-0.187511
-0.132994
0.063719
0.034520
0.078117
0.115233
0.342815
0.478927
0.137029
0.326956
0.047069
-0.135592
-0.165182
-0.011738
-0.007705
0.255823
0.184014
0.158115
0.125437
0.266642
0.095520
-0.397005
-0.403401
-0.107772
0.010677
-0.116150
-0.429698
-0.176628
0.070596
-0.006953
-0.009718
0.174251
0.208076
0.002120
0.000000
0.000000
0.164313
-0.070113
-0.420406
-0.109544
0.188532
-0.028234
-0.100940
-0.163134
0.187950
0.214910
-0.098199
-0.135032
0.025469
-0.128825
0.000000
0.000000
0.000000
0.061609
0.165225
0.026111
-0.102305
-0.013268
0.280639
0.000000
0.000000
0.000000
0.150599
0.000000
0.000000
0.000000
-0.003783
-0.081813
0.252126
0.322912
0.251018
0.059182
-0.484443
-0.108397
0.149419
0.033687
-0.071379
0.000000
0.000000
-0.143899
-0.003834
0.022980
-0.158247
-0.470231
-0.132822
-0.225486
-0.299721
0.046985
0.039711
-0.077492
0.000000
0.000000
0.162814
0.041323
0.255344
0.448264
0.000000
0.000000
0.000000
-0.086065
-0.102216
0.074092
0.242886
0.259654
0.306563
0.087121
-0.107099
0.079885
-0.085171
-0.329830
-0.332830
0.060104
0.068374
0.051167
0.000000
0.000000
0.000000
-0.191680
0.000000
0.000000
0.168774
-0.273305
0.007777
-0.000874
-0.088214
-0.094817
-0.005300
0.121352
-0.036176
0.065757
0.000000
0.000000
-0.042941
0.144148
0.189908
0.105746
-0.151351
0.029359
0.201052
0.139641
0.114915
-0.053075
-0.585368
-0.297052
-0.059875
0.059854
-0.017653
-0.019404
-0.058757
0.120372
0.184914
0.047529
0.000000
0.000000
0.000000
0.000000
0.000000
0.000000
0.077623
0.000000
0.000000
0.000000
0.136890
0.221228
0.068257
-0.147304
0.463192
-0.157063
-0.286632
-0.161595
-0.216744
-0.134584
0.000000
0.000000
0.000000
0.254792
0.106369
-0.226813
0.000000
0.000000
0.305391
0.240812
0.000000
0.000000
0.000000
0.000000
-0.206666
-0.464989
-0.179987
-0.116179
0.032098
0.240374
0.000000
0.000000
-0.118670
0.182700
0.097542
-0.165270
0.051829
0.087794
-0.190513
-0.049291
0.412450
0.096640
-0.329720
0.041923
0.069865
0.087290
0.000000
0.000000
0.000000
0.000000
0.078487
0.270243
0.000000
0.000000
0.057772
-0.013802
-0.071995
-0.184808
0.109355
-0.066511
-0.387036
0.000000
0.000000
0.000000
0.148504
0.047480
-0.151991
0.064880
0.123593
-0.034457
0.000000
0.000000
0.000000
0.000000
-0.334006
0.177907
0.000000
0.000000
0.486598
0.185615
-0.194987
-0.193705
-0.051297
-0.123089
-0.389251
0.001992
0.045923
0.350417
0.148148
-0.108670
0.000000
0.000000
-0.117236
-0.007200
0.106147
0.000000
0.000000
0.135903
0.233913
0.003222
-0.275372
-0.421902
-0.559607
0.244532
0.535867
0.282030
0.141163
0.000755
0.000000
0.000000
0.000000
-0.148809
-0.101104
-0.135592
-0.174405
-0.523103
-0.286495
0.117387
0.500452
0.355561
0.203561
0.084379
0.208813
0.230644
0.000000
0.000000
0.000000
0.000000
-0.223406
-0.259561
-0.061097
-0.081303
0.000000
0.000000
0.000000
0.000000
0.026166
-0.171199
-0.231548
-0.035210
0.015481
-0.321979
-0.287189
-0.085044
-0.248075
0.365369
0.346156
0.377081
0.472317
-0.111364
0.199044
0.597466
0.000000
0.000000
-0.197213
-0.127234
0.000000
0.000000
0.000000
-0.310921
-0.380386
0.000000
0.000000
0.071216
0.000000
0.000000
0.000000
0.000000
-0.399081
-0.389395
0.000449
0.155638
0.224384
0.183344
0.154789
0.071525
0.015653
0.096669
-0.187960
0.075698
-0.102840
0.046476
0.000000
0.000000
0.534030
0.131159
-0.195944
-0.065030
-0.070183
0.082791
0.000000
0.000000
-0.200104
-0.235356
0.000000
0.000000
0.174707
-0.133183
-0.325852
-0.411892
-0.168034
0.453413
0.084743
0.179156
0.252530
0.383349
-0.195869
0.035431
0.000000
0.000000
0.000000
0.000000
-0.132608
0.110262
-0.134576
-0.477134
0.174831
0.051915
-0.202585
-0.006941
0.103112
0.156236
-0.199997
0.461546
0.355330
0.154603
-0.513824
-0.072809
0.368139
0.243291
0.085961
-0.005269
-0.377539
-0.560856
0.000000
0.000000
0.000000
-0.382829
-0.114871
-0.045050
0.176660
0.370820
-0.212589
-0.294286
-0.068098
-0.009795
0.335180
0.367934
0.037746
0.107231
0.307624
0.361952
0.254757
0.060175
-0.308835
-0.141145
0.033765
0.000000
0.000000
-0.714684
-0.369286
-0.140682
-0.082655
-0.177422
0.196354
-0.014753
0.057832
0.024564
-0.121902
0.021238
0.209672
0.343274
0.085842
0.436354
0.022726
0.040351
0.220596
0.000000
0.000000
0.000000
0.494555
0.217118
-0.666012
-0.632762
-0.426964
-0.040733
0.265870
0.025540
-0.184681
-0.449035
-0.206369
-0.014433
0.000000
0.000000
0.000000
0.000000
0.518478
0.277113
0.206201
-0.048366
0.000000
0.000000
-0.090776
0.326121
0.106463
0.000000
0.000000
0.420463
0.083444
-0.150256
0.000000
0.000000
-0.569433
-0.444470
-0.041547
0.000000
0.000000
0.000000
0.000000
0.000000
0.000000
0.000000
0.808511
0.000000
0.000000
-0.191082
0.000000
0.000000
-0.221632
0.000000
0.000000
-0.249863
-0.017169
0.000000
0.000000
0.000000
0.000000
0.000000
0.000000
-0.695596
-0.279426
0.000000
0.000000
0.978297
0.357061
-0.097755
0.440111
-0.069993
0.000000
0.000000
0.000000
0.000000
0.000000
0.159214
0.000000
0.000000
-0.186061
-0.684335
0.047799
0.350166
-0.152952
0.000000
0.000000
0.000000
0.000000
0.000000
0.000000
0.000000
0.008222
-0.035352
0.396604
0.116857
-0.291249
-0.184822
0.000000
0.000000
0.000000
0.000000
0.000000
-0.039856
-0.350914
-0.332625
0.000000
0.000000
0.054049
0.377607
0.000000
0.000000
0.000000
-0.077587
0.142356
0.177616
0.425057
-0.074726
-0.017711
0.489089
-0.161554
0.000000
0.000000
0.000000
0.000000
0.115173
-0.534084
-0.549851
0.003897
0.058927
0.116345
0.423300
0.120433
0.000000
0.000000
-0.092607
-0.091277
-0.268322
0.000000
0.000000
0.000000
0.000000
0.000000
0.168100
-0.073729
0.000000
0.000000
-0.313400
-0.273566
0.000000
0.000000
0.000000
0.000000
0.000000
0.000000
0.250807
0.000000
0.000000
0.000000
0.374018
0.000000
0.000000
0.863045
0.000000
0.000000
0.000000
0.000000
0.000000
0.000000
0.000000
0.000000
-0.727062
0.000000
0.000000
-0.703631
0.076840
0.062431
0.170365
0.014695
-0.011759
-0.349445
-0.375760
0.123097
0.021529
0.222119
0.466304
0.310820
-0.306302
-0.056064
0.286153
0.000000
0.000000
0.324390
0.196819
0.009146
-0.639078
0.000000
0.000000
0.000000
0.000000
0.000000
0.000000
0.000000
-0.370355
-0.051427
0.357396
0.280321
0.106509
0.479466
0.119099
-0.759942
0.000000
0.000000
0.272448
-0.201517
-0.243829
0.000000
0.000000
-0.090059
-0.089500
0.000000
0.000000
0.000000
0.000000
0.000000
-0.363900
0.000000
0.000000
0.000000
0.059310
0.000000
0.000000
0.000000
0.000000
0.000000
0.017359
0.179609
-0.118929
0.505769
0.130872
0.205951
0.689596
0.604526
-0.237024
-0.463867
-0.318505
-0.259073
-0.389271
-0.192271
0.112598
0.187376
-0.252221
0.210541
0.064889
0.160424
-0.404952
-0.268441
0.278295
0.000000
0.000000
0.000000
0.000000
0.000000
0.000000
0.000000
0.000000
-0.461662
0.000000
0.000000
0.000000
0.000000
0.000000
0.000000
0.000000
0.000000
0.000000
0.083767
0.566868
0.062698
0.161025
0.000000
0.000000
0.000000
0.000000
0.050023
-0.261566
0.096487
0.118397
0.000000
0.000000
0.000000
0.000000
0.000000
0.000000
0.000000
-0.422803
-0.107442
0.443055
-0.397003
0.000000
0.000000
0.000000
0.000000
0.000000
0.000000
0.000000
0.000000
0.000000
0.000000
0.000000
0.000000
-0.068206
0.077627
0.125087
0.231832
-0.002456
-0.434603
0.000000
0.000000
0.000000
0.000000
0.000000
0.000000
-0.163531
0.000000
0.000000
-0.096303
0.083061
0.054931
0.252021
0.192155
0.117160
0.031318
-0.189817
0.085844
0.412058
0.155797
-0.013047
0.106431
-0.089927
0.000000
0.000000
-0.493896
-0.216059
0.096110
-0.198051
-0.116503
0.005093
0.334634
-0.054459
0.000000
0.000000
0.000000
-0.671910
-0.934163
0.000000
0.000000
0.569959
0.527688
0.066143
0.202916
0.631712
0.448611
-0.111229
-0.471374
-0.002691
-0.164715
-0.385484
0.000000
0.000000
0.000000
0.000000
0.341416
0.000000
0.000000
0.289625
-0.196951
-0.021646
-0.293266
0.093577
0.229972
0.091400
0.182650
0.090438
-0.112240
-0.179277
-0.263762
-0.245650
0.000000
0.000000
0.000000
0.000000
0.000000
0.000000
-0.333306
0.000000
0.000000
0.000000
0.000000
0.184554
0.341551
0.313591
-0.106740
-0.187443
0.031643
0.166215
0.112069
-0.064444
0.000000
0.000000
-0.133667
0.000000
0.000000
0.000000
0.000000
0.000000
0.000000
-0.347478
0.083172
0.039880
0.050350
0.128970
0.000000
0.000000
-0.221969
0.000000
0.000000
0.000000
0.000000
0.000000
0.000000
0.000000
0.000000
0.000000
0.000000
0.000000
0.000000
0.000000
0.000000
0.000000
0.000000
0.174962
0.216115
-0.029012
0.083355
0.000000
0.000000
0.000000
0.000000
0.000000
0.000000
0.000000
0.000000
0.000000
0.000000
0.014723
-0.224120
-0.073919
-0.121935
0.028976
-0.513855
-0.039525
-0.019054
0.250897
-0.163417
-0.136911
0.250134
-0.157989
0.123991
0.294208
0.292657
0.122393
0.000000
0.000000
0.000000
0.000000
0.000000
0.000000
0.000000
0.000000
0.000000
0.000000
0.000000
0.000000
0.000000
0.000000
0.000000
0.000000
-0.192787
-0.572705
0.000000
0.000000
0.000000
0.552433
0.000000
0.000000
0.000000
0.000000
0.012082
0.351929
0.138488
0.005680
0.036656
0.258711
-0.411200
-0.524746
0.000000
0.000000
0.000000
0.000000
0.000000
0.000000
0.000000
-0.220449
0.000000
0.000000
-0.235530
0.049651
-0.226110
-0.184985
-0.036909
0.041168
0.068917
0.122781
0.411346
0.295775
0.503343
0.572984
0.000000
0.000000
0.000000
0.000000
-0.475093
-0.077053
0.295315
0.161446
-0.329421
-0.229222
-0.251546
-0.170038
0.000000
0.000000
0.195971
-0.051727
0.000000
0.000000
0.000000
-0.274231
-0.963225
-0.232777
0.091320
0.591992
0.189624
-0.078263
0.000000
0.000000
0.000000
-0.105109
0.520258
0.451419
-0.200376
-0.164478
0.158650
0.366493
0.297436
0.179102
-0.363831
-0.332517
-0.014395
0.011829
-0.247084
