0.395542
0.283214
0.000000
0.000000
-0.175881
-0.400576
-0.122325
-0.128499
-0.274599
-0.060258
0.212295
0.220951
0.162117
-0.103813
-0.366607
-0.060045
0.120319
0.257764
-0.024805
-0.191213
-0.168082
-0.012035
-0.156901
0.257104
0.133267
0.110465
0.297096
-0.064867
-0.235846
-0.021777
0.210706
0.308874
-0.002979
-0.205189
-0.256454
0.029252
0.087063
0.180854
0.047373
0.081024
-0.346356
-0.260345
-0.055964
0.199374
0.144045
-0.013822
-0.030868
-0.005144
0.051361
-0.008793
-0.034869
-0.033175
0.038113
0.157991
0.235675
-0.063217
-0.140651
-0.111040
-0.116534
0.146447
-0.003528
-0.105986
-0.155512
0.172060
0.118034
0.207291
-0.234981
-0.284130
-0.234712
0.002488
0.065810
0.099926
-0.146657
-0.224078
0.098373
0.384726
0.331494
0.072515
-0.101651
-0.073582
-0.045701
0.162435
0.335134
-0.138231
-0.362305
-0.131706
-0.197913
-0.062661
-0.176259
0.118321
0.005852
0.006005
0.200117
0.143157
0.139863
0.168701
-0.017986
-0.104813
0.104225
0.002589
-0.036908
0.110743
0.123700
0.088935
0.058336
-0.138329
-0.091934
-0.008639
-0.231114
-0.106720
0.022568
0.000000
0.000000
0.000000
0.000000
-0.151781
-0.416473
-0.304332
0.031669
0.034449
0.101561
0.050495
0.162012
0.330725
0.068986
0.075398
0.133592
-0.204950
-0.152474
-0.255198
0.000000
0.495770
0.225167
-0.051112
-0.091970
0.117022
0.048451
-0.064429
0.006595
0.307608
0.138882
-0.177721
-0.116684
0.035844
0.176131
-0.154165
-0.220116
-0.240780
-0.119037
-0.009923
0.197172
0.126656
0.087809
-0.062045
-0.194692
-0.426529
-0.108159
-0.105076
0.206022
0.432027
0.175834
-0.388504
-0.077751
-0.116991
-0.231993
-0.170467
0.063057
0.027888
-0.080464
0.163078
0.142519
0.360484
0.364350
0.299270
0.215331
0.387804
-0.120749
-0.208501
-0.261106
0.067709
0.037350
-0.152957
0.000000
0.000000
-0.015177
-0.061940
-0.390592
-0.348829
-0.059756
-0.093633
-0.211142
-0.014871
-0.053914
-0.081941
-0.154262
0.154896
0.232457
0.378690
0.263773
0.163459
-0.044056
0.164147
0.325915
0.145880
-0.054418
-0.350117
-0.449357
0.006802
0.000000
0.000000
0.000000
0.000000
0.000000
0.000000
0.000000
0.000000
0.000000
0.445198
0.243469
-0.044774
-0.375465
-0.350405
-0.199895
-0.110679
0.080755
-0.236586
-0.042262
0.125816
0.157433
0.264183
-0.047503
0.199942
0.186969
0.417116
0.000000
0.000000
-0.465592
-0.436759
0.010264
0.256027
0.230249
0.073326
-0.315085
-0.022040
-0.021619
-0.072771
-0.127761
-0.171336
-0.117087
-0.003088
0.193816
0.163617
0.217988
0.093998
0.259804
0.226630
-0.256543
-0.234373
-0.143062
-0.257155
-0.027912
-0.030178
0.211993
0.271496
0.276345
0.061288
-0.215740
-0.166799
-0.044062
-0.078772
0.024602
-0.107541
0.124858
0.097275
0.019369
0.144980
0.017922
-0.189638
-0.400783
-0.245670
-0.045260
-0.085021
-0.054195
0.048322
0.173896
0.212524
0.108317
0.145866
0.061222
-0.053514
-0.057513
-0.031825
0.249554
0.009599
0.052258
0.188425
-0.037360
-0.291968
-0.082724
-0.106792
0.133304
0.108048
0.276055
0.316682
0.095131
-0.336320
0.010512
0.016256
0.000000
0.179343
-0.352772
-0.569581
-0.245292
0.054326
0.048178
-0.144848
-0.125188
-0.003104
-0.021001
-0.052883
0.130469
0.075322
0.388116
0.433299
0.314070
-0.146522
-0.411064
-0.347852
-0.202455
0.002909
-0.003997
0.122313
0.065501
-0.002865
0.120399
0.068894
-0.100257
0.063236
0.286961
0.260530
0.112131
-0.046755
-0.043266
0.248876
0.207358
0.228410
0.259024
-0.043298
-0.122947
-0.387603
-0.462389
-0.204249
-0.314352
-0.274361
-0.252670
-0.255183
-0.153972
0.079107
-0.018962
0.218604
0.406844
0.464336
0.204314
-0.253408
-0.383490
-0.102003
-0.063602
0.009673
0.192030
-0.002893
0.087755
0.142895
0.124108
0.159901
0.009462
0.050751
0.064362
0.095318
0.012445
0.059952
0.043361
-0.124646
-0.033345
-0.088545
-0.246494
0.000000
0.000000
-0.138534
-0.125038
0.153753
-0.002914
0.113255
-0.021550
0.063003
-0.024164
-0.113532
0.131637
-0.008143
0.076189
0.206168
0.108590
0.231786
-0.162634
-0.232678
-0.096471
-0.172063
-0.245079
-0.206870
-0.111424
0.089917
0.192686
0.112638
0.170123
0.104467
0.137149
-0.047700
-0.140604
0.068313
-0.076268
-0.182026
0.019195
-0.026678
0.000143
0.039816
0.129105
0.117424
0.062224
-0.037204
-0.264798
-0.224759
-0.164353
0.000033
0.269487
0.155776
0.063364
0.120867
0.217455
0.010485
-0.123208
-0.177661
0.261828
0.215734
0.261879
-0.052117
-0.213024
-0.182896
-0.133167
-0.116079
-0.070044
-0.233884
-0.133945
-0.121665
0.241388
0.133258
0.082395
-0.340660
-0.316765
-0.191537
0.034754
0.262287
0.398744
0.309083
-0.039060
-0.056383
0.083577
0.012747
-0.084116
0.163708
0.055002
0.055212
-0.077419
-0.338307
-0.088574
0.125170
0.204016
0.320702
0.091856
0.110404
-0.280830
-0.367437
-0.382003
-0.173130
-0.141456
0.212558
0.311561
0.460901
0.000000
0.000000
0.000000
-0.117224
0.177758
-0.053930
-0.175785
-0.192263
-0.131005
-0.069032
-0.036098
-0.004070
0.138640
0.008198
-0.071433
-0.085138
0.185615
0.319748
-0.148376
-0.324823
0.087034
0.083965
0.007029
-0.185021
-0.084076
-0.019993
0.055006
-0.035620
0.280818
0.328147
0.314105
0.241264
-0.250177
-0.224715
0.036667
-0.015676
0.174540
-0.067751
-0.299943
-0.279000
-0.154375
-0.220504
-0.124040
0.190907
0.168328
0.143730
0.176335
0.203682
-0.235140
-0.115063
0.045329
0.118460
0.127100
0.024081
-0.063944
-0.105322
0.053816
0.038236
-0.086663
-0.265330
-0.231061
-0.227244
0.027464
0.121747
0.369205
0.333772
0.137909
-0.227824
-0.240779
-0.020420
0.135705
0.095558
0.257681
0.298441
0.084099
-0.441414
-0.259652
-0.076205
-0.148604
-0.381524
0.113701
0.349321
0.259662
0.392485
0.307774
-0.009606
-0.515842
-0.529577
-0.071194
-0.124662
0.036587
-0.045505
-0.274464
-0.065515
0.224039
0.055947
0.278492
0.225220
0.061354
0.207460
0.290375
0.197792
-0.027001
0.075296
-0.073931
-0.320045
-0.144498
-0.239051
-0.041634
-0.130555
-0.210660
-0.206622
-0.035967
-0.032596
0.000000
0.000000
0.035543
-0.189422
0.141509
0.117072
0.481010
0.570357
0.381590
0.255654
-0.098324
-0.357963
-0.323045
-0.305961
-0.145809
0.075943
0.147098
-0.035861
-0.149704
0.082646
0.094502
-0.058529
-0.351074
-0.250520
-0.159815
-0.114981
-0.162586
0.113213
0.283610
0.467511
0.368495
0.171373
-0.157080
-0.237665
-0.115175
-0.188952
0.048118
0.187634
0.211236
0.283803
-0.019034
-0.170828
0.011064
0.048777
-0.082648
-0.140010
-0.020114
0.000000
0.000000
0.000000
0.403086
-0.312846
-0.284995
-0.200355
0.192738
0.225964
0.110122
0.211283
-0.344547
-0.760274
-0.365430
-0.168726
0.069706
0.223096
0.124245
0.054437
0.197669
0.314350
0.342044
0.090162
0.151672
0.190105
-0.005482
-0.227812
-0.069021
-0.146486
0.067386
0.000000
0.000000
0.022330
-0.014540
0.085994
0.114880
0.193880
-0.060687
0.024390
-0.271532
-0.157443
0.309355
0.000000
0.000000
-0.185381
-0.399271
-0.486987
-0.412561
0.122911
0.202591
0.153189
0.098807
-0.239365
-0.046603
-0.135939
0.093740
0.160071
0.296986
0.166646
0.118069
-0.087070
0.020093
0.153623
0.283586
0.379555
0.319408
0.232928
-0.171375
-0.398716
-0.309632
-0.098567
-0.135167
-0.085500
0.173861
-0.002893
-0.221537
-0.191006
-0.023376
0.103882
0.061803
0.081092
0.258684
0.012956
-0.189177
-0.388167
-0.228106
0.030731
0.009145
-0.103698
-0.199829
-0.243883
-0.016375
0.277799
0.303224
0.279133
0.207924
0.175962
0.426724
0.290152
-0.203197
-0.299109
-0.256864
0.115634
0.191270
0.101180
0.129420
-0.130894
-0.389623
-0.668666
-0.299491
0.082577
0.100094
-0.029422
0.153882
0.439037
0.373937
0.042106
-0.224856
-0.240569
0.059449
0.000000
0.000000
0.000000
0.000000
0.000000
0.203283
-0.234212
0.000000
0.000000
0.000000
0.000000
0.000000
0.000000
0.000000
0.000000
0.000000
0.000000
0.000000
0.000000
0.000000
0.000000
-0.173121
0.000000
0.000000
-0.108501
-0.098286
0.265778
0.372888
-0.032006
0.103101
-0.044912
-0.011602
0.148903
-0.102990
-0.180599
-0.151891
0.032782
-0.006128
0.063785
0.108988
-0.079898
0.195419
0.164973
0.147659
-0.245642
-0.377087
-0.080232
0.125115
-0.127512
-0.186311
-0.218744
0.053595
0.088254
0.186054
0.163309
0.096741
-0.117273
-0.081961
-0.029951
0.259744
0.000000
0.000000
0.197644
-0.042671
-0.224833
-0.252611
0.103294
-0.002656
0.037487
0.091408
-0.043456
-0.110703
0.019768
-0.012187
-0.010513
0.176394
-0.028133
-0.104211
-0.047731
-0.078925
0.086237
-0.164874
0.099556
0.138709
0.295491
0.355399
0.305787
0.085434
-0.029778
-0.207489
-0.034963
-0.120443
-0.090800
-0.114146
-0.124045
-0.061054
-0.203599
-0.103617
-0.027346
0.084983
0.030111
-0.453598
-0.257696
-0.082437
0.157812
-0.011680
-0.287030
0.036576
0.070833
0.137636
0.041453
0.139876
0.102569
0.127033
0.194609
0.462746
0.439211
0.366483
-0.109932
-0.439372
-0.317792
-0.072756
0.114313
0.000000
0.000000
0.017628
-0.081653
-0.023793
-0.093453
0.057836
0.087617
0.243110
0.081620
0.001266
-0.156707
-0.074299
-0.110614
-0.302914
-0.089706
0.142472
-0.043204
-0.008637
-0.376958
-0.377269
-0.007564
0.046338
-0.055178
0.175636
0.018071
0.232463
0.121405
0.056919
-0.040446
0.265157
-0.016259
0.033695
-0.090260
-0.019519
-0.067997
0.090441
0.000000
-0.134779
0.241313
0.050436
-0.006785
0.100526
0.079789
-0.119279
-0.063789
-0.020829
0.277284
0.353484
0.059898
-0.201947
-0.192329
-0.154555
0.024960
0.172525
0.061065
-0.014036
-0.245084
-0.137189
0.000000
0.000000
0.000000
0.000000
0.000000
0.000000
0.000000
-0.301743
-0.529551
0.000000
0.000000
0.000000
0.000000
0.157763
0.150654
0.158338
0.354012
-0.124775
-0.341547
-0.186116
-0.000914
0.117874
0.233661
0.290452
0.079453
-0.004122
0.345921
-0.055311
-0.103231
-0.119686
-0.234469
-0.010953
0.062857
0.026711
-0.036480
0.000000
0.283244
0.218786
0.325422
0.256986
-0.134173
-0.140554
-0.187431
-0.061947
0.087244
0.093081
0.138722
0.075613
-0.193254
-0.616970
-0.482840
-0.236197
-0.173537
-0.083909
-0.087145
-0.204393
-0.049450
-0.086875
0.084211
0.078794
0.192992
0.079170
-0.108047
-0.111659
-0.024575
0.102752
0.082496
0.078282
0.109774
0.408629
0.624203
0.738668
0.406473
0.153364
0.170142
-0.049535
-0.171508
-0.314916
0.000000
0.000000
0.000000
-0.384590
-0.415565
-0.242246
-0.156652
-0.101809
0.072907
0.112836
0.001195
-0.200380
-0.122112
-0.386046
-0.321256
-0.160362
-0.146243
0.015209
0.028370
-0.135209
-0.038447
-0.021306
0.166827
0.167001
0.235964
0.277492
0.044619
0.206599
0.397401
0.416395
0.392738
0.043031
-0.135192
-0.079848
0.204641
0.125251
-0.351796
-0.411845
-0.287558
-0.094055
-0.030971
0.167504
0.339021
0.201108
0.032626
-0.421022
-0.577100
-0.306744
0.182788
0.228241
0.275083
0.260115
-0.141404
-0.162625
-0.072074
-0.114996
-0.078987
0.131720
0.152789
-0.102541
-0.159677
-0.077519
0.000586
-0.269405
0.001888
0.116332
0.136513
-0.005659
-0.150592
0.073306
0.101248
0.144836
-0.053348
0.000000
0.000000
0.381103
0.283413
-0.089690
-0.021623
-0.204936
-0.062017
0.223624
0.285047
0.188344
-0.125244
-0.365580
-0.449456
0.056528
0.104326
0.033523
-0.038638
0.024430
-0.131969
0.019567
0.177693
-0.003992
-0.130237
-0.317914
-0.137084
0.074763
0.149646
0.165303
0.035796
0.155470
-0.125374
-0.223762
0.124669
0.056164
0.220750
0.236821
-0.033888
-0.350246
