0.120297
0.274265
0.000000
0.000000
-0.385718
-0.032525
-0.007648
-0.061247
-0.122885
0.200942
-0.025381
0.018262
-0.090792
0.117306
-0.221034
0.284513
0.482543
0.064726
0.033751
-0.236239
-0.396625
-0.129183
-0.130269
-0.179447
-0.303485
-0.008426
-0.054465
0.123602
0.229347
0.258921
0.603229
-0.152838
-0.641170
-0.164615
-0.385419
0.218705
0.351380
0.102262
0.278535
0.269843
0.079682
0.440289
0.213897
-0.055338
-0.160598
-0.196913
-0.013601
-0.195285
-0.523532
0.230235
0.099835
-0.386968
-0.199567
0.238248
0.170650
-0.180025
-0.311373
-0.192351
0.339619
-0.124892
0.018266
0.159784
0.095864
0.386072
0.282519
-0.099901
-0.214783
-0.102253
0.072436
-0.033346
0.130783
-0.357745
-0.243627
0.058639
0.184739
-0.028494
-0.151323
0.248508
-0.142049
-0.025337
-0.250231
-0.268479
0.415776
0.120547
0.411337
-0.204495
-0.119619
0.055775
0.311201
-0.000966
0.167417
0.286583
0.423777
0.012658
-0.119966
-0.574512
-0.590521
-0.095158
-0.184792
-0.247134
-0.254642
-0.068277
0.100438
-0.088516
0.275311
0.091844
0.161676
0.169634
0.204703
0.240461
0.582159
0.000000
0.000000
0.000000
0.000000
-0.786155
-0.091937
0.187679
0.111490
0.287008
-0.375486
0.021070
-0.224099
-0.241083
-0.193741
0.225952
0.330745
-0.118697
0.132111
0.156545
0.000000
0.336387
-0.323547
-0.040125
-0.334021
-0.248655
0.363387
-0.514026
-0.137304
0.090859
-0.119563
0.242863
0.077307
-0.096051
-0.070370
0.490547
0.075038
0.208393
-0.049448
0.314193
0.204783
0.258299
0.113596
-0.254295
-0.096750
-0.411044
0.006476
-0.124830
0.198093
0.018139
-0.439180
-0.255974
-0.054680
-0.202354
-0.063883
-0.010037
0.235540
0.240707
0.344579
0.151768
0.211026
-0.212344
-0.329769
-0.160725
-0.231922
0.044482
0.106542
-0.202081
0.166791
0.112980
0.333566
0.269152
0.000000
0.000000
-0.175250
-0.461101
-0.143659
-0.002874
-0.121857
0.206566
-0.138435
0.050027
0.138261
0.082507
-0.238217
0.205135
0.367538
0.455222
0.301232
-0.320717
-0.202605
0.059144
-0.116523
0.328244
-0.185419
-0.210416
-0.335012
-0.324640
0.000000
0.000000
0.000000
0.000000
0.000000
0.000000
0.000000
0.000000
0.000000
0.215705
0.454130
0.183835
-0.254170
-0.239805
0.038591
-0.098421
0.154909
-0.115151
0.354496
-0.192895
-0.019096
-0.133827
0.022868
-0.087312
-0.101830
-0.221597
0.000000
0.000000
-0.003325
0.163918
-0.000817
0.491061
-0.159226
0.038529
0.098339
-0.076652
0.148592
0.166652
0.051762
-0.418597
-0.342325
-0.079432
0.205280
-0.062892
-0.405336
0.170548
0.237329
0.216633
-0.048498
-0.112723
0.231550
-0.349799
0.407953
0.195597
0.032777
0.276806
-0.076780
0.019189
-0.082630
-0.164813
-0.248215
0.079294
-0.291379
-0.074467
0.100830
0.082500
0.180089
-0.214595
-0.107693
-0.043568
-0.245761
-0.358305
-0.057492
-0.057407
0.354661
-0.189462
0.149091
0.086773
-0.134294
0.135081
0.412246
-0.207674
0.163462
0.320259
0.148099
0.111714
0.030123
-0.114183
0.103407
0.087932
-0.045187
0.028983
-0.024347
-0.034917
-0.218089
0.175406
-0.123661
-0.325274
0.124367
0.662485
0.000000
-0.474228
-0.412026
0.057213
-0.302627
-0.092682
0.078938
0.044993
0.043583
-0.251434
-0.120333
0.268094
0.543801
-0.037379
-0.085161
-0.357271
-0.311400
-0.085024
0.281930
-0.099328
-0.489421
-0.052100
0.213890
0.531448
0.272846
0.055360
-0.183765
0.142806
0.252957
0.227079
-0.127528
0.313487
-0.111707
0.072465
0.259253
0.153374
0.016806
-0.049042
0.305002
-0.440056
-0.447609
-0.482300
0.299737
-0.074600
-0.159970
-0.276973
-0.244612
-0.228477
0.082914
0.243757
0.036627
0.129227
-0.056214
0.198237
-0.190675
-0.048668
0.253050
-0.087890
-0.275401
0.052043
0.055523
-0.323823
-0.012579
0.068176
0.175624
0.442648
0.245969
0.118320
-0.230663
0.261605
0.044317
-0.021959
0.383758
0.101332
-0.599906
-0.281774
-0.002616
0.000000
0.000000
0.024449
-0.037132
0.096448
-0.155145
-0.090957
0.026844
-0.026953
0.613007
0.154963
-0.209296
0.045238
0.014386
0.006765
-0.566709
-0.451946
-0.011004
0.095582
-0.085763
-0.021402
0.157163
0.294166
0.141531
0.456235
-0.331874
-0.606957
-0.314085
-0.038290
0.679986
0.037939
0.112777
-0.075048
-0.118706
0.464406
-0.122266
0.133341
0.440341
-0.226888
-0.166012
-0.150762
0.206669
-0.095384
-0.193508
0.239981
0.261010
-0.190867
0.125792
-0.077967
-0.333397
-0.214508
0.095541
-0.159537
-0.181451
0.122143
0.215560
0.043026
0.044651
-0.162197
-0.352262
-0.074357
-0.009045
0.099805
-0.065204
0.045682
0.207898
-0.624625
-0.103801
0.132448
0.080917
0.345143
0.466895
0.140710
0.224338
0.298740
-0.145180
-0.289990
0.073086
-0.257236
0.387955
0.288127
-0.087938
0.272491
-0.366565
-0.557096
-0.159032
-0.099206
-0.237103
0.102776
0.274047
-0.126340
-0.074695
-0.007276
0.582374
0.066277
-0.391492
-0.109158
-0.044909
0.189954
0.022732
-0.149426
0.000000
0.000000
0.000000
-0.109817
-0.300733
0.282448
0.040081
0.035304
0.238305
-0.021128
-0.335432
0.169144
-0.093302
0.245015
-0.302764
-0.006990
0.226333
-0.057757
-0.299373
-0.019648
0.441680
0.469890
0.084158
0.334715
0.109907
-0.124635
-0.042775
-0.407284
-0.517506
-0.335453
-0.054010
0.220086
0.183470
0.004227
-0.511564
0.038811
-0.060952
0.123753
-0.066662
0.109641
0.263774
0.225418
-0.123827
-0.473558
0.169539
0.043604
0.434497
0.190382
-0.039876
0.067862
-0.017540
0.055604
-0.258676
0.206214
-0.027920
0.467193
-0.048140
0.021505
0.072282
-0.339057
-0.156276
-0.395952
-0.012457
-0.158004
-0.545404
0.272196
0.250480
-0.150197
-0.423184
0.017844
-0.230106
0.252660
0.605614
0.055472
-0.318217
0.222082
0.185751
0.108913
-0.137061
-0.148451
0.431102
0.128874
-0.072092
-0.007405
-0.029462
0.148147
0.254014
-0.000828
-0.236885
0.002933
-0.152117
-0.393158
0.078671
0.243056
0.054860
-0.324242
0.343923
0.424359
0.128333
-0.112396
-0.383308
-0.193511
-0.200561
-0.368035
0.027246
0.084050
-0.275365
0.052604
0.017972
-0.141477
-0.052006
0.443032
0.440565
-0.073566
0.000000
0.000000
-0.150714
-0.024674
0.140837
0.039297
0.261457
-0.622310
-0.145192
-0.500238
0.061650
-0.102346
0.522183
-0.058917
0.427390
0.217205
0.590476
0.277758
0.318638
-0.028077
0.248550
-0.150939
-0.189156
-0.172390
-0.472276
-0.360907
-0.232037
-0.338395
-0.400643
-0.383228
-0.159650
0.386617
0.290856
0.186309
0.358154
-0.059378
0.217883
-0.223349
0.229167
0.363851
-0.039057
-0.203290
-0.075366
-0.140054
-0.085914
-0.207399
0.402904
0.000000
0.000000
0.000000
0.012411
0.005295
-0.507622
0.229665
0.334107
-0.710048
0.058949
0.163083
-0.583344
-0.166027
0.588056
0.615969
0.062068
0.194448
0.032192
0.008956
-0.170116
-0.021476
0.028063
-0.105015
0.050703
0.500391
0.007460
-0.279686
-0.035915
0.246550
-0.111418
0.000000
0.000000
-0.019979
-0.012096
-0.236999
-0.022188
0.044614
-0.220693
0.004550
-0.497650
-0.151314
-0.082351
0.000000
0.000000
-0.349610
0.025808
-0.430287
0.431379
0.343094
-0.060932
-0.293950
0.069348
0.461911
0.391927
-0.201177
0.432063
0.047685
0.198487
-0.128394
-0.113080
0.353925
0.075894
0.320202
0.305040
0.185074
-0.086637
0.124691
-0.357667
-0.074248
-0.348593
0.014148
-0.251569
-0.174522
-0.534925
-0.008532
0.052707
-0.112761
-0.165492
-0.033176
0.262729
-0.209099
-0.281305
-0.024736
0.018605
-0.145708
0.122538
-0.211963
0.087702
0.091345
0.130380
-0.043326
0.246999
0.337271
0.696246
0.262804
0.336708
0.023946
-0.497721
-0.181247
-0.443242
0.004588
0.371745
-0.041697
0.512496
-0.241092
0.024994
0.019937
-0.314142
-0.332071
-0.377288
-0.189760
-0.063753
0.070957
0.062294
0.207172
0.137366
0.162553
0.002391
0.070610
-0.107954
0.000000
0.000000
0.000000
0.000000
0.000000
0.380790
-0.535062
0.000000
0.000000
0.000000
0.000000
0.000000
0.000000
0.000000
0.000000
0.000000
0.000000
0.000000
0.000000
0.000000
0.000000
0.096836
0.000000
0.000000
0.212691
0.040483
0.086222
-0.045211
0.399803
0.097021
-0.106309
-0.439785
-0.073429
0.750499
-0.696701
-0.004291
-0.278044
-0.510733
0.296210
0.222753
-0.214287
0.023651
-0.450154
0.704706
0.132970
-0.393514
0.084644
0.033006
0.103667
0.238505
-0.354606
0.166349
-0.194418
0.350046
0.175143
0.314848
-0.090409
0.144013
-0.127255
-0.502957
0.000000
0.000000
-0.036684
-0.376034
-0.198242
0.217737
0.018534
0.273459
-0.176517
-0.198289
0.214706
-0.268121
0.121031
-0.003068
0.354385
-0.215780
0.435031
-0.026054
0.071937
-0.188130
-0.191370
-0.209425
0.176190
0.471489
-0.011494
-0.023933
0.496258
0.173493
0.149702
0.245917
-0.326486
-0.505929
-0.230948
-0.216975
0.088578
-0.064781
0.015478
0.110500
-0.242686
-0.146089
-0.393756
-0.172547
-0.182614
0.011351
-0.141752
0.266349
0.205796
0.109880
-0.355022
-0.030350
-0.238708
0.136698
0.133365
0.094408
0.348600
0.313695
0.651733
0.135591
-0.005893
0.018423
0.394953
-0.065456
0.397404
0.000000
0.000000
-0.667915
0.413916
0.173913
-0.666023
-0.275823
-0.490230
0.144106
-0.167079
-0.117302
-0.339422
-0.292535
0.047485
-0.008244
0.179934
0.153110
0.191815
-0.180813
-0.193213
-0.261755
0.463404
0.026949
0.123611
-0.175852
-0.002535
-0.114482
0.012262
0.079288
0.383895
-0.007621
0.333209
0.362963
-0.098217
0.147860
-0.388989
-0.014038
0.000000
0.060925
-0.486853
0.451079
0.396525
0.236560
-0.119317
-0.521894
0.205192
-0.364531
0.573106
0.065389
-0.294754
-0.090718
-0.127673
-0.283451
0.063498
-0.151782
-0.189340
0.160782
-0.417535
0.177967
0.000000
0.000000
0.000000
0.000000
0.000000
0.000000
0.000000
0.017622
0.464858
0.000000
0.000000
0.000000
0.000000
0.091665
-0.185885
-0.253588
0.306712
0.116095
0.158622
-0.350412
0.202004
0.204306
-0.122636
-0.194893
-0.154952
-0.339820
0.123633
-0.043289
0.073477
-0.088285
0.351992
0.646423
-0.136594
0.210841
-0.177039
0.000000
0.417898
0.275192
-0.191675
-0.585512
-0.105583
-0.702542
0.517678
-0.334006
0.068351
0.138323
-0.005445
-0.026175
-0.013995
0.077214
-0.104896
-0.422474
-0.141773
0.306591
0.001890
-0.687163
-0.059526
-0.107875
0.053971
0.192594
0.332009
0.344309
0.367733
-0.160847
0.284408
0.157287
0.045619
0.558066
-0.375671
0.001489
0.225121
-0.102479
0.130221
-0.209082
-0.217031
0.191554
-0.086945
-0.158398
0.000000
0.000000
0.000000
-0.461296
0.060393
-0.350387
0.035822
-0.127940
-0.307921
-0.039671
-0.023578
0.259065
0.006259
-0.087948
0.579233
0.006615
0.045161
-0.348895
0.495162
0.321010
-0.236935
0.185317
0.267640
0.166403
-0.609304
-0.062688
-0.281862
-0.426703
0.390788
0.043333
0.017625
-0.081173
0.162114
0.076213
-0.281310
0.212576
0.107867
-0.109853
-0.185607
0.040718
-0.118369
-0.051773
0.139042
-0.060874
-0.127179
0.626496
0.069942
0.084129
0.079457
0.417888
-0.035638
-0.217822
-0.236955
0.173578
-0.159018
-0.241644
0.056877
0.105751
-0.266647
-0.333765
0.134411
-0.326533
-0.150580
-0.294152
0.245707
-0.120066
-0.040344
0.181893
0.104007
0.241188
0.056427
0.392586
0.131013
0.000000
0.000000
-0.517884
0.027700
-0.002471
0.562084
0.300155
-0.119584
-0.033547
-0.095316
0.327698
-0.421158
-0.472836
0.206211
-0.080937
0.085557
-0.363317
0.208787
-0.266400
0.021776
-0.177241
0.140536
0.152564
-0.027869
0.478352
-0.179417
0.403591
0.012288
0.274230
-0.244775
-0.163385
-0.141945
-0.112744
-0.372888
-0.166332
0.358578
-0.112889
-0.060246
0.283883
