0.442431
0.404029
0.000000
0.000000
-0.829013
-0.681155
-0.057090
0.190758
0.062411
-0.228519
0.261236
0.278349
0.030208
0.107023
-0.314048
-0.055019
-0.124829
0.232706
0.148643
-0.123489
0.332033
0.392061
0.246706
0.098861
0.103434
-0.288682
0.162000
-0.200683
-0.174479
-0.504011
-0.404123
0.144910
0.460074
0.109437
-0.345976
0.000042
-0.127256
0.386747
0.048767
-0.300202
-0.524995
-0.262778
-0.357629
0.515467
0.217617
-0.049278
0.015945
0.268958
0.327620
0.492182
0.206777
-0.092657
-0.196507
0.007659
0.013225
-0.168587
0.137323
0.105751
0.161215
-0.469921
-0.548192
-0.151152
0.090759
0.272276
-0.264534
0.368761
0.198000
-0.397419
-0.252259
-0.067555
-0.036090
0.398312
-0.185611
-0.218388
0.481972
0.350753
-0.014415
0.491453
-0.036423
-0.063426
0.192666
0.068060
0.312771
-0.079404
-0.202083
0.040901
-0.722347
-0.409181
-0.610749
-0.178365
-0.253755
-0.351444
-0.003787
0.467913
0.002959
0.357299
-0.158029
-0.142709
0.389832
0.093311
0.119419
-0.042238
0.451421
0.453372
-0.050666
0.066247
0.238301
0.277522
-0.037287
0.044376
0.485194
0.000000
0.000000
0.000000
0.000000
-0.809257
-0.554631
-1.039463
-0.056854
0.054871
-0.172707
0.150489
0.399902
0.136316
-0.035524
0.469267
0.328425
-0.218465
-0.006325
-0.069943
0.000000
0.170425
0.128807
-0.016534
-0.064592
-0.324577
-0.401004
-0.145006
-0.688345
0.406566
-0.040625
0.159442
-0.329124
0.423767
0.710293
0.121301
0.069778
0.016711
0.131195
-0.103978
0.067986
0.097178
0.371504
0.371301
0.117187
-0.871053
0.082423
0.123660
0.059184
0.063883
-0.005971
-0.127699
-0.142054
-0.533347
-0.240113
-0.461892
0.199572
-0.396999
-0.504003
0.149760
-0.191390
0.752568
0.691015
0.438796
-0.215138
-0.137138
0.089223
-0.223924
0.256629
0.243725
-0.324472
0.245553
0.000000
0.000000
0.333382
0.200557
-0.321985
-0.377503
-0.119207
-0.001677
-0.437735
-0.042952
-0.241467
-0.224012
0.167887
0.268307
0.019932
0.084614
0.470388
0.486758
0.252797
-0.303051
-0.551577
-0.531060
0.387032
0.376543
0.101379
0.003822
0.000000
0.000000
0.000000
0.000000
0.000000
0.000000
0.000000
0.000000
0.000000
0.178740
-0.571493
-0.386472
-0.197535
-0.194869
0.159958
0.360589
0.197964
-0.254315
0.258849
-0.121899
-0.091000
0.043684
0.380781
0.257452
0.062485
0.213525
0.000000
0.000000
-0.133684
-0.326443
0.152744
0.043492
-0.054283
-0.291438
-0.285982
-0.365407
-0.065242
0.304600
-0.076153
-0.022475
-0.099583
-0.101253
0.277000
0.289588
0.140131
0.259068
-0.146582
0.565113
-0.365652
-0.492442
-0.008043
0.157373
-0.012715
-0.148529
0.174449
0.260424
-0.007461
0.307486
0.146638
-0.041018
-0.015365
-0.388121
0.358754
0.167245
-0.088158
-0.348493
-0.360821
0.345393
0.235554
0.022147
-0.432103
-0.414705
-0.010998
-0.344990
0.102796
0.020881
0.210200
-0.039461
-0.297862
-0.117361
0.045991
-0.359875
-0.330544
-0.343575
0.590287
0.254096
0.017723
-0.031962
0.474344
-0.054041
0.170743
0.172542
0.489343
0.299519
0.747101
0.410876
-0.084042
0.216896
0.394749
-0.007513
0.000000
-0.219402
-1.028751
-0.255300
-0.168600
-0.526052
-0.260649
-0.288015
-0.333451
-0.289912
-0.588275
0.227923
0.254829
0.232306
0.098528
0.239581
0.076056
-0.254090
-0.564488
-0.158849
0.202747
0.666863
-0.179433
-0.188849
0.033000
0.038075
0.369548
-0.021856
0.416975
0.484368
0.769974
0.439983
-0.220292
-0.305141
0.098408
0.464943
0.480776
0.044256
-0.188582
-0.364912
-0.239130
-0.458582
-0.459457
-0.320453
-0.473855
-0.589250
-0.272963
0.212501
0.252436
-0.185238
-0.294872
-0.200805
0.194306
0.655502
0.117469
-0.181661
-0.104083
0.163040
0.636429
0.301104
-0.072500
0.021096
0.191868
-0.181699
0.132731
0.134901
-0.388759
0.155475
-0.061304
0.062799
-0.301005
0.044102
-0.047237
0.065448
0.224561
-0.171543
-0.117666
0.000000
0.000000
0.026060
-0.119828
-0.044139
-0.102779
0.006281
0.254716
-0.025996
0.000021
0.095162
0.170732
0.129253
-0.109996
-0.075327
0.216309
-0.054900
0.052642
-0.020048
-0.218605
-0.736812
-0.425103
0.398173
-0.126093
0.178851
0.087562
0.284262
0.121653
0.241471
0.081926
0.124097
-0.037666
-0.140782
-0.366453
-0.045761
0.157992
-0.004536
0.122790
-0.187968
-0.116922
0.295123
0.007016
-0.011702
0.160038
-0.424952
-0.025454
0.088723
0.244846
0.052851
-0.162295
-0.206355
-0.058178
0.413595
0.096632
-0.187158
0.334358
0.235459
0.168541
-0.277473
-0.147878
-0.171021
-0.277582
-0.278528
0.363813
-0.432390
-0.465170
-0.078036
0.510975
0.369163
0.275037
-0.132295
-0.097787
-0.172660
-0.110369
-0.224344
0.130209
0.267545
-0.010361
0.087308
-0.014290
-0.250098
0.227703
0.246279
-0.034469
0.166241
0.222305
-0.490020
-0.041152
0.357521
0.515949
0.116776
-0.247990
-0.071525
-0.454599
-0.375327
0.042446
-0.180228
0.101716
0.217154
0.284000
-0.236365
0.000000
0.000000
0.000000
-0.071630
0.100533
-0.252077
0.088505
-0.407038
0.000221
0.038810
-0.274036
0.012614
0.024876
-0.135604
0.428583
0.225944
0.050113
0.283670
0.401384
-0.240347
0.372726
-0.213650
-0.077897
-0.076118
-0.253843
-0.236273
-0.131102
0.249247
0.278973
-0.021831
0.272553
0.218507
-0.215967
0.063317
0.115029
0.179981
-0.244647
0.000759
-0.391708
-0.402050
-0.224512
-0.225446
-0.316585
0.067128
0.088532
-0.165968
0.174052
-0.117185
0.061835
0.346946
0.219612
0.559843
0.218607
-0.193774
-0.105854
0.169814
0.216773
-0.025110
-0.139552
-0.358868
0.037336
-0.334979
0.118367
0.145706
0.301425
0.383119
0.016012
-0.192245
-0.234358
-0.449676
-0.485598
0.047473
0.551597
0.482657
-0.061834
-0.313250
-0.027935
-0.460478
-0.169440
0.094792
0.267236
0.210358
0.643512
-0.003149
0.019279
-0.099467
-0.168270
-0.582548
-0.083114
0.023250
-0.193253
-0.260418
-0.113600
-0.196760
0.030849
0.322876
0.245515
-0.097922
0.034667
0.107414
0.232170
0.352027
0.177831
0.620786
0.501355
0.218372
-0.401521
-0.204210
-0.435455
-0.095580
0.010722
-0.011987
-0.126067
-0.325598
0.000000
0.000000
-0.691185
-0.408444
-0.479982
0.167818
0.142840
0.001517
0.290844
0.636224
-0.013567
-0.437680
0.185647
0.388600
0.113462
0.280969
0.242387
0.212965
-0.108219
-0.476902
0.163780
0.303665
-0.394701
-0.012140
0.161463
-0.065300
-0.284328
-0.157251
0.348858
0.273542
-0.374468
-0.311617
-0.060899
0.218143
-0.178615
-0.044600
-0.189193
-0.186055
-0.026596
0.540067
0.012791
0.085645
-0.105146
0.278910
0.227948
-0.208657
0.020035
0.000000
0.000000
0.000000
0.109552
0.027148
-0.208106
0.086447
0.346921
0.206572
-0.130106
-0.999325
-0.104791
-0.252676
-0.248513
-0.567390
-0.056072
0.610347
0.328564
0.150784
0.635297
0.001162
-0.088660
0.199008
0.188527
0.064883
0.236070
-0.128708
0.148154
0.149836
0.215242
0.000000
0.000000
-0.643218
-0.757099
-0.090248
-0.404817
0.254080
0.019745
-0.032831
0.151164
-0.054155
-0.012176
0.000000
0.000000
0.319550
0.295444
0.341489
-0.076831
-0.138512
0.158745
-0.186339
-0.174458
-0.036503
-0.521907
-0.458902
0.190295
0.006418
0.118356
0.093162
0.343451
0.251959
-0.024385
0.011699
0.151113
0.015104
0.280670
0.044818
-0.097282
0.180013
0.206954
-0.025307
-0.528631
-0.024968
-0.101411
-0.233427
0.025149
-0.270555
0.118211
-0.257690
0.202670
0.057988
0.020134
-0.137009
-0.157137
-0.167182
0.703441
-0.156867
-0.022086
-0.261118
0.151229
-0.148422
0.334577
0.376111
0.397729
-0.288796
-0.150090
-0.039733
-0.022797
0.209203
-0.364542
-0.456961
-0.269641
0.208719
0.308771
-0.193250
0.188593
0.277152
-0.052037
-0.167315
-0.054611
-0.029625
0.312403
0.082399
-0.146913
0.114291
0.367832
-0.544320
-0.368579
0.285272
0.047843
0.000000
0.000000
0.000000
0.000000
0.000000
0.317173
-0.258521
0.000000
0.000000
0.000000
0.000000
0.000000
0.000000
0.000000
0.000000
0.000000
0.000000
0.000000
0.000000
0.000000
0.000000
0.023013
0.000000
0.000000
-0.287509
0.564310
-0.307379
-0.191486
-0.264016
-0.241500
-0.389459
0.226405
0.661440
0.146069
0.212937
0.036330
-0.061623
0.260104
-0.083355
-0.343701
-0.177986
-0.386669
0.437099
0.453448
-0.232521
0.073785
0.076354
-0.014162
-0.616429
-0.094379
0.229545
0.184579
0.145964
0.372094
0.339050
-0.057968
-0.078608
-0.311280
-0.070082
-0.227269
0.000000
0.000000
0.135763
-0.374679
0.266511
0.070070
-0.389241
0.317505
-0.271716
-0.284950
-0.226367
-0.249847
0.363028
0.224038
0.209520
-0.118565
0.319675
-0.302469
-0.512248
-0.003229
-0.031374
0.132429
0.135336
0.120286
0.261374
0.448559
0.428057
0.255453
-0.003609
0.311710
0.071436
-0.358158
-0.030862
0.076065
-0.046100
-0.138514
0.237469
-0.411160
-0.664186
-0.156276
-0.428337
-0.294254
0.071150
0.455962
-0.003516
-0.443216
-0.033618
0.154882
-0.812468
-0.252089
0.416092
0.177825
0.282837
0.115524
0.000211
0.265582
0.514257
0.164451
0.192163
-0.142431
0.600459
-0.025228
-0.002497
0.000000
0.000000
-0.034768
0.105573
0.081918
-0.093613
-0.016599
-0.248105
0.322518
-0.156410
-0.398851
-0.199141
-0.096291
-0.037253
-0.014879
-0.492626
0.047524
-0.146960
-0.301124
-0.138012
-0.231537
-0.024136
-0.211071
0.030004
-0.053433
0.529295
0.160803
0.342493
0.232592
0.106559
0.392293
0.494170
-0.149283
-0.073788
-0.161496
-0.047471
0.012722
0.000000
0.223108
0.480439
0.140403
-0.224296
0.005063
-0.388915
-0.286114
0.127820
-0.141712
-0.394836
-0.302835
-0.180512
-0.255500
0.148442
0.192154
0.116495
0.245219
-0.011847
-0.041095
-0.074966
0.306964
0.000000
0.000000
0.000000
0.000000
0.000000
0.000000
0.000000
0.082723
-0.856513
0.000000
0.000000
0.000000
0.000000
0.200542
0.234202
0.013322
0.241554
0.452527
-0.130060
-0.102192
0.341383
-0.010271
-0.080536
-0.030683
0.142449
0.296933
0.282457
-0.393106
-0.360518
-0.318764
-0.084605
0.131126
-0.149645
-0.138094
0.022092
0.000000
-0.282439
0.257146
-0.214585
-0.034062
0.143127
0.043664
-0.009593
0.101908
-0.244727
0.110710
0.136485
0.162551
-0.104552
-0.193520
0.316236
0.142795
-0.033397
0.201467
0.148275
-0.009992
-0.043544
-0.263300
-0.091718
-0.001849
-0.026922
-0.407577
-0.378156
-0.367421
-0.218811
0.362968
0.512500
0.080493
0.270237
0.311637
0.280302
0.062918
-0.065181
-0.145771
0.384102
0.159062
0.137771
0.090214
0.000000
0.000000
0.000000
-0.574310
-0.367502
-0.177674
-0.321660
-0.317897
-0.123934
-0.070764
-0.054562
-0.033926
0.081591
0.248640
0.083415
-0.012669
-0.232988
0.167781
0.067145
-0.119441
-0.238398
0.214526
0.592286
0.456315
-0.354028
-0.178830
0.166661
0.409270
0.398715
0.206900
0.138206
-0.308414
-0.286954
0.231090
0.192469
-0.091096
-0.496167
-0.001266
-0.210760
-0.396296
-0.114952
0.008556
-0.089436
0.117192
0.039289
-0.076412
-0.095053
-0.017579
0.098611
0.178213
0.122344
-0.109957
0.026271
0.145868
-0.189101
-0.195499
0.042298
0.125283
-0.029927
-0.460908
-0.129824
0.143840
0.206051
0.100321
0.126991
0.435761
0.200692
-0.117778
-0.058906
0.235915
0.275423
-0.047471
-0.443132
0.000000
0.000000
0.063042
0.577227
-0.122664
-0.252602
-0.342422
-0.167585
-0.169093
-0.163773
0.249259
-0.054044
-0.310717
0.087642
0.333173
0.052918
-0.081138
-0.068441
-0.189634
-0.136885
0.001844
-0.042039
-0.078732
0.265671
0.118422
-0.331812
0.201430
0.193972
0.132421
0.123299
0.455609
-0.146954
-0.355087
-0.009196
-0.070458
0.101687
0.259699
-0.309558
-0.079461
