-0.205138
-0.016043
0.235194
0.072971
0.198755
-0.013463
0.079107
-0.054382
-0.259655
-0.035905
-0.016218
-0.179769
-0.136692
-0.024066
-0.072760
0.051444
0.047368
0.040327
0.209910
0.163577
0.137971
0.052896
0.036397
-0.086064
-0.127345
-0.035902
0.087592
0.177654
-0.071996
-0.499043
0.067825
0.125745
-0.087292
-0.323270
0.313877
0.418078
0.472433
0.038278
-0.096889
-0.315824
-0.298302
-0.258750
-0.240626
-0.007521
-0.176296
-0.111561
0.156501
0.246571
0.012406
0.292847
0.155252
-0.016350
-0.021549
-0.007497
0.068944
0.070622
0.014142
0.058921
0.036658
-0.062981
-0.133959
0.036028
-0.189221
-0.085970
-0.232073
0.131211
0.091297
-0.049171
0.155566
0.097575
0.131267
0.037077
-0.385362
-0.264182
-0.175691
-0.139893
0.028010
0.182444
0.250046
0.135632
0.022474
0.027243
0.134782
0.368420
0.145987
-0.088461
0.042331
-0.039894
0.074625
-0.103055
0.001950
-0.080778
-0.025830
-0.084514
-0.139713
-0.258408
-0.236275
0.003702
0.028885
0.109561
0.268317
0.041630
-0.017819
-0.221212
-0.288801
-0.184182
-0.091168
-0.021032
0.036119
-0.200620
0.271533
0.233248
0.082987
-0.028457
0.228688
0.303040
0.153807
0.065466
0.054631
0.096723
0.067882
-0.015547
-0.205940
-0.063723
-0.243277
0.055422
-0.007896
0.079215
-0.097015
0.122343
-0.048941
-0.059853
-0.109407
-0.109475
-0.270117
-0.225001
0.073790
0.013454
0.028097
0.290929
0.098157
0.196640
0.094825
-0.145507
-0.283404
0.087445
0.081485
0.067466
0.257062
0.000000
0.000000
-0.126369
-0.050533
-0.120919
0.008540
-0.033132
-0.134421
-0.231301
-0.051292
-0.007892
-0.293277
-0.125920
0.153940
0.282435
0.126946
0.142430
-0.061904
0.229086
0.277462
0.115367
0.286894
0.049296
-0.339322
-0.034468
0.057111
0.047816
0.020968
-0.171525
0.001680
0.168395
-0.111050
-0.147494
-0.161948
-0.169528
-0.363301
-0.224597
-0.010913
0.048493
0.187393
0.256741
0.084373
0.197685
0.246767
0.162512
0.033202
-0.195124
-0.304196
-0.089530
-0.165608
-0.179876
-0.096135
-0.002553
-0.089613
0.072519
0.210477
0.075461
-0.030611
0.030856
0.052553
0.302556
0.204393
0.094568
-0.112040
0.039971
0.081390
-0.065148
-0.149124
0.023417
0.238560
-0.063984
0.030756
-0.154324
-0.364730
-0.233481
-0.177199
-0.083859
0.069409
-0.111609
0.211777
0.319163
0.172575
0.083423
0.209363
-0.020094
-0.100859
-0.052786
0.024089
-0.221716
-0.086908
0.141363
0.219221
0.293066
-0.087181
-0.201826
-0.280873
-0.195468
-0.283036
-0.222237
0.062972
0.305585
0.421262
0.116787
-0.069483
-0.100655
-0.210425
-0.094944
0.186959
-0.089021
-0.073556
0.015935
0.009594
0.021806
0.140476
-0.078391
-0.134915
-0.033001
0.136492
-0.171409
-0.051699
-0.035890
0.231990
0.153672
0.128992
0.168935
0.194928
0.123694
0.005086
-0.093916
0.553997
-0.013780
-0.138900
-0.229876
0.029738
-0.062629
0.001280
-0.162556
-0.364409
-0.044436
0.074696
-0.181487
-0.430631
-0.186112
-0.193357
-0.196455
0.040959
-0.107213
-0.069301
0.069368
0.105209
0.136094
0.247174
0.282661
0.184249
0.122444
0.041393
0.041176
-0.016568
0.136334
-0.004183
0.160622
0.073984
0.007127
0.115020
0.082744
0.000000
0.000000
0.543334
0.286140
-0.112280
-0.290276
-0.191853
-0.260847
-0.011949
-0.219344
-0.291032
-0.250093
-0.378261
-0.180232
-0.083282
-0.101212
0.009823
-0.042208
0.052581
0.247036
0.197086
0.039700
0.027145
-0.144224
0.087899
0.184400
0.040395
0.108232
0.134631
0.075299
0.080549
0.016387
0.047589
0.158536
0.124325
0.290412
0.108004
-0.073419
-0.076757
-0.145579
-0.275409
-0.346470
-0.263386
0.014539
0.056454
-0.007645
0.404435
0.069765
-0.423153
-0.000133
0.011282
-0.019197
-0.027168
-0.022684
-0.050270
-0.151545
-0.040032
0.169239
0.106004
0.125222
-0.010977
0.112893
0.154583
0.056193
0.043243
0.110655
0.015489
-0.241603
-0.098088
-0.128497
0.083617
-0.069939
-0.111306
-0.119642
0.192630
0.045037
-0.011280
0.039623
-0.082493
-0.007430
0.078342
0.026448
0.161496
-0.046569
0.200453
0.120707
-0.007682
-0.076004
-0.080960
-0.337723
-0.246432
-0.165761
0.042805
0.134089
-0.107039
0.204872
0.180347
-0.177938
-0.133611
-0.024566
0.029783
-0.087754
0.077598
0.158876
0.170231
-0.059243
0.145817
0.288744
0.141280
0.298126
-0.058747
-0.244464
0.058658
-0.063678
0.020552
-0.169762
-0.400859
-0.299793
-0.278153
-0.186831
0.019334
0.175377
0.099309
-0.013206
0.138605
0.139395
0.292948
0.252780
0.188137
0.185905
0.052632
-0.359472
-0.155195
-0.022687
0.018366
0.055654
-0.110828
-0.308747
0.004365
0.231721
-0.148608
-0.086268
-0.041374
-0.173958
0.083786
0.145606
-0.078122
-0.123684
-0.302714
-0.052276
0.248289
0.027395
-0.178697
0.231298
0.300728
0.115402
0.373397
0.028346
-0.029072
0.222481
-0.147243
-0.046093
0.483347
-0.019571
0.173386
-0.076816
-0.406528
-0.196576
-0.096104
-0.104116
-0.163243
-0.158416
0.021461
-0.141040
-0.324762
-0.409962
-0.259081
0.007373
0.035203
0.073777
0.126175
0.191946
0.337453
0.204572
-0.014261
0.274430
0.298027
0.210522
0.048251
-0.198125
-0.064923
0.136141
0.252344
0.083955
0.040471
-0.108714
-0.176735
-0.136251
-0.290734
-0.014915
0.129731
-0.193210
0.014924
0.262215
-0.159450
-0.409801
-0.225280
-0.122732
-0.189804
-0.012755
0.253532
0.003866
0.410196
0.425867
0.238971
0.132353
0.063479
-0.108642
-0.107672
-0.331012
-0.223428
0.238754
-0.113719
-0.301789
-0.359204
-0.040672
-0.021281
0.236957
0.166353
-0.003292
0.045320
-0.218219
0.069994
0.313444
0.075520
-0.136427
-0.229387
-0.152375
-0.007043
0.229460
0.388126
0.334956
0.192623
0.163849
0.061485
0.042748
-0.175718
0.163601
0.012186
-0.148961
-0.301786
-0.035465
-0.195381
-0.097874
-0.078675
-0.137642
-0.112929
-0.168708
-0.384017
-0.122124
-0.276548
0.153569
0.229985
0.013961
-0.010605
0.003194
0.201763
0.280418
0.154236
0.047016
-0.102687
0.133569
0.065969
0.325530
0.228815
0.153984
-0.223497
-0.016376
-0.006270
-0.058170
0.078481
0.046275
0.027165
0.088039
-0.112947
-0.287607
-0.148511
-0.002278
-0.213120
-0.108433
0.017961
0.113442
-0.008867
-0.114744
-0.192977
-0.263326
-0.186386
-0.045047
-0.043832
0.118617
0.188068
0.233288
0.002045
0.187428
0.081323
0.377464
0.473546
0.188184
-0.228068
0.275225
-0.043418
-0.220620
-0.125619
-0.254054
-0.089051
-0.103739
-0.050845
0.121645
-0.359537
-0.060121
0.117581
0.090068
0.037433
-0.172963
-0.301676
0.133278
-0.222396
-0.376001
-0.100318
-0.061133
0.157750
0.235733
0.098320
0.128946
0.169131
0.172068
-0.077367
0.227722
0.372901
0.247658
0.448441
0.064193
-0.023464
-0.045713
-0.183828
-0.099533
0.068125
0.000000
0.000000
0.060071
-0.256023
-0.234841
-0.451418
-0.479726
-0.542536
-0.163687
0.089312
-0.217977
0.183947
0.187254
-0.243732
0.178116
0.204467
0.190288
-0.058844
0.261843
0.184780
0.149910
0.104537
-0.042645
-0.131921
0.239565
0.347427
0.171285
0.213736
0.097987
-0.005852
0.010077
-0.006274
-0.142173
0.255802
-0.162824
-0.276470
-0.080625
-0.096476
-0.401605
-0.215917
-0.222707
-0.071399
0.110293
-0.049040
0.066311
-0.297415
-0.013314
-0.107723
-0.080970
0.199829
0.128403
0.114663
0.281271
0.124879
0.077529
0.006693
-0.155179
-0.044204
0.083189
-0.181456
-0.192621
0.197766
0.292660
0.265824
0.015244
0.246458
0.187813
-0.118780
-0.170031
-0.039799
-0.144224
-0.145209
-0.151809
-0.054981
0.192514
0.155794
-0.035909
-0.092049
-0.091837
-0.163386
0.062383
-0.076709
-0.256513
-0.060717
-0.131577
-0.085531
0.036947
-0.115734
0.082462
0.170501
0.260094
0.000000
0.000000
0.529310
0.289169
0.086351
-0.157598
-0.267246
-0.183923
-0.112498
-0.019179
-0.084919
0.064095
0.038761
0.000000
0.000000
-0.024973
0.263276
0.198731
-0.239016
-0.039356
-0.129225
-0.082300
-0.152824
-0.097287
0.074199
0.045168
0.259116
0.313562
0.026991
-0.082232
-0.085907
-0.079974
-0.021121
-0.250045
-0.135805
0.024074
0.019167
0.049954
0.076422
-0.070934
-0.088695
-0.259695
-0.068471
0.006571
0.380720
0.146601
-0.012663
-0.126358
0.281827
0.164565
-0.354037
-0.192677
0.066612
0.165160
0.033366
-0.116188
0.127373
0.194808
0.333498
0.136601
0.123293
0.005837
-0.154515
-0.149775
-0.194836
-0.306303
-0.077500
-0.174414
-0.330681
-0.308809
0.097868
0.213253
-0.034296
0.119105
0.229510
0.349601
0.220101
0.135210
0.113465
0.184287
-0.006057
-0.167888
-0.046857
-0.382819
-0.242192
-0.159623
-0.096947
-0.156893
0.023143
0.124053
0.202754
0.241796
0.227891
-0.169397
-0.167938
-0.127512
-0.121998
-0.070675
-0.223449
-0.069675
0.155062
0.190424
0.294985
0.165770
-0.026397
0.159278
0.123119
0.251615
-0.006232
-0.204865
0.024797
-0.013833
-0.124536
-0.233391
-0.019264
-0.032009
-0.140845
-0.107952
0.079900
-0.021969
-0.018963
-0.083473
0.008033
0.023922
-0.025647
-0.060323
0.288995
0.052642
0.152479
-0.148389
-0.122349
-0.036023
-0.033137
0.137221
0.084360
-0.029780
0.120281
0.092387
0.271803
-0.144994
-0.395123
-0.273825
0.154849
0.040285
0.076500
-0.026597
-0.078229
-0.099084
-0.118240
-0.152934
0.098663
-0.043708
0.020298
0.071803
-0.116120
-0.037922
0.188317
0.239183
0.082848
0.301331
0.148978
0.101879
0.156707
0.135518
0.013636
0.018888
-0.048384
-0.139756
-0.041344
-0.042710
-0.123761
-0.126993
-0.464140
-0.118842
-0.265812
-0.288400
-0.086163
-0.118225
-0.090538
0.169906
0.041934
0.222248
0.051399
-0.111106
0.066966
0.230882
0.244777
0.114213
0.356411
0.069832
0.058237
-0.010353
0.085849
-0.189854
-0.022103
0.127454
-0.268707
0.115033
0.185353
0.139163
-0.057432
-0.202099
-0.090558
0.059244
-0.330295
0.067693
0.108381
-0.074836
0.022078
0.139094
-0.323817
-0.497868
0.203742
-0.200134
-0.237152
0.088959
-0.018450
-0.150375
-0.011334
0.379050
0.068540
0.019126
0.403861
0.187517
0.151058
0.207934
0.157296
-0.131344
0.093427
0.169238
0.104662
0.080866
-0.169721
-0.374167
-0.065332
-0.173571
-0.291413
-0.224755
-0.304078
-0.020746
0.074424
-0.032426
0.275682
0.104034
-0.279738
0.032160
-0.164555
-0.087138
0.255663
0.078993
-0.039850
0.125915
0.119273
0.013901
0.131222
0.166518
0.155653
-0.004569
0.006020
0.035176
0.199856
0.145279
0.028160
0.167000
-0.014247
0.026949
-0.058405
-0.308489
-0.492517
-0.065841
-0.065511
-0.003999
-0.247544
-0.124169
0.000093
0.036516
-0.164419
-0.218096
0.202692
0.135247
0.146201
-0.036437
0.123741
-0.073909
-0.326555
-0.027442
0.286095
0.076669
-0.027530
0.248663
0.146403
0.000000
0.000000
0.371545
0.440693
0.100949
0.059360
-0.193101
0.038215
-0.158401
-0.204297
-0.097294
-0.197190
-0.038047
-0.438851
-0.256114
-0.128168
-0.322533
-0.176840
0.399597
0.363143
0.330982
0.264230
0.275851
-0.047344
-0.312315
0.162194
-0.098067
0.081274
0.002708
-0.125178
-0.091934
0.184923
-0.187829
-0.130593
0.055929
-0.425043
-0.362811
0.137263
0.143631
0.240603
-0.043355
-0.049054
-0.005583
0.271341
0.114325
0.083022
0.310956
-0.000241
-0.312214
-0.223432
-0.249207
0.091826
0.283555
-0.061973
-0.009763
0.206244
0.257072
0.205203
0.056189
0.166584
0.143931
-0.198643
-0.204655
-0.138499
-0.138340
-0.220860
-0.090684
0.026459
-0.161456
-0.108019
-0.070131
-0.282410
-0.022585
0.031803
0.176265
0.263859
-0.100724
-0.106092
-0.066099
0.002715
0.061188
0.047523
-0.036550
-0.118491
0.239364
0.383639
0.213831
0.172416
0.036313
-0.089410
0.161701
-0.197203
-0.308720
-0.114520
-0.001900
-0.002759
