0.012480
0.109607
-0.111933
-0.130853
-0.346842
-0.436867
0.289235
0.148028
-0.256665
0.463916
0.487092
-0.086861
0.023509
0.004480
-0.200810
0.270621
0.159723
-0.030511
0.242220
0.120868
-0.109459
0.050837
0.237669
0.338807
-0.328860
-0.075831
-0.103377
-0.155198
-0.504920
0.014834
0.283846
-0.660657
-0.555880
0.222371
-0.270410
-0.169356
0.077707
-0.144517
0.216025
0.074803
0.117990
0.270187
-0.353539
0.003304
-0.365964
-0.170767
0.716824
0.563723
0.364761
-0.254089
0.302181
0.127234
-0.009596
0.195416
0.025527
-0.042160
-0.008750
-0.081806
-0.011462
-0.573791
0.737861
0.657315
-0.124357
-0.221346
-0.193506
0.180667
-0.492378
0.128357
-0.085238
-0.153500
-0.038783
-0.081934
-0.577917
-0.652718
-0.369122
0.129033
-0.129032
-0.003756
0.454511
0.056705
-0.067134
0.011007
-0.348205
0.315990
-0.173197
0.011694
0.478826
0.234704
0.113464
0.472680
0.399655
0.444770
0.471041
-0.272314
-0.120072
-0.681756
-0.180024
0.283156
0.020587
0.122967
0.330050
-0.294876
-0.353298
-0.584892
-0.447306
-0.125322
0.331599
-0.496319
0.278481
-0.093662
0.329381
0.363443
0.567818
-0.058979
-0.303222
0.256364
0.140634
-0.328434
-0.128370
-0.472640
-0.301380
0.121220
0.044617
0.116629
0.081415
0.041665
0.499491
-0.386479
-0.329131
0.291288
0.269520
-0.217551
-0.110776
0.208995
-0.218940
-0.097398
0.012938
0.450508
0.712572
0.348458
-0.185418
-0.055113
-0.704702
-0.141054
-0.375963
-0.210248
0.245346
-0.198081
0.448326
0.000000
0.000000
0.050719
0.503135
0.508582
-0.045148
-0.569762
-0.541773
-0.722015
-0.291508
-0.237744
-0.432033
0.125991
0.510570
0.349963
-0.199811
0.635163
0.221369
-0.124575
0.337979
0.951622
0.228623
-0.006453
0.056490
-0.017382
-0.180693
0.170233
-0.336238
-0.198695
-0.022242
-0.079350
0.261167
-0.224339
-0.386595
-0.019258
-0.296942
-0.772921
-0.364454
-0.098365
-0.525801
0.316131
-0.096541
-0.170609
-0.031340
0.447361
0.962804
0.185174
-0.239767
0.085939
0.411919
0.231982
0.191234
0.357038
0.319199
-0.093025
-0.057975
-0.145315
-0.148679
-0.319346
0.032353
0.035163
-0.188386
0.159337
-0.133505
-0.512063
-0.387660
-0.254347
-0.212311
-0.018796
0.414388
0.096527
0.599922
-0.077767
0.192245
-0.081241
-0.003735
0.216987
0.119158
-0.279028
0.270844
0.104527
0.388291
-0.125440
-0.143465
0.032223
-0.116657
-0.416303
0.029712
0.011472
-0.703845
0.083780
-0.184995
0.042763
0.062210
-0.531220
0.139596
-0.058903
0.314458
0.165745
-0.479714
0.123901
0.047315
0.372741
0.272013
-0.052501
0.061446
-0.102531
0.575534
-0.370315
-0.135647
0.230651
0.149386
-0.272524
0.352888
0.474241
0.679039
-0.138427
-0.576927
0.127481
0.447773
-0.097653
0.307305
0.353018
-0.316560
-0.132600
-0.459695
-0.430045
-0.554183
-0.422063
0.124121
-0.503804
-0.432157
-0.155186
-0.260705
-0.070849
0.089370
0.032763
0.190187
0.457263
0.064122
-0.169806
0.127789
-0.365484
0.171293
0.281038
0.802770
0.442164
0.210428
-0.230805
-0.032757
0.225907
0.344445
0.639495
0.190318
-0.250570
-0.405624
-0.489353
-0.259315
0.253491
-0.330543
0.331321
-0.447614
0.015446
0.125113
0.125732
0.000000
0.000000
0.417792
-0.236751
-0.206295
-0.093952
0.395941
0.184752
-0.336569
-0.129802
-0.668029
-0.669911
-0.295955
0.083389
0.157564
-0.329053
-0.402395
-0.305880
-0.081773
0.095126
0.519306
0.914299
0.082290
0.003016
-0.000665
0.506743
0.909045
0.081872
0.170620
0.113496
0.021318
-0.098199
-0.317479
0.340010
-0.494393
-0.206502
0.219525
0.216006
-0.319967
-0.263001
-0.130838
-0.167114
-0.083829
-0.014022
0.074300
0.328003
-0.600708
0.017144
-0.416698
0.117152
0.275760
-0.245145
0.252182
-0.106227
-0.216405
0.248525
0.017885
-0.149083
0.050104
-0.282388
0.293134
0.131678
-0.079460
0.228935
0.128963
0.012957
0.603106
0.196388
-0.092293
-0.087756
-0.011201
-0.602326
-0.381331
0.055794
-0.252663
-0.009012
0.629281
-0.102057
0.283657
-0.263016
0.458757
0.319670
-0.371558
-0.475923
-0.466064
0.157969
0.306004
-0.151327
0.198472
0.812670
-0.143423
-0.324912
-0.144033
-0.157245
0.032114
-0.727817
-0.498122
0.200532
0.719922
0.509891
-0.333763
0.575659
-0.497176
-0.515221
-0.094067
0.577466
-0.048382
-0.246225
0.478092
-0.145100
0.007822
-0.419730
0.078356
0.437375
0.235234
-0.905256
-0.079001
-0.030315
-0.226950
0.389830
0.598734
0.430849
0.471743
0.073301
-0.148724
-0.315272
-0.207028
-0.244829
-0.692045
-0.143898
-0.154596
0.287422
0.712573
0.530970
-0.133669
-0.060181
0.324764
0.415593
-0.342394
-0.517563
-0.623096
-0.365021
-0.130739
0.638685
0.135244
-0.139186
-0.446319
-0.052894
0.169218
0.161380
-0.484934
-0.161726
0.585703
0.158712
0.160319
0.041681
-0.489443
0.164662
0.120729
-0.458305
0.333026
0.385056
0.076370
0.387076
-0.189175
0.351577
0.272563
-0.186001
-0.441602
-0.036172
-0.141877
0.093715
0.127484
-0.366222
-0.320239
-0.114483
-0.180048
-0.541050
0.232087
0.230284
0.264680
0.379148
-0.090913
-0.367172
0.953717
0.266057
-0.346239
0.349066
0.256512
-0.280573
-0.407685
0.092433
-0.118806
0.194583
-0.208771
0.013442
-0.462717
-0.374221
0.346653
-0.278685
-0.063549
-0.242808
-0.100956
-0.159665
0.113584
0.720649
0.060236
-0.247627
-0.399998
0.255266
0.013489
0.191730
0.682640
-0.130122
-0.041666
0.224079
0.086989
-0.022612
0.143133
0.006745
0.296274
-0.046935
-0.288208
-0.228201
-0.035948
0.046980
-0.011858
0.230478
-0.165219
-0.468249
0.040021
0.096130
-0.509676
-0.632862
0.459123
0.337776
-0.588624
0.202869
0.207873
-0.481431
0.471539
0.230071
0.029381
-0.136481
-0.264045
0.446140
0.967934
-0.019743
-0.102276
-0.130514
-0.499510
-0.245332
0.523921
0.525555
-0.193185
-0.658057
-0.172875
0.044056
-0.388004
0.405929
0.108056
-0.539265
-0.007081
0.149149
-0.140221
0.352201
0.252366
-0.227352
-0.155092
0.210654
-0.469752
0.305688
1.310876
-0.458392
-0.707064
-0.360801
-0.077335
0.317216
0.532846
0.558802
0.187678
0.132725
-0.075300
-0.529216
-0.267421
-0.280673
-1.011836
0.352732
0.703381
0.037429
-0.193450
0.075431
-0.025216
0.026380
-0.346702
-0.328208
-0.135305
0.272240
-0.112657
-0.043617
0.075226
-0.256773
-0.373585
0.386370
1.051898
0.253520
0.037139
-0.401775
-0.259279
0.429814
0.197998
0.946568
0.230700
-0.619345
-0.258657
0.337653
-0.061039
-1.371718
0.263926
0.638063
-0.831558
-0.318903
-0.060836
0.119970
0.313338
-0.293753
-0.030493
0.546155
-0.366638
0.275712
0.078935
-0.493571
0.058608
-0.181335
0.121270
0.078791
0.219038
-0.360862
-0.055059
0.362975
0.739909
0.281230
0.196379
-0.089846
-0.357525
-0.238798
0.110290
0.000000
0.000000
0.664109
0.452778
-0.465871
-0.557747
0.115252
-0.413469
-0.202432
-0.355068
-0.698172
-0.627577
-0.005193
-0.156061
0.026016
0.193258
0.343803
0.034578
0.468377
0.741265
-0.145908
0.687090
0.168511
0.041683
0.075818
0.285415
0.012473
-0.360800
-0.087547
0.595537
0.562070
-0.200964
-0.386953
-0.162335
-0.150860
-0.451319
-0.217254
0.053597
0.705539
0.107677
-0.599442
-0.516919
-0.694765
-0.534557
-0.582552
0.078985
0.143708
-0.006930
-0.122351
0.050101
0.121463
-0.020039
-0.374304
0.630507
0.369323
-0.053265
0.400253
0.644668
0.814386
0.815803
0.552665
-0.356765
0.202938
0.080999
-0.155759
-0.401034
-0.268040
-0.014108
-0.435630
-0.443339
0.028277
0.118484
0.272374
-0.088691
-0.033752
-0.599349
-0.676572
-0.389322
-0.446004
0.124416
-0.666729
0.237856
0.970219
0.086312
-0.020529
-0.346505
-0.106121
-0.162108
0.709606
0.572659
-0.362300
0.000000
0.000000
0.479980
0.211130
-0.039800
0.453147
0.590277
-0.166728
-0.264067
-0.451048
0.062273
-0.157406
-0.341469
0.000000
0.000000
0.409589
-0.175331
0.081200
0.557252
-0.347233
-0.654435
-0.620012
-0.280633
0.254528
0.447114
-0.029104
-0.004879
0.049993
-0.169845
0.102328
0.306768
0.470312
0.029897
-0.021002
0.201328
-0.333285
0.068587
-0.204088
0.384173
0.409230
-0.695698
-0.483139
0.511354
-0.080254
0.666487
-0.099815
-0.263218
-0.207047
-0.010896
-0.518740
-0.745649
-0.420068
0.484691
0.190362
-0.529468
-0.016535
0.166636
0.666813
0.243263
-0.354485
0.082716
0.022477
0.583723
0.611306
-0.384409
0.010354
0.234743
0.367794
0.214293
0.353434
-0.231427
-0.676116
0.013401
0.397791
-0.788613
-0.321544
0.009340
0.114550
0.393538
-0.712985
-0.516761
-0.705285
0.425245
1.057431
0.229538
0.406406
-0.458769
-0.624284
-0.234827
-0.123394
0.116527
0.244747
0.139085
0.407243
-0.134908
0.251273
-0.351701
-0.326290
0.573829
-0.219167
-0.439894
0.008927
0.006714
0.393710
1.067867
-0.060583
-0.270700
0.199407
-0.253195
0.035605
-0.168678
-0.145083
-0.473214
0.221220
-0.370887
0.019759
0.302180
-0.035357
0.552604
0.353315
-0.493466
-0.503054
-0.369491
0.326012
0.521194
-0.070080
0.338884
-0.029826
-0.696099
-0.062989
0.018946
-0.136749
0.359931
-0.234298
-0.381419
0.029189
0.245209
-0.083005
-0.301553
0.146218
0.147471
0.420860
-0.117415
-0.764800
-0.074959
0.165545
0.658394
0.166551
-0.065102
0.813331
0.268973
-0.433147
-0.233715
-0.363643
0.331344
0.871056
-0.085258
-0.468583
-0.085718
0.207870
-0.060727
-0.084929
-0.227841
-0.398814
-0.175624
-0.198722
-0.380065
0.121617
0.338355
0.210411
-0.616322
-0.374648
0.410375
0.152035
-0.487350
-0.094052
-0.076347
0.345205
0.113770
0.356600
0.038672
0.645109
0.047126
-0.754557
0.409523
0.103172
0.110357
-0.292112
0.387877
-0.077294
0.495781
0.601108
-0.352548
-0.051890
-0.367097
0.042829
0.891447
0.085991
-0.184683
-0.298231
-0.337312
-1.115889
-0.372407
-0.375531
-0.054069
-0.205225
-0.226862
-0.184514
0.001516
-0.255879
0.836862
-0.003170
0.237633
-0.051362
0.011730
-0.225565
0.544949
0.569951
-0.013342
0.454644
0.573294
0.652045
0.967709
-0.229781
-0.413859
-0.212329
-0.274508
-0.132489
0.005308
-0.278276
-0.407012
-0.624047
-0.802907
-0.321811
-0.092329
0.412142
-0.118520
0.015318
0.250296
0.451217
0.160142
-0.148147
-0.974568
-0.677249
0.429413
0.048690
0.363811
-0.122728
0.098946
0.823086
0.938785
-0.226234
-0.275664
-0.033772
0.586553
0.315448
0.409955
-0.209700
-0.170624
-0.342092
-0.084594
0.251957
-0.488276
-0.531767
-0.231008
0.276345
0.115782
-0.297164
-0.440587
-0.147734
0.098929
-0.199873
-0.077296
0.507682
0.115330
0.408484
0.466959
-0.259532
0.008179
0.081455
0.448158
-0.126229
-0.542030
-0.321793
-0.118970
0.300181
0.020128
0.004555
-0.382627
-1.056727
0.312798
0.000000
0.000000
0.445366
-0.145839
0.069341
1.231210
0.331992
-0.533183
0.459682
-0.387710
-0.137719
0.005663
0.252575
0.053923
0.004217
-0.384583
0.326305
0.226689
-0.103941
-0.073617
-0.081932
-0.458688
0.259642
-0.229293
-0.553263
0.010081
0.222597
-0.037997
-0.150902
0.285243
0.284920
-0.061830
-0.070243
-0.396438
-0.249282
0.164189
0.222444
0.410916
-0.131284
-0.117627
-0.465013
-0.347484
0.271745
0.466782
0.426283
0.204232
-0.399086
-0.490912
-0.069550
-0.430897
0.360503
0.908434
-0.154122
0.363698
0.152561
0.674436
0.041520
0.075938
-0.254178
-0.428819
-0.411196
-0.121388
0.170625
-0.273672
-0.835445
0.461467
-0.246622
-0.496059
-0.173239
0.295372
0.351059
-0.320459
0.571263
0.241308
-0.233753
-0.324512
0.556783
0.465636
-0.411270
0.166675
-0.409608
0.074191
0.474511
-0.211241
-0.326516
0.013449
0.372262
-0.209729
0.320156
0.048112
-0.346727
-0.034488
0.062851
-0.003930
0.008651
-0.059502
