-0.484534
0.363962
0.348711
0.214903
0.070023
0.046031
0.223739
-0.113161
-0.297385
-0.662701
-0.326984
-0.015650
0.213508
0.308039
0.052717
-0.477678
-0.102066
-0.068189
0.389855
-0.062091
0.080262
0.398516
0.116212
0.250412
-0.334183
-0.140224
-0.401760
0.266700
0.214985
0.034559
0.402611
0.125498
-0.192605
-0.127227
0.148144
0.301493
0.002398
-0.495351
-0.307088
-0.085517
0.102992
-0.054246
-0.175959
-0.136988
0.125809
-0.207301
-0.112996
-0.092470
-0.100347
0.068473
0.219025
-0.124786
0.341213
0.092100
0.248444
0.276517
0.248616
0.300318
-0.311281
-0.353151
0.014077
0.309081
-0.058287
-0.171109
0.172949
0.199566
-0.264449
-0.053296
-0.261156
-0.080930
0.132234
-0.368669
-0.373560
0.117907
0.286168
-0.327490
-0.514709
0.166085
-0.024751
0.128525
0.377921
0.032069
0.161072
0.316468
-0.311663
0.072943
0.198897
-0.231832
0.153288
-0.163699
0.129116
-0.082755
0.248298
0.503163
-0.060885
0.407745
0.089594
-0.270009
-0.189794
-0.152077
-0.024084
-0.298795
-0.263612
0.374011
-0.117699
0.082775
-0.134945
-0.162997
-0.238684
0.138667
-0.079821
-0.237467
-0.662397
0.048956
0.152015
0.425344
0.075501
0.032536
0.087794
-0.018855
-0.068619
0.201339
0.292630
-0.072049
-0.216967
0.263481
0.276091
0.341109
0.202040
0.025865
-0.166797
-0.263109
-0.161558
-0.044392
-0.138961
0.074426
-0.373770
-0.405938
0.021240
-0.381252
0.187704
0.279902
-0.077344
0.314049
0.055761
-0.315712
0.410069
0.585354
0.850184
0.000000
0.000000
-0.345473
0.422123
-0.371941
-0.406399
-0.333756
-0.507327
-0.409757
-0.552975
-0.090841
0.006843
0.189709
0.365579
0.246058
0.135139
0.031534
-0.147290
0.014163
-0.272151
0.057463
0.277302
0.063469
0.020833
0.396253
0.075773
0.102282
-0.056401
0.117715
-0.089609
-0.245808
0.139254
-0.139733
-0.149487
0.411691
0.287951
-0.041072
-0.103933
-0.109449
-0.007765
-0.017595
0.147064
0.042443
-0.097968
-0.001191
0.117361
0.146068
-0.026012
-0.234114
-0.449340
-0.422754
-0.186194
0.043085
0.152526
-0.016977
-0.141193
-0.197816
0.080436
-0.018759
-0.368986
0.260560
0.126425
0.497762
-0.090264
-0.042645
0.321564
0.216278
0.132584
-0.232035
-0.123633
0.372557
0.078663
-0.186626
0.109486
-0.230001
0.105925
0.087902
0.014497
0.078513
0.135683
-0.066710
-0.069438
0.074577
-0.122790
0.115929
0.261698
-0.199723
-0.375842
0.139237
0.072008
-0.204671
0.066420
-0.292174
0.158093
-0.059634
-0.689630
-0.720419
0.046554
0.236739
0.136573
0.462009
0.204196
0.041982
-0.023773
-0.119615
-0.070077
0.079995
0.237366
0.324944
0.201755
0.111378
0.013249
0.232160
0.074166
-0.043019
0.015949
-0.143670
-0.100535
-0.128317
-0.524871
-0.038542
-0.412144
0.065658
0.198815
0.012122
0.107621
0.019364
0.034840
-0.317283
0.080518
0.478477
-0.179113
0.163977
0.260134
-0.382456
0.202163
0.084231
0.344770
0.064195
-0.243104
-0.079820
-0.327034
-0.380172
0.080646
0.218584
0.161496
0.127857
0.028861
-0.277310
-0.205649
-0.177997
0.143036
-0.195561
-0.102465
0.141225
-0.063648
-0.146616
0.048036
0.235954
-0.009901
-0.059607
0.557396
0.238955
-0.023377
0.356704
0.000000
0.000000
-0.277874
-0.158137
0.367376
-0.009778
0.024258
-0.295467
-0.221639
-0.221061
-0.525312
-0.077621
0.083572
0.141524
0.503112
-0.333216
0.100819
0.216472
-0.340258
0.527570
0.323323
-0.227313
-0.629518
0.017521
-0.206138
0.034355
0.388539
0.077076
0.005198
0.025669
-0.299114
-0.065084
0.576278
0.273454
0.161578
-0.141889
-0.089788
-0.094754
-0.104479
-0.163539
-0.204459
0.244778
0.172763
-0.325315
-0.024009
0.123938
-0.635662
-0.030566
-0.331064
-0.061656
0.342071
0.256476
0.500565
0.508002
-0.318862
-0.047247
0.174741
0.073178
-0.375972
-0.150670
0.068448
0.445501
0.099766
-0.302130
-0.366220
0.052622
-0.183131
-0.100994
-0.274652
0.245441
0.285946
-0.179602
-0.054640
0.142264
0.256091
0.395932
-0.056875
-0.444489
-0.356806
-0.093923
0.182566
0.161146
0.263411
0.051923
0.138262
0.029060
-0.006884
-0.216376
0.044949
-0.148932
-0.246332
0.368472
0.075651
-0.133914
0.198123
-0.246609
-0.244352
0.171494
-0.058664
0.042555
-0.510943
-0.314430
0.159317
0.250184
0.312427
-0.100474
0.038730
0.301917
0.140874
0.424830
-0.072730
-0.304388
0.117779
0.007401
-0.080832
-0.221948
-0.109836
-0.141283
-0.127474
0.368316
-0.235559
-0.128461
-0.016246
0.187919
-0.315284
-0.284147
0.163336
0.632258
0.238557
0.134304
-0.370527
-0.116229
0.198144
0.171114
0.142832
0.060824
-0.587963
-0.131994
-0.054259
-0.225598
0.178381
0.233333
-0.079813
-0.047371
0.061939
-0.208629
0.333891
-0.109931
-0.344638
0.014361
0.187029
0.219821
-0.027360
-0.188274
-0.160240
0.342684
-0.226057
0.136583
0.113298
0.056239
-0.000829
0.035902
0.000540
0.270876
0.471871
0.367258
0.212212
-0.122084
-0.157249
-0.115032
-0.440456
-0.505903
-0.356291
-0.224807
-0.164225
-0.212049
-0.354476
-0.229544
0.091785
-0.046521
0.061747
0.418208
0.533640
0.297481
-0.113994
0.127252
0.116473
0.280483
0.257018
-0.045364
0.173790
-0.196317
0.298952
-0.154080
0.003665
-0.085229
-0.238681
-0.012298
-0.110664
0.049971
-0.077139
0.340370
-0.360557
-0.220544
-0.172553
0.169152
0.049718
0.035308
0.398450
-0.235265
-0.274989
0.169247
-0.448037
-0.403733
0.047019
0.077803
0.060654
0.186245
0.350677
0.048933
0.051135
0.006238
0.060295
0.061463
-0.479929
0.287761
0.012186
0.167150
-0.022270
0.037076
-0.312571
0.079411
0.497141
0.201535
-0.078748
-0.541270
-0.399338
0.225413
-0.134525
-0.432575
0.444203
0.182564
-0.354550
0.284291
0.437471
0.007154
-0.028141
0.030472
0.276538
-0.056269
-0.184805
-0.213163
0.033883
-0.001805
0.403498
0.206188
0.035555
-0.188952
-0.194755
-0.376316
-0.461029
-0.067450
0.104961
-0.140498
-0.052370
0.446310
-0.132133
-0.168759
0.131642
-0.020341
-0.173559
0.164718
-0.237896
-0.541543
0.334290
0.417182
0.160049
0.305746
-0.134620
0.027388
0.463269
-0.078425
-0.076774
0.525640
0.086756
-0.036049
-0.198151
0.171332
-0.304867
-0.059347
-0.017237
0.076765
0.128187
-0.214098
-0.643604
-0.315019
-0.007694
-0.222248
-0.027477
0.524561
0.361279
-0.051285
-0.150731
-0.048802
0.063024
-0.223291
-0.175552
-0.029823
0.067570
0.530436
0.118105
-0.413442
0.207902
0.188675
-0.465488
-0.121626
0.099308
0.520260
0.351588
-0.363543
-0.759896
0.684769
0.077906
-0.236859
-0.083205
-0.254086
-0.086534
0.184191
0.399998
-0.088236
0.071413
-0.075020
0.050455
-0.027583
0.358266
-0.108824
-0.169050
-0.170912
0.247808
-0.094360
0.624062
-0.023744
-0.311123
0.088502
-0.302926
-0.289550
0.295172
0.000000
0.000000
0.382772
-0.439825
-0.092790
-0.400326
-0.315669
0.182991
-0.082909
-0.254366
0.296839
-0.467714
-0.461372
0.124844
0.111143
0.432733
0.293972
0.196463
0.117594
0.334265
0.256436
0.224164
0.116042
0.049086
0.187334
-0.316491
-0.151592
0.106616
0.207687
-0.389009
0.306385
-0.481291
-0.158185
0.202049
-0.154405
0.350609
-0.103650
-0.163788
0.062410
-0.382936
-0.155228
-0.119530
-0.085209
-0.282869
-0.101325
0.057865
0.172345
0.140174
-0.048788
0.319412
-0.123690
-0.405518
-0.204888
-0.105113
0.298871
0.547483
-0.454386
0.214406
0.823171
0.382919
-0.189830
-0.057113
0.192600
0.213449
0.186706
-0.457508
-0.205538
-0.162432
0.072799
-0.111681
-0.026587
0.017464
-0.430087
0.062342
0.167629
-0.075798
-0.197458
-0.094463
-0.148244
0.058095
-0.299728
-0.129452
0.240456
-0.015721
0.037698
0.049265
0.483070
0.257952
0.085854
0.062815
-0.056339
0.000000
0.000000
0.154223
-0.182913
-0.188101
0.101257
-0.417914
0.117534
-0.075071
-0.081629
0.015360
0.057720
0.159729
0.000000
0.000000
0.518821
0.316033
-0.191807
-0.207670
0.047538
-0.326940
-0.277024
-0.152260
-0.292591
-0.302410
0.207592
0.173268
0.719142
0.359096
-0.335256
0.082955
-0.208720
-0.653173
0.027976
0.277241
-0.144023
-0.164849
0.275063
0.124893
-0.044530
-0.148921
0.345322
0.235022
-0.087521
0.353147
0.059143
-0.191701
0.238847
-0.033839
-0.478485
-0.507878
-0.570971
0.517249
0.384527
-0.095586
-0.098265
-0.193239
-0.045654
-0.641545
0.824290
0.496254
-0.248649
0.340724
0.090438
-0.306856
-0.116335
0.161577
0.146236
0.070297
0.312102
-0.026370
-0.340561
0.748287
0.095164
-0.505890
-0.689822
-0.120282
0.035951
0.213219
0.518429
-0.247073
-0.326333
-0.076857
-0.180076
-0.184056
0.107976
-0.026010
-0.005337
-0.121131
-0.233586
-0.008001
-0.258322
0.386758
0.199481
-0.013676
0.258281
0.301083
0.386327
-0.049286
-0.211883
-0.379680
-0.205862
0.292406
-0.096020
-0.133958
0.512763
0.029416
-0.201291
0.104458
0.255026
0.024454
0.159462
0.082499
-0.295261
-0.160514
-0.345415
-0.170474
0.571793
0.234461
-0.072323
-0.605990
-0.134853
0.346869
-0.048659
0.340432
0.162992
-0.288953
-0.140466
-0.508620
0.148122
0.117221
-0.206441
0.091600
-0.411366
0.022714
0.043051
-0.110712
0.020493
0.349145
0.148011
0.550875
0.223041
-0.542276
-0.403312
0.111949
0.082837
-0.080295
0.117631
0.040611
-0.075318
0.079821
-0.130460
0.629631
0.239056
-0.284685
-0.070963
-0.084246
0.002170
0.089213
-0.148048
0.124193
0.069626
-0.192306
0.544229
0.501057
0.183741
-0.228645
-0.359488
-0.644053
-0.273854
-0.317791
-0.324372
-0.039805
0.003415
-0.094008
-0.320454
-0.050961
0.481475
0.515675
-0.079604
-0.029827
0.390681
-0.064670
0.183018
-0.027809
-0.128681
-0.360309
0.141224
0.272416
-0.012155
0.326892
0.051503
0.093807
0.324565
-0.743157
0.324166
-0.127076
-0.026134
0.550148
-0.114002
-0.427189
-0.348636
0.273549
0.021341
-0.416440
-0.150260
-0.334179
0.124079
0.234463
-0.082982
-0.030254
0.042946
0.330842
0.530298
0.293971
-0.323826
-0.252244
-0.286633
-0.173911
0.344710
0.003652
0.077838
0.167636
-0.128225
0.500872
0.059352
-0.035672
-0.213589
-0.309720
-0.382050
0.237280
-0.152532
-0.585342
-0.436412
0.183836
-0.015807
-0.000495
0.549256
0.082703
-0.059388
0.087287
-0.227437
-0.121095
0.655742
0.273049
0.143260
0.291375
0.225548
0.028557
0.562536
0.166627
-0.723888
-0.898416
-0.435205
0.022787
-0.067032
-0.145879
0.139890
0.503768
0.241278
0.023701
0.056793
-0.250644
0.100535
0.086788
0.073004
-0.471989
-0.535592
-0.184123
-0.151139
0.116785
0.253735
0.096933
0.372310
0.385788
0.250983
0.172072
-0.207626
-0.250901
-0.220101
-0.142568
-0.231928
0.057682
0.027832
0.097631
0.207109
-0.137185
-0.137503
-0.087347
-0.189036
0.495672
0.000000
0.000000
0.016512
-0.238049
0.472899
0.445735
0.035964
-0.839457
-0.104271
0.221809
0.342204
-0.002372
-0.219098
-0.094235
0.054507
-0.391236
-0.057808
0.246346
0.230293
0.177705
0.172949
0.016580
-0.074525
0.228762
-0.129411
0.054090
-0.065946
-0.410638
-0.063249
-0.216384
0.177654
-0.326244
-0.354581
0.029531
0.206046
-0.045451
0.028729
0.036677
-0.043634
-0.197758
0.295766
0.268040
-0.067691
-0.252990
0.153721
0.074129
-0.132292
0.041904
0.066043
0.055823
0.129971
-0.107434
-0.015711
0.729158
0.279544
-0.127709
0.123540
0.116253
-0.086967
0.403957
0.560076
-0.017659
-0.475378
-0.505991
-0.452528
-0.007058
-0.478187
-0.779003
-0.161399
0.140045
0.118563
-0.065192
-0.005798
-0.163370
0.003024
0.085741
-0.037378
0.443979
-0.087957
-0.174147
0.451024
0.108826
0.167725
0.586081
-0.077127
-0.146359
-0.035451
-0.085841
0.145128
0.262314
-0.275452
-0.012120
0.256907
-0.013230
-0.203959
-0.324232
