0.000000
0.000000
0.196275
0.224914
0.178557
-0.127901
-0.439230
-0.329090
0.173336
0.655963
0.153965
-0.080782
-0.280340
-0.002219
-0.096472
0.132244
0.174842
-0.165147
-0.255228
-0.510362
-0.136279
0.398231
-0.167537
-0.279151
-0.668184
-0.203356
0.069013
0.338115
0.098331
0.018274
0.246968
-0.156390
0.254239
0.420035
0.354218
0.193436
-0.156768
-0.002920
0.306767
0.334221
0.017313
0.021757
0.349423
-0.018766
-0.495104
-0.519240
-0.103449
0.326638
0.185344
-0.201909
-0.509040
-0.697462
-0.313326
0.159601
0.018934
0.132711
0.143160
-0.075107
0.334148
0.329301
0.529980
0.145651
0.179618
0.041245
0.117053
-0.144876
-0.378594
-0.021106
0.101230
-0.074598
-0.227797
-0.192653
-0.441473
-0.072575
0.141555
-0.207825
-0.024938
-0.047616
-0.020419
0.035825
0.202340
0.370512
0.081100
0.098176
0.109848
-0.064192
-0.041270
0.176294
-0.258864
0.052986
0.030384
-0.178207
-0.108052
0.000000
0.000000
0.000000
-0.228945
-0.209584
0.243392
0.336027
-0.070585
-0.305028
-0.360706
0.111676
0.282704
0.039588
0.270933
0.197060
-0.078070
0.050503
0.068106
0.194127
0.278254
0.389620
0.166566
-0.517357
0.202916
-0.048881
-0.049617
0.367974
-0.131226
-0.485083
-0.249299
-0.073703
-0.181388
-0.317062
-0.274203
-0.098586
-0.183662
-0.023163
0.096333
0.037973
0.100532
0.160783
0.110003
-0.216803
-0.330182
-0.278607
0.157910
0.106455
0.231746
0.147490
-0.146249
-0.060903
0.048355
0.436628
0.562440
0.165377
0.073561
-0.131037
0.269476
0.587386
0.161537
-0.461278
-0.441034
-0.312238
0.006883
-0.203819
-0.238158
0.090632
0.186958
0.135674
0.201436
0.502949
0.412615
0.040133
-0.716929
-0.393712
-0.229546
-0.243357
-0.238516
-0.175163
0.092553
0.014536
0.131550
0.149764
0.005050
-0.238287
-0.491857
0.080896
0.183191
0.198390
0.015138
-0.318721
-0.004745
0.188597
0.557657
0.667670
0.000154
-0.171628
0.059171
-0.123398
-0.472551
-0.357050
0.055488
0.051634
0.006790
0.304093
0.342808
0.250617
-0.031823
-0.284193
0.023807
0.258988
-0.096135
-0.283092
-0.292740
0.131432
0.034614
-0.032017
0.304763
0.195153
-0.005805
-0.330821
-0.267287
0.171094
0.226001
-0.147690
-0.105462
-0.268971
-0.284388
-0.123070
0.404423
0.195394
0.227677
0.575311
-0.109726
-0.585239
-0.444675
-0.228122
-0.097958
0.094608
0.400043
0.088262
-0.106094
0.050293
-0.025780
0.343051
0.163960
0.213941
0.223780
-0.284264
-0.039227
0.049710
-0.067210
-0.223330
-0.284744
-0.296367
-0.347230
-0.068499
0.041468
-0.094834
0.537260
0.209280
0.100051
-0.563453
-0.367259
0.521550
0.371716
0.287552
-0.159183
0.052792
0.432957
-0.156667
0.173405
-0.426218
0.205022
0.627665
0.245249
-0.007097
-0.323797
-0.235088
-0.232924
-0.263561
-0.040828
-0.093666
-0.261003
0.036096
-0.118512
0.058860
-0.276395
-0.079629
-0.012812
0.121718
0.202834
0.090729
0.344301
0.005010
-0.417573
0.080239
0.361232
0.289170
-0.094599
-0.335418
-0.189492
0.024162
-0.279797
-0.162539
0.012171
0.113069
0.108929
0.491502
0.351461
-0.145232
-0.183408
0.034067
-0.180966
-0.346353
0.181045
-0.117172
-0.423947
0.067784
-0.111334
0.262419
0.545708
0.286009
-0.014487
-0.146828
-0.084566
-0.063389
0.009247
0.087928
0.455722
0.327352
-0.217206
-0.019173
0.195201
0.215383
0.224373
0.019722
-0.104724
-0.168827
-0.283004
-0.244305
-0.204523
-0.605340
-0.510313
-0.075895
-0.096473
-0.173880
-0.063781
-0.079611
0.030407
0.132975
0.347092
-0.020142
-0.159472
-0.287916
0.351377
0.298979
0.288370
0.074769
0.235824
0.118181
-0.457670
-0.051592
0.198589
0.238842
0.054441
-0.093476
0.208217
0.290291
0.209020
-0.015781
-0.042172
-0.005676
0.072548
0.090974
0.304371
0.390429
-0.072257
-0.340322
-0.143119
-0.393833
-0.150125
0.112117
-0.168954
-0.440157
-0.279916
-0.031366
0.281412
-0.211734
-0.220363
-0.019302
0.277470
0.030956
-0.138422
-0.288486
-0.108124
-0.194318
-0.138037
-0.102092
-0.057597
0.169246
0.053184
0.117671
0.005188
0.369919
0.117756
0.135111
0.435610
0.228206
0.034734
0.280545
-0.005940
0.175028
0.227578
0.108024
-0.361778
-0.236024
-0.257038
-0.244644
-0.087466
0.000000
0.000000
0.000000
0.178726
0.040208
-0.236479
-0.135663
0.057834
-0.232628
0.088902
0.186071
0.228767
0.104613
-0.155101
-0.031066
-0.127243
-0.138669
0.033576
-0.414581
-0.191841
0.255584
0.386757
0.338473
0.513908
0.081338
-0.008202
-0.242875
-0.334198
-0.368321
0.072954
0.002559
-0.115685
0.010691
-0.239966
0.108108
-0.149301
-0.223579
0.112478
0.247443
0.157334
0.117507
0.310502
0.460505
0.090824
-0.184914
-0.047505
-0.313270
-0.016825
-0.100392
-0.504116
-0.534546
-0.012069
0.610744
0.441066
0.042203
-0.096175
-0.154671
-0.080625
0.359449
0.637408
0.093437
-0.425283
-0.373022
-0.505972
-0.352394
-0.032786
0.133772
-0.138333
0.047168
0.041452
-0.024721
0.261790
0.291686
0.232800
0.000000
0.000000
-0.191767
-0.156703
0.146595
0.041879
-0.104269
0.328469
0.195178
0.039413
-0.120603
0.106793
0.203128
0.097885
0.064324
-0.067959
-0.040155
-0.127801
-0.307577
-0.493780
-0.012480
0.129621
-0.015956
0.017466
0.102636
-0.162951
0.073533
-0.250333
-0.114307
0.286872
0.137896
-0.089979
-0.366135
0.019173
0.678407
-0.017005
-0.416832
-0.418452
-0.247142
0.205974
-0.036627
0.042446
0.367178
0.323237
0.144323
0.374478
0.506671
0.176502
-0.295462
-0.266345
-0.285247
0.037972
0.124891
-0.126404
-0.263096
-0.460078
0.000000
0.000000
-0.316438
-0.217093
0.463639
0.212512
0.187534
0.223190
0.155975
0.301427
0.000000
0.000000
-0.048555
-0.015231
-0.119416
-0.276834
-0.195565
0.016421
-0.488817
-0.392500
0.251558
0.190651
-0.026683
0.149729
0.033579
0.145836
0.071692
0.000000
0.000000
0.000000
0.328641
-0.175296
-0.402627
-0.257943
-0.101727
0.206422
0.248671
0.140146
-0.103983
0.020157
0.335846
0.027831
0.145792
-0.078665
0.167918
0.470029
-0.173867
-0.393964
-0.359703
-0.244962
0.045138
0.170909
0.197532
0.069845
-0.314774
0.047182
0.440026
0.048729
-0.528091
-0.108181
0.273671
0.191694
0.156854
-0.366507
-0.423027
-0.195440
-0.190472
-0.062324
0.319230
0.270012
0.421679
0.212307
-0.281115
-0.428737
-0.000048
-0.004244
-0.057335
0.042411
-0.046386
-0.005111
0.097613
0.085005
0.199238
0.281815
0.408577
0.241919
-0.137456
0.096093
-0.168181
-0.013818
-0.144414
-0.189726
-0.286646
-0.393610
-0.416174
-0.045912
0.000000
0.270988
-0.174965
-0.605956
0.058145
0.000000
0.000000
0.363953
0.291191
0.432590
0.555966
0.733700
0.644637
0.077756
-0.477553
-0.522339
-0.431814
-0.343674
-0.230916
0.131175
-0.012652
-0.129386
0.069113
0.146847
-0.188670
-0.479202
-0.080722
0.170794
0.348350
0.103059
0.311750
0.333684
0.189645
-0.114173
-0.525361
-0.139569
-0.009351
-0.377846
-0.315007
-0.355617
-0.307334
-0.030343
0.095136
0.018777
0.490831
0.505387
0.318666
0.072470
-0.027628
-0.050632
0.093587
0.127021
0.200698
0.145208
0.230658
-0.279242
-0.389086
0.159489
0.025618
0.341232
0.103453
-0.105510
-0.239929
-0.017857
0.327657
0.037517
-0.086935
-0.308806
-0.129000
-0.196192
-0.408042
0.053570
-0.213822
-0.345215
-0.180936
-0.189968
0.060817
0.213814
0.184509
0.146638
0.059154
-0.156491
-0.127220
0.134946
0.102234
0.081855
0.136820
0.366600
0.407215
0.158892
0.017304
0.129392
-0.090100
-0.300607
0.176020
-0.060005
0.290473
0.333438
0.190697
-0.312312
-0.291148
-0.397352
-0.336543
-0.245445
-0.341211
0.054518
0.025964
-0.112885
0.146465
-0.026967
0.072762
0.142150
-0.008817
0.224932
0.277411
0.203290
0.190254
-0.139942
-0.526051
-0.405143
0.314411
0.501149
-0.078736
-0.213268
0.000000
0.000000
0.000000
0.000000
-0.396910
-0.180793
-0.134554
0.203623
0.168080
0.253107
0.226658
0.331942
-0.183724
-0.492438
0.070235
0.570641
0.205538
0.280192
-0.188534
-0.278520
0.057515
-0.034666
-0.191847
-0.047632
-0.011665
0.057715
-0.198189
-0.212386
0.015899
-0.105733
-0.122223
-0.580765
-0.048253
0.182098
0.258266
0.148533
0.241510
0.404116
0.245437
-0.259192
-0.434973
-0.198112
0.003805
0.303493
0.343584
0.345145
-0.109122
-0.246861
-0.258887
0.009882
0.192026
-0.107589
-0.399481
-0.126089
-0.052999
0.120663
0.320189
0.166620
-0.024914
-0.291343
-0.364224
-0.069540
0.265795
0.369585
0.484320
0.207921
-0.002410
-0.048631
0.176360
0.010125
-0.156058
-0.353642
-0.000500
-0.201206
0.024373
-0.209496
-0.254463
-0.089712
0.114670
-0.082463
-0.088638
-0.137377
-0.041816
0.068145
-0.164009
0.113147
0.222935
0.290253
0.192352
0.228179
0.161623
0.187925
-0.181173
-0.314732
-0.218594
-0.192594
0.086263
0.039687
-0.195368
0.060410
0.391411
0.120949
0.000000
0.000000
0.000000
0.051097
-0.210030
0.027388
-0.025613
-0.007557
0.185939
0.074396
-0.159430
-0.233487
-0.278278
-0.238780
-0.002437
0.108616
0.203809
0.361390
0.158924
-0.090177
0.065464
-0.103371
0.178258
-0.037466
-0.217627
-0.359457
-0.210935
0.070155
0.304734
0.186943
0.139491
-0.056238
0.168922
0.407841
-0.083816
-0.617944
-0.453204
-0.107369
0.106366
0.179762
0.366789
0.106887
-0.096932
-0.327230
-0.216253
0.000000
0.000000
0.000000
0.000000
0.000000
0.000000
0.100382
0.322816
0.132548
0.020495
0.142332
0.202947
0.148059
0.187419
0.128365
0.293236
-0.195490
-0.154520
-0.521827
0.179353
-0.370709
-0.500007
-0.492569
0.032491
0.195086
-0.151034
-0.169472
0.075407
0.098017
0.172316
0.157486
0.094818
0.146257
0.281083
0.045127
-0.015386
-0.017439
-0.110270
0.201929
0.322426
-0.331781
-0.383789
0.137234
-0.021338
0.056454
-0.003243
0.046562
-0.053326
-0.154413
-0.012009
0.217869
0.238881
0.352146
0.381287
0.062179
-0.383924
-0.540407
-0.317533
-0.173872
-0.209554
-0.107929
0.318153
0.283136
0.106883
-0.000866
-0.180060
-0.320316
-0.283623
-0.090947
0.038751
0.413293
-0.220874
-0.027683
0.064101
0.146377
0.417128
0.593504
0.644258
0.249969
-0.250888
-0.434826
-0.394207
-0.323141
-0.072054
-0.005303
0.077972
0.212144
0.187199
-0.107849
-0.160465
-0.081761
-0.256043
-0.404740
-0.314175
0.032868
0.010437
0.000000
0.000000
0.034615
-0.076304
0.144170
0.341461
0.372542
0.128001
0.117422
0.113575
-0.095087
-0.133826
0.202634
0.094399
0.006413
-0.555595
-0.113915
0.132833
-0.085933
0.245147
0.104645
0.424049
0.375516
-0.059410
-0.238687
-0.414051
-0.064603
-0.156558
-0.188525
0.004681
0.200632
0.103477
-0.145958
0.113998
-0.000811
0.148482
-0.134958
-0.730309
-0.499539
-0.345327
0.211967
0.182913
-0.070836
0.203289
0.568193
0.170689
0.000000
0.134869
0.146406
0.000000
0.000000
-0.138766
0.019128
0.114380
0.344364
0.043800
-0.126271
0.032252
0.409816
0.083367
-0.183468
-0.191655
0.030554
0.178906
-0.188283
-0.352752
-0.209083
-0.161567
0.167319
0.231206
-0.239623
-0.333707
-0.071767
0.052453
-0.111424
0.092203
0.321419
-0.028985
-0.379142
-0.215982
-0.260132
-0.141496
0.265873
0.223063
0.155112
0.074414
0.187601
0.253639
0.317567
-0.027796
-0.154520
0.002189
-0.049618
-0.025380
0.091102
-0.001400
-0.021390
0.216098
0.273840
-0.014070
-0.324733
-0.052876
0.163074
0.024062
-0.383577
-0.616013
-0.151715
0.333950
0.531449
0.045077
-0.405142
0.051975
0.126078
0.008752
-0.063328
0.021423
0.000000
0.000000
0.000000
-0.258230
-0.125191
-0.006146
0.038670
0.233686
0.177839
0.036925
-0.058574
-0.222812
0.052167
0.277026
0.008240
-0.203725
0.045781
