0.000000
0.000000
-0.430823
0.247304
0.193791
0.001245
-0.217761
0.180531
0.092866
-0.136234
0.185411
0.129171
-0.146604
0.010809
-0.063454
-0.311337
0.041075
0.022008
0.172102
0.115542
0.039577
-0.060172
0.053670
0.131123
0.063345
-0.141511
-0.230972
-0.030106
0.034265
0.101930
0.240833
-0.054159
0.125038
-0.336278
-0.003943
0.137895
-0.061244
-0.092599
-0.081781
0.037701
-0.009164
0.057738
0.175838
-0.123073
-0.274918
0.056579
0.360342
0.006658
0.026184
-0.409501
0.068414
-0.305609
0.072076
0.078869
-0.108624
-0.037257
0.018863
0.069848
-0.226192
0.178897
0.166731
0.144299
-0.055014
0.126659
0.240775
-0.128943
0.155338
0.011675
-0.043486
0.224963
-0.135029
0.050108
-0.030285
0.039863
-0.215253
-0.018221
0.060805
-0.150414
-0.094787
-0.199332
-0.149901
-0.220263
0.111825
0.202072
0.303625
0.147063
0.222717
0.064379
-0.069029
-0.104220
0.045076
-0.276732
-0.099640
0.000000
0.000000
0.000000
0.172429
-0.114945
-0.197408
0.050746
0.069650
-0.104623
-0.042335
-0.001631
-0.075850
-0.206587
0.102976
0.063453
0.147661
-0.140757
-0.145497
0.009558
0.034936
0.215081
0.037287
0.142477
0.167502
-0.117863
-0.020487
0.312335
0.226288
-0.046057
0.115835
0.030080
-0.132417
-0.157465
-0.074643
0.114936
-0.038260
-0.201504
0.090656
0.098537
-0.083198
-0.165127
-0.154389
-0.220157
-0.151138
0.032316
-0.070556
-0.051098
0.333864
0.213415
-0.032575
-0.253350
-0.166924
0.179952
0.054692
0.158854
-0.118519
-0.137424
0.124309
0.123700
0.083788
0.316729
-0.011919
-0.096525
-0.126368
-0.000667
-0.045178
-0.063040
-0.025801
0.272454
-0.276662
-0.078115
-0.363957
0.004641
0.199895
0.167141
0.121829
0.208743
-0.277125
-0.113719
0.164332
0.115535
0.072195
0.183833
-0.185813
-0.130401
-0.003336
-0.167260
-0.040484
-0.288286
0.189874
0.100745
0.059677
-0.046365
0.054651
0.011983
0.232625
0.275830
0.226579
0.161109
-0.195362
-0.057560
-0.084927
-0.219725
-0.144062
-0.294241
-0.121740
-0.150916
0.094449
-0.167520
-0.100183
-0.066048
-0.159471
0.094248
0.197367
0.201208
0.312774
0.116765
0.052205
-0.168356
0.019681
-0.181334
-0.032962
0.163465
0.168806
-0.036984
-0.009971
-0.018777
0.171027
0.035682
0.202518
0.072331
0.080944
0.094350
-0.101996
-0.209150
0.037251
-0.202210
-0.322793
-0.329703
-0.118776
-0.081708
0.205414
0.163055
0.081394
0.134547
-0.227764
0.071680
0.207488
-0.066611
0.343809
-0.018794
-0.140793
0.062751
0.013954
0.050368
-0.335410
-0.129135
-0.167533
-0.389779
-0.154435
-0.094397
0.344191
0.515587
0.189067
0.202046
0.261671
0.180288
0.375945
-0.216963
0.094638
-0.394102
-0.209348
-0.128253
0.224163
-0.300078
0.000832
0.037979
-0.193937
-0.141599
-0.236608
-0.537976
0.052533
0.100584
0.229445
-0.102643
-0.032746
0.142939
0.100212
0.137414
0.014901
0.054016
0.126391
0.180732
0.232036
0.005893
0.193132
0.093256
0.029525
-0.023326
-0.035009
-0.049064
-0.218810
-0.224786
0.020019
0.305966
0.122834
0.012974
-0.076786
-0.023280
0.050621
0.180936
-0.258813
-0.119703
-0.044888
-0.311039
-0.549382
-0.241332
0.154847
-0.222309
0.080299
0.170097
-0.052325
0.084999
0.092692
-0.087946
0.255131
-0.159329
-0.069804
0.174348
0.135368
0.408993
0.301864
-0.059443
0.026873
0.019228
-0.145863
-0.221345
0.173223
0.188834
0.288873
0.308306
-0.057735
-0.403875
-0.294943
0.073002
-0.102972
0.034325
-0.192684
-0.082249
0.208281
0.038077
0.140218
-0.117935
0.162509
-0.346907
-0.303969
-0.638440
0.315335
0.231791
0.327574
0.151553
-0.111893
-0.191701
0.241378
-0.137372
0.063050
-0.081300
-0.249852
-0.291150
0.311019
0.325562
-0.213756
-0.231285
0.065813
0.129357
-0.337804
0.064909
-0.056525
0.255507
0.248309
0.392653
0.198595
0.077973
-0.071957
-0.053186
-0.238958
-0.142745
-0.001276
-0.088896
0.292571
0.169877
-0.036160
0.358377
-0.286735
-0.229503
-0.122448
-0.002493
0.151518
-0.162643
0.333959
-0.225690
-0.306566
-0.437577
0.061941
0.018162
0.206295
-0.175112
-0.351507
0.295321
0.100577
-0.015555
0.231081
0.279894
-0.044300
0.083325
-0.117177
0.050846
0.057595
-0.046417
-0.128387
0.000000
0.000000
0.000000
0.078620
-0.015662
0.257732
0.095278
-0.163846
-0.307173
-0.309384
-0.223408
0.032690
0.130815
0.189673
0.098981
0.020674
0.046944
0.130731
0.008576
0.262416
-0.246463
-0.060441
0.043790
0.190657
0.111113
-0.139123
-0.045177
0.114302
-0.016437
0.414140
-0.057929
-0.073419
-0.298474
-0.601015
-0.240251
-0.110359
0.045341
-0.119900
0.337047
0.132344
0.074585
0.102195
0.042247
0.173905
0.154306
0.106898
-0.252715
-0.040774
-0.072486
-0.176964
0.193423
0.067196
-0.415955
0.245741
0.332987
0.007960
-0.109118
-0.211380
-0.143806
0.069040
0.069712
-0.141552
0.126933
-0.086870
-0.183327
0.199296
0.210801
-0.029986
-0.018703
0.239957
0.061753
0.095088
-0.066410
-0.043679
0.000000
0.000000
-0.102614
-0.132902
-0.118222
0.073506
-0.066260
0.167694
-0.049472
-0.025773
0.313625
-0.358664
0.283805
-0.072510
-0.189691
-0.196887
-0.251758
-0.087653
0.010451
-0.086404
0.076830
0.046648
-0.034182
0.224964
0.218086
0.013346
0.205277
0.049728
-0.393524
0.195257
0.028122
0.174609
0.085553
-0.052478
0.090432
0.415914
-0.009737
-0.094420
-0.206713
-0.453254
-0.297912
-0.192672
0.010596
0.229005
-0.189942
0.159850
0.029648
0.044190
0.270746
0.162883
-0.027374
0.084708
0.116659
-0.254016
-0.225478
-0.078404
0.000000
0.000000
0.077856
-0.016690
0.156042
0.246826
-0.072280
-0.076164
0.233099
0.189839
0.000000
0.000000
-0.107829
0.059399
-0.123060
-0.103115
-0.414089
-0.214397
-0.088722
-0.306852
0.062492
-0.132306
-0.096541
-0.147615
0.107523
0.146683
0.275760
0.000000
0.000000
0.000000
0.194733
0.173340
0.295486
0.324326
0.031088
0.042871
0.176712
0.227016
-0.024822
-0.276745
0.131127
-0.066237
0.101118
-0.012541
0.118632
-0.035735
-0.183465
-0.225963
-0.267204
-0.436186
-0.276312
-0.021284
0.062907
0.017381
-0.220550
-0.099250
0.102190
0.120696
0.066454
-0.014271
-0.023308
0.037276
0.070729
0.253594
0.073379
-0.039894
-0.045989
0.001881
0.089340
-0.261995
-0.160467
0.119487
0.181728
0.087711
0.075669
0.039996
0.141133
0.215370
-0.001379
-0.041317
0.029215
0.203864
0.140817
0.089576
0.010833
0.005984
-0.044885
-0.080965
-0.001878
-0.212280
-0.052930
-0.220192
-0.283250
-0.119465
-0.117736
0.008157
0.000000
-0.038160
0.157652
-0.085629
-0.355269
0.000000
0.000000
-0.220811
-0.023025
0.163321
0.309342
0.211897
0.159974
0.093267
-0.111959
-0.080578
0.185985
0.196680
-0.143696
-0.143038
0.063121
-0.041041
0.038580
0.100892
-0.097744
0.047753
0.195105
0.202184
0.329403
0.116060
-0.079528
-0.111086
0.172267
-0.168739
-0.125241
0.086918
-0.168041
-0.313920
-0.454787
-0.480829
-0.438939
-0.122895
0.037507
0.219236
0.207808
0.321970
0.097351
-0.069735
0.057796
0.184060
0.104740
0.145453
0.002007
0.257468
0.383915
0.145696
-0.019279
-0.091423
0.079282
-0.036453
-0.072797
-0.372722
-0.236941
0.096454
0.013040
-0.071960
-0.251387
-0.017232
0.087384
-0.118941
-0.062961
-0.027070
-0.095542
0.067742
-0.078208
-0.087122
0.094072
0.151668
0.005391
-0.048228
0.054286
-0.040380
0.022800
-0.010222
0.043929
0.138915
-0.000312
0.170297
0.122994
0.141460
0.109777
0.178721
0.447200
-0.067814
-0.119520
-0.059202
-0.153427
-0.321741
-0.144948
-0.449547
-0.004421
-0.000467
-0.208440
-0.256148
-0.012601
-0.115136
0.218518
0.402448
-0.107680
-0.173505
0.050277
0.162140
0.190309
0.100977
0.143143
0.300624
0.076569
-0.083114
-0.050004
-0.353584
0.052538
-0.138219
-0.121930
0.159027
0.000000
0.000000
0.000000
0.000000
0.239179
-0.002246
-0.172008
-0.112958
0.245111
-0.016190
-0.035894
-0.293689
-0.018747
0.079052
-0.400663
-0.159148
0.154768
0.130478
0.154047
0.418131
-0.304346
0.114684
0.388257
0.106680
-0.223561
-0.161241
-0.027498
0.032619
0.087191
0.207990
-0.066171
-0.098600
-0.366209
-0.150076
0.004871
0.088593
-0.112462
-0.060873
0.241621
-0.209428
-0.163799
0.199829
0.181080
-0.015871
-0.045394
0.103330
0.543521
0.173509
-0.011203
-0.096917
-0.249699
0.005603
-0.116784
-0.313196
-0.195853
-0.366379
0.038942
0.104091
0.006863
0.275712
0.333421
-0.007460
-0.005232
0.100936
-0.028778
0.218331
0.068308
0.093828
-0.151658
-0.123197
-0.053890
-0.348492
-0.625607
-0.074613
0.119588
0.381313
0.204391
0.331066
0.032172
-0.060485
0.207157
-0.000187
-0.128864
-0.021586
0.103280
-0.277959
-0.149638
-0.002687
-0.195968
0.057272
0.052452
-0.160142
0.231901
-0.041606
0.113148
0.126375
0.215087
0.065435
-0.168194
0.281625
0.069265
-0.504512
0.000000
0.000000
0.000000
-0.154147
-0.285800
-0.087232
0.022163
0.197261
0.075768
0.029529
0.145748
0.095622
0.137052
0.137687
-0.163303
-0.255622
0.093019
0.111334
0.032549
0.075560
0.044813
0.050007
-0.072362
-0.251613
-0.191758
0.005859
0.048316
0.054377
0.038713
0.015649
-0.114883
0.065721
-0.188208
-0.117079
-0.051198
-0.065271
0.191219
-0.085927
-0.047038
0.225657
0.250872
0.201602
0.142635
0.079648
-0.099272
0.000000
0.000000
0.000000
0.000000
0.000000
0.000000
0.052063
-0.093515
0.212738
0.065448
-0.345570
-0.428938
-0.310264
-0.284292
-0.030759
0.112662
0.218150
0.086388
0.329562
-0.033009
0.033478
-0.033087
0.030158
-0.257051
-0.329363
0.049108
0.073038
0.316976
-0.010134
0.217236
0.147968
0.326965
0.226245
0.025135
-0.124690
-0.021889
-0.145240
-0.058192
-0.190914
-0.212360
-0.051910
0.194962
-0.043506
-0.364210
-0.011444
-0.035410
0.069080
0.258189
0.062521
0.091978
0.003241
-0.125687
0.009755
-0.013195
-0.153296
0.145411
0.026084
-0.035535
-0.077506
0.021578
0.102460
-0.151000
-0.270172
0.051865
-0.125474
0.260669
0.155809
-0.256795
0.063112
-0.027338
0.337385
-0.032668
-0.025197
0.103117
0.022413
-0.096990
-0.220326
-0.108237
0.209776
0.138396
-0.030133
0.028501
-0.087515
0.325402
0.216222
-0.141273
-0.128903
0.085879
0.139456
-0.095628
-0.000278
-0.150569
-0.115283
0.092148
-0.111548
-0.434730
0.000000
0.000000
-0.109350
-0.127686
-0.221734
-0.183979
0.183677
0.308097
0.454097
0.357718
-0.136562
0.075141
-0.017365
0.070727
0.133013
-0.192952
-0.035840
-0.058033
-0.241870
-0.087069
-0.180058
0.056335
0.045909
0.080885
0.037594
-0.213485
0.022215
0.188639
0.185461
0.141493
0.106011
0.066534
0.076195
-0.022218
0.044581
-0.080901
-0.085105
-0.038316
0.000011
-0.057779
-0.318972
-0.074008
-0.070725
-0.077773
-0.207470
0.199733
0.000000
0.234509
0.059983
0.000000
0.000000
-0.073304
-0.080945
-0.151137
-0.128318
-0.040406
0.259458
0.245921
0.129090
0.097540
-0.061253
0.066765
0.086400
-0.085639
-0.009886
0.047868
0.047063
-0.091966
-0.139970
-0.033140
-0.093200
-0.077687
-0.021794
0.136589
-0.156354
0.018497
-0.028111
0.295866
-0.029365
-0.122205
-0.131060
-0.092129
0.162113
0.222430
-0.154778
0.047363
-0.207065
-0.005601
0.354116
0.325512
-0.155251
-0.210921
0.040127
-0.004091
0.137790
-0.299824
-0.056948
0.046986
0.040146
-0.243408
0.067294
-0.073954
-0.289479
0.059621
-0.015613
0.238638
0.147698
0.016925
0.041463
-0.102166
0.030405
0.032823
0.271099
-0.014377
-0.033455
0.036528
0.000000
0.000000
0.000000
0.164670
0.108008
-0.084466
-0.270856
-0.235050
-0.213611
0.018438
0.081292
0.101165
-0.032895
-0.002481
0.214938
0.030537
-0.082477
