0.000000
0.000000
0.258508
0.027468
0.015003
0.385929
-0.223918
-0.531678
-0.477445
-0.077832
-0.185482
-0.059966
0.580084
-0.001740
0.088780
0.346048
-0.142623
0.414271
0.295860
0.148339
0.441884
-0.041398
-0.290464
-0.300577
-0.472625
-0.250661
0.431360
0.146713
-0.295248
-0.382179
-0.721312
-0.183997
-0.273164
-0.141983
-0.035980
-0.007134
0.320943
0.249771
0.370896
0.669617
-0.220942
0.077675
-0.089436
0.098874
0.713443
-0.159384
0.040198
-0.001533
0.152927
-0.200040
-0.544912
0.024353
0.020304
-0.249582
-0.218653
0.462899
0.290229
0.038041
-0.025809
0.126877
0.310392
-0.326902
0.026208
-0.100849
-0.069647
-0.151673
0.013223
-0.428571
-0.257083
0.636044
0.261757
0.102205
-0.418926
0.332581
0.454822
-0.138915
-0.097117
-0.087730
-0.308268
-0.454766
-0.123585
0.465076
-0.169785
-0.178396
-0.100051
-0.023062
0.403883
-0.215620
-0.029657
-0.295846
-0.194196
-0.167497
-0.480775
0.000000
0.000000
0.000000
-0.012264
0.205647
0.552449
0.624212
0.106305
-0.065172
-0.097217
0.296324
0.411213
0.233382
0.610119
-0.221785
-0.374390
-0.000694
0.185396
-0.059370
0.285431
-0.318468
-0.121620
0.126048
0.168388
0.081525
-0.648428
0.210867
-0.158480
-0.746620
-0.128226
-0.179095
-0.138873
-0.222441
0.050216
0.205029
-0.450627
-0.116274
-0.074941
-0.120397
0.289199
0.268722
0.255528
-0.008587
-0.063235
0.374050
0.157796
0.041282
0.117516
0.069059
-0.468637
-0.419267
0.086648
0.072818
0.077266
0.003962
-0.220142
0.634994
0.550568
0.218514
-0.061464
0.887787
-0.227457
-0.594720
-0.341374
-0.363985
0.502776
-0.206247
-0.321744
0.221237
-0.234440
0.347924
0.099206
-0.493766
0.422046
-0.389470
0.010916
0.450063
-0.237089
-0.225166
-0.249597
-0.155741
-0.226836
0.061972
0.235353
-0.098012
0.127854
-0.182051
0.363435
0.753962
-0.084402
0.261994
-0.018459
-0.011634
-0.379825
-0.247177
0.201520
-0.948983
-0.137863
-0.183495
-0.070301
-0.179588
0.047102
-0.021931
0.055703
0.452278
0.259553
0.251577
-0.104993
-0.137287
0.461835
0.558306
0.269763
-0.010736
-0.514306
-0.212727
0.342536
-0.006060
-0.239579
0.001862
-0.321288
0.072544
0.124975
-0.274724
-0.075551
0.284365
0.184283
0.161252
-0.097853
-0.057231
0.395917
0.333645
0.132194
-0.133943
-0.161343
-0.788587
-0.318548
-0.239582
-0.076030
0.396618
0.267678
-0.312706
-0.195607
-0.199178
0.079479
0.406256
-0.019786
0.121646
-0.353298
-0.475097
0.085602
-0.106258
-0.154060
0.120309
-0.134424
0.343853
0.244378
0.227728
0.314653
0.649378
-0.066427
-0.043106
0.544462
-0.292082
-0.202217
-0.255338
-0.114124
0.003578
0.483504
-0.560659
-0.938223
-1.022174
-0.462776
1.216123
0.297743
0.719259
0.542206
0.083743
-0.102525
-0.360636
0.519922
0.397440
-0.237260
-0.568913
0.369490
0.028602
-0.127730
0.439409
-0.198944
-0.235932
-0.081049
0.108513
-0.121997
-0.234316
-0.219415
-0.275430
0.117083
-0.267102
-0.091138
-0.260937
-0.115923
0.072929
0.166939
0.188403
-0.174444
-0.396420
-0.306371
-0.076991
-0.024823
-0.412007
0.242086
0.511446
0.014491
0.354145
0.167589
0.764768
0.771999
0.277185
-0.236107
0.208521
-0.089822
-0.673882
-0.638654
-0.095705
0.226075
0.073955
0.680948
0.074337
0.150864
-0.153501
0.347123
-0.096820
0.045676
-0.160073
0.333827
-0.053239
-0.079775
-0.188802
-0.091217
0.121178
-0.435255
-0.609157
-0.585542
0.002153
-0.689912
0.166764
-0.215552
-0.005451
-0.483615
-0.007170
0.519184
0.179641
0.173155
0.053757
0.343346
0.202800
0.503714
-0.212516
-0.196242
-0.549525
-0.178256
-0.103367
0.438281
0.436599
0.545126
-0.101499
-0.341419
0.112415
0.342016
0.352347
0.326146
-0.036330
0.534523
0.242259
-0.293280
0.026840
0.045884
0.223329
-0.314219
-0.299308
-0.448543
-0.051385
-0.351656
-0.035999
-0.164100
0.063532
-0.327772
-0.095172
0.107107
-0.171067
-0.285802
-0.258129
0.041761
-0.190833
0.163957
0.500055
-0.144164
-0.399172
-0.226558
0.072763
0.175693
-0.670048
-0.200262
0.674140
0.020518
0.470573
0.882123
0.479696
0.502394
0.046666
-0.286215
-0.444379
0.459706
-0.432882
-0.011165
-0.042210
0.132085
-0.417314
-0.413638
0.138938
0.024851
0.000000
0.000000
0.000000
0.154967
-0.758294
-0.385679
-0.331690
0.147680
0.189042
0.118076
0.173393
0.984011
0.569832
0.543517
0.239316
0.188365
0.279987
-0.148956
-0.161409
0.217265
-0.756436
-0.829314
0.006773
-0.509879
-0.045164
0.039275
-0.311565
-0.399865
-0.503333
-0.150852
0.074024
-0.006444
-0.344252
-0.299991
0.085771
0.551204
0.416453
-0.036086
0.118458
0.436001
0.360423
-0.301675
0.197441
-0.331915
-0.309251
0.517159
0.419832
0.348298
0.739377
0.083329
1.024800
0.682149
-0.443146
-0.368606
-0.646772
-0.194943
0.224648
0.127038
-0.407893
-1.074620
-0.633848
0.022692
-0.275329
-0.095948
-0.066821
0.061439
-0.443390
-0.167415
0.106888
-0.175947
0.471424
0.451876
-0.156070
0.141426
0.000000
0.000000
0.360499
-0.024139
0.145154
0.144563
0.002050
-0.122460
-0.152567
0.139665
-0.275673
0.371989
0.516670
-0.193453
-0.281221
-0.345929
-0.044690
0.394720
0.540555
-0.156311
0.176349
0.105194
-0.109949
-0.265137
-0.318911
-0.374702
0.096756
-0.281673
0.303604
0.106354
-0.227053
0.810667
0.910382
0.941181
-0.304993
-0.625747
-0.106556
0.118141
-0.051941
-0.948028
-0.603314
-0.851645
-0.102005
-0.304738
-0.778291
-0.333128
0.333751
0.199655
0.441329
0.386945
0.423198
0.754400
0.225657
0.205606
-0.236827
-0.076347
0.000000
0.000000
0.154756
-0.323059
-0.190612
0.153038
0.078062
-0.055060
0.332159
1.139004
0.000000
0.000000
0.005407
0.569577
0.150349
-0.602182
-1.005604
-0.607799
-0.547346
-0.427911
-0.047264
-0.238436
-0.154608
0.432227
0.231153
0.712841
0.773977
0.000000
0.000000
0.000000
-0.032455
-0.009018
-0.573113
-0.320973
0.007925
0.548230
-0.191656
-0.440513
0.182029
0.398909
-0.033413
-0.096674
-0.158303
-0.286948
-0.009743
-0.003486
-0.115638
-0.104224
-0.461712
-0.744667
0.272396
-0.159353
0.290884
0.385105
0.523989
0.646322
-0.075044
0.436735
0.806372
0.658859
0.591653
0.397522
-0.045167
-0.865799
-0.865939
-0.328443
-0.311381
0.042613
0.130280
0.034630
-0.635354
-0.233221
0.063033
-0.894962
-0.999584
-0.073240
-0.409521
0.352682
0.217824
0.343387
0.182192
0.039296
0.205669
0.147651
0.711499
0.570704
0.620578
-0.124326
0.165568
0.451460
-0.191149
-0.285524
-0.345104
-0.236846
0.477293
-0.106665
0.000000
0.890487
-0.492172
-1.203907
-0.198051
0.000000
0.000000
-0.431745
-0.296286
0.004188
0.274130
0.394520
0.815513
0.059197
-0.261662
-0.183832
-0.838480
-0.187811
0.317674
-0.098055
-0.559898
0.136305
-0.298806
0.171965
0.266743
0.536523
0.443615
-0.112006
0.581942
0.474972
0.419192
1.127560
0.049531
0.004525
-0.009104
0.285786
-0.317050
-0.919250
-0.914178
-1.710301
-1.479634
-0.766218
0.743251
0.942542
0.076770
-0.224803
-0.048400
0.212291
0.127313
0.323423
0.489124
0.007616
0.434915
0.214573
0.279663
0.332131
0.130654
0.427012
0.022756
-0.167334
0.028761
-0.578415
0.337404
0.126898
0.544867
0.266710
0.038140
-0.695857
-0.337978
-0.351876
-0.147486
-0.064233
-0.476564
-0.732890
-0.322008
-0.276826
-0.127584
0.079575
-0.261425
-0.290900
-0.001057
0.163948
0.604991
0.842933
0.970779
0.099968
-0.276157
0.124963
0.587955
0.380239
0.174579
-0.551130
0.048858
0.196717
0.477247
-0.176319
-0.096945
-0.600060
-0.280518
0.042019
0.032338
-0.237891
-0.234146
-0.305770
-0.117484
-0.172147
0.065889
-0.001065
-0.918336
-0.645518
0.020140
0.179708
-0.202031
0.474756
0.914980
0.595650
1.100132
0.211441
-0.037336
0.049471
-0.462410
-0.638021
-0.300084
0.074024
0.000000
0.000000
0.000000
0.000000
0.133690
-1.450410
-0.151997
0.001046
0.744516
0.172702
-0.131449
-0.093814
0.519189
0.301732
0.028659
0.385446
0.596193
0.143646
0.071140
-0.241778
0.738566
0.811711
-0.450623
-0.481653
-0.528571
-0.286794
-0.339832
-0.741088
-0.170138
-0.021596
-0.296315
-0.663654
-0.281517
-0.284394
0.214433
0.001837
0.315497
0.320301
0.947976
0.744503
-0.137360
0.180925
-0.062573
-0.425711
0.178152
0.458127
0.277252
0.589319
0.218610
-0.691583
-0.312877
-0.793765
-0.812789
-0.354075
0.253515
0.042064
0.366533
-0.423323
-0.369666
-0.001952
-0.010142
-0.204865
-0.138543
0.418166
0.066537
0.877517
0.613734
-0.085986
-0.258540
0.728267
0.749706
0.592958
0.197945
0.123679
-0.362026
0.018564
-0.311789
-0.386527
-0.218041
-0.190039
-0.415398
-0.231778
-0.724720
-0.389805
-0.949655
-0.212192
0.125534
-0.668102
-0.354231
0.908691
1.522856
0.488772
-0.277979
0.274777
-0.114753
-0.450796
0.089045
0.106890
0.465887
0.380069
0.483609
-1.613506
0.000000
0.000000
0.000000
-0.428876
0.032789
0.576657
1.558370
0.673821
0.119644
-0.695043
-0.056305
0.877979
0.051620
-1.418058
-0.328486
-0.760175
-0.771626
0.179573
0.077028
0.466181
0.216197
-0.295837
0.126952
0.305019
-0.012058
0.429049
1.334468
0.162819
-0.769582
-0.276003
-0.220665
-0.500811
-0.805552
-0.170201
0.178418
-0.308617
-0.881090
-0.028122
0.937147
0.229163
-0.059678
0.121730
0.186249
-0.076777
0.097357
0.000000
0.000000
0.000000
0.000000
0.000000
0.000000
0.331995
0.641175
0.579745
0.009720
0.045927
0.392506
-0.004999
0.511985
0.846244
-0.537565
-0.159494
-0.158699
0.065542
-0.253693
-0.976776
-1.307620
-1.061104
-0.310666
-0.460139
-0.013212
-0.538083
0.004499
1.020855
1.058445
0.474192
0.140267
-0.038626
-0.130126
0.002122
0.157305
0.541427
0.109804
-0.149900
-0.304841
-0.119709
-0.036179
0.617050
0.232416
0.095748
0.136001
-0.413032
-0.182585
-0.664321
-0.589435
-0.124479
0.081057
0.316675
0.259601
0.115298
0.431552
0.337048
0.691272
0.432624
-0.056877
-0.219224
0.043282
0.189757
-0.367926
-0.562283
-0.087624
-0.673181
-0.687189
-0.122846
0.834158
-0.802570
-0.288570
0.160035
-0.394574
-0.196498
0.182438
-0.045085
0.342801
0.377975
-0.145570
0.138353
0.538731
0.738400
0.023545
-0.072496
0.325210
-0.071060
0.625200
0.294411
-0.191110
-0.198292
-0.328520
-0.771052
-0.321177
-0.281017
-0.086926
0.000000
0.000000
0.759475
-0.229808
-0.266694
0.235965
-0.187986
0.005781
-0.308533
0.478526
0.571194
0.478071
-0.005895
-0.308291
-0.866266
-1.177109
-0.573344
-0.017428
-0.502830
0.842887
0.594498
0.696734
0.497297
0.536863
0.377847
0.127007
0.147384
-0.037722
-0.099722
-0.135914
0.280317
0.094832
-0.656823
-0.128484
0.423229
0.490855
-0.160842
-1.002688
-0.791969
-0.684924
-0.480355
-0.389297
-0.308953
-0.176591
0.367575
0.529632
0.000000
0.667661
0.359431
0.000000
0.000000
0.086186
-0.312498
-0.225676
0.495622
0.055100
-0.041059
0.230787
0.490335
1.133569
0.605677
-0.247768
0.087728
0.593691
0.367220
-0.156111
-0.798984
-0.658326
-0.263198
-0.382607
0.009800
-0.062078
-0.514233
-0.786275
-0.257723
-0.518287
-0.116420
-0.027651
-0.420995
-0.501961
0.095654
0.687446
0.078337
0.016676
0.296288
0.894422
0.715728
0.495434
-0.030689
0.063816
0.002358
0.231014
0.237833
-0.190632
0.083642
0.522215
-0.419720
-0.050689
-0.220163
-0.665907
-0.423294
-0.251300
-0.199001
0.278724
0.070809
-0.449493
-0.245430
0.191101
0.432962
0.129077
-0.351113
0.763486
0.290896
-0.218152
0.321181
0.749445
0.000000
0.000000
0.000000
-1.110955
-0.394573
-0.361846
-0.196581
0.183489
0.363249
0.096348
0.215808
0.079842
-0.533922
-0.566900
-0.352745
0.438718
0.799375
