0.000000
0.000000
-0.080947
0.154239
0.117177
0.067901
-0.024430
-0.279395
-0.253959
-0.016619
0.071515
0.202224
-0.084426
-0.286284
-0.050649
0.164262
0.304313
0.050780
-0.023186
-0.032058
-0.054732
0.196586
0.160009
0.002995
0.049248
0.035850
0.205285
-0.087886
-0.123085
-0.155207
-0.048093
0.019693
-0.163548
-0.212972
-0.107435
-0.008379
0.122322
0.093467
-0.072905
-0.126441
-0.084191
0.080878
-0.000357
-0.156535
-0.039619
0.066160
0.023003
0.129800
0.123152
0.157023
0.285497
0.144107
0.208458
0.130121
-0.069932
-0.136937
-0.173623
-0.019712
0.087097
-0.012850
-0.072385
-0.420845
-0.446388
-0.216488
0.101025
-0.075980
-0.008680
-0.015295
0.031976
0.076406
0.107689
0.075170
-0.147061
0.185681
0.085666
0.269733
0.264822
0.084574
0.107214
0.092184
-0.016285
0.124730
0.046711
-0.055849
-0.223560
-0.066618
0.045552
0.008285
-0.044194
0.050828
-0.036765
-0.007587
-0.017840
-0.127125
-0.183878
-0.128535
-0.275446
-0.138326
-0.059158
-0.015712
0.053744
-0.074804
-0.181102
0.011810
0.031101
0.054308
0.065388
0.087994
0.062754
-0.031160
0.119487
0.237886
0.129627
0.147378
0.175656
0.203732
0.047188
-0.119607
0.016403
0.138034
0.266571
0.053176
-0.012048
-0.261334
-0.269127
-0.059589
-0.030987
-0.145593
-0.021782
-0.051458
-0.080650
0.071850
0.075058
-0.095069
-0.100231
-0.245070
-0.050926
0.099192
-0.021710
-0.170205
-0.241540
-0.194546
-0.102763
0.266399
0.184245
0.167847
0.229471
0.278984
0.118984
0.158892
-0.032544
-0.033928
0.102145
-0.292026
-0.291672
-0.237072
0.106795
0.164257
-0.001013
0.179401
0.078917
-0.111328
-0.119510
-0.042205
-0.134696
0.054559
0.164080
0.015356
0.107156
0.153358
0.203131
0.100663
0.106391
0.107805
-0.090861
0.068765
0.092521
-0.199867
-0.028010
-0.214312
-0.399333
-0.133856
-0.202706
-0.257895
0.089204
0.084025
-0.063652
-0.056664
-0.190447
-0.225866
-0.048629
0.032997
0.110334
-0.022684
0.105187
0.266973
0.297910
0.250941
0.128540
0.133299
0.014486
-0.020323
0.123273
0.247402
0.033831
0.036536
0.187551
-0.142473
-0.286777
-0.006125
0.040619
-0.050813
-0.112444
-0.078651
-0.067494
-0.160988
0.145010
-0.030978
-0.171665
-0.089784
0.122777
0.067792
-0.176289
-0.297166
-0.055104
-0.117468
-0.095892
-0.167643
-0.106100
0.124481
0.126321
0.013556
0.157069
0.272550
0.057223
0.071406
0.115056
0.071676
0.134121
0.184101
-0.031840
-0.101481
0.044904
-0.000171
0.144537
0.239162
0.028341
-0.173581
-0.110355
-0.046853
-0.006679
-0.028880
-0.098708
0.026225
-0.047087
-0.088832
-0.094334
-0.271994
-0.215012
-0.349662
-0.163580
0.014477
-0.037295
0.079867
-0.060939
-0.027485
0.332727
0.522411
0.316189
0.367211
0.163052
-0.125555
-0.184617
0.068382
0.004831
0.064356
0.173262
0.112237
-0.187213
-0.248570
-0.254087
-0.157631
-0.011640
-0.065086
-0.121973
-0.112586
0.073225
0.015006
-0.064705
0.128672
0.026003
-0.120118
-0.021840
0.028876
-0.188780
-0.119740
0.152707
0.086395
0.121434
-0.064896
0.003647
0.000665
-0.039703
0.110982
0.254213
0.021529
0.077666
0.192695
0.194376
0.327758
0.289918
-0.064904
-0.402562
-0.277068
-0.161735
-0.219198
-0.168160
-0.230656
0.111218
0.055910
-0.247364
0.077711
0.064658
-0.022351
-0.029918
0.158199
0.121369
0.214182
0.197662
-0.114344
-0.315231
-0.128291
-0.082465
0.152181
0.133102
0.110313
-0.050248
-0.226409
-0.169667
0.057695
0.060549
-0.049765
0.092810
0.167228
0.109484
-0.069112
0.033737
0.109349
0.082310
-0.031370
-0.096841
0.081333
0.012221
-0.055888
-0.150401
-0.061348
0.007671
0.154944
0.017395
-0.002230
0.101734
0.185170
0.027230
-0.254346
-0.142343
-0.162313
-0.112382
-0.060116
-0.011691
0.091639
0.081745
0.052354
-0.006475
-0.134458
0.062047
0.224550
0.063009
-0.063476
-0.065630
0.000000
0.000000
-0.078827
0.077291
0.176126
0.048975
-0.191553
-0.180013
-0.099915
0.049329
0.002435
0.088557
-0.041288
-0.256047
0.072475
0.224747
0.185682
0.009342
0.005128
0.108425
-0.049745
-0.025565
-0.140138
0.040027
0.137937
-0.004952
0.097603
0.143705
-0.070032
-0.142186
0.085187
0.033344
-0.197143
-0.111982
-0.061024
-0.035392
-0.132119
0.089030
0.142595
0.003138
0.084091
-0.169749
-0.222579
-0.076378
-0.021130
0.027838
0.013741
0.225021
0.100168
-0.019909
-0.106817
-0.038136
0.028878
0.114295
0.206833
0.160234
0.121449
0.113571
-0.087290
0.235216
0.119332
-0.116073
-0.318303
-0.344252
-0.171402
-0.303400
-0.340378
-0.274284
0.064519
0.107539
0.009503
0.163073
0.305412
0.462076
0.334411
0.229031
0.073277
-0.155039
0.212900
0.049861
-0.005135
-0.185558
-0.369066
-0.140142
-0.132363
-0.081714
0.001803
-0.087899
-0.205408
-0.128315
0.056324
0.110394
0.236260
0.162344
0.124926
0.349536
0.050878
-0.293214
-0.206648
-0.079594
0.047658
-0.260816
-0.211213
-0.012772
0.003528
0.090416
0.141688
0.040028
-0.014213
0.111733
-0.036986
0.038476
0.020783
-0.103556
-0.007882
0.065266
0.313825
0.291878
-0.009619
-0.082308
0.120749
0.013019
-0.118144
-0.155345
-0.170752
-0.081422
0.064817
-0.160118
-0.205920
0.058175
-0.083996
-0.115130
0.030540
0.144127
0.324245
0.288310
0.166748
0.144402
-0.178231
-0.248813
-0.107783
0.018676
0.036784
-0.141990
-0.266297
-0.285521
-0.273389
0.134835
0.268052
0.264137
0.062818
-0.042698
-0.071501
0.007565
0.043300
-0.017413
-0.255850
0.124021
0.013578
-0.054544
-0.006573
0.057370
0.085205
0.252471
0.285412
0.071394
0.069384
0.045403
-0.073915
0.054671
-0.122186
0.095444
0.087378
0.057569
-0.242142
-0.164204
-0.141000
-0.060533
0.108537
-0.097520
-0.071957
0.025059
-0.146173
-0.200403
-0.069886
-0.143055
-0.173153
-0.071591
-0.034867
0.006576
0.194644
0.253475
0.168795
0.146052
0.162203
0.002667
0.056518
0.083659
-0.035004
0.086916
0.049331
0.127239
-0.136100
-0.230450
-0.123176
0.027673
0.000756
-0.132547
-0.123298
-0.048368
0.121300
0.174310
0.131000
0.242979
0.192088
0.032983
-0.102052
0.001657
0.131574
-0.263674
-0.418847
-0.196402
-0.173388
0.180824
0.080557
-0.125161
-0.046480
0.082027
-0.103639
0.026944
0.037178
0.117191
-0.052786
0.062954
-0.079070
0.027098
0.141030
0.043457
-0.001395
-0.113396
-0.063834
-0.018928
0.072188
0.119389
0.199813
0.226012
0.161883
0.029354
0.096033
-0.013556
-0.305811
-0.255251
-0.080554
-0.060738
-0.146218
-0.016360
0.018161
-0.062408
0.052665
0.062088
0.016225
-0.161350
0.002646
0.002329
-0.035641
-0.010740
0.115994
0.120091
0.062707
-0.121465
-0.035058
0.028124
0.286126
0.225240
0.095004
0.053618
-0.006840
-0.061239
-0.046787
-0.049442
-0.027430
-0.053587
-0.023631
-0.185354
-0.210172
-0.235612
0.030820
0.029647
-0.120312
0.080997
-0.043880
-0.158536
0.078745
0.020891
0.066775
0.076348
0.012817
0.180548
0.303044
0.086822
-0.130902
0.128011
0.177767
0.245523
-0.049593
-0.286964
-0.215387
-0.049944
-0.138413
-0.043706
-0.037788
-0.111377
0.159236
0.240712
0.125704
0.081531
0.014384
-0.001934
-0.188653
-0.291442
-0.263791
-0.207622
0.075612
0.012602
0.129208
0.166822
0.041358
0.221794
0.130795
-0.012031
0.018853
0.019358
-0.022756
0.016874
-0.096872
-0.228870
-0.049191
0.046850
0.064145
-0.019974
0.056366
-0.041283
-0.000529
-0.072943
0.079640
0.027880
-0.130461
0.081026
0.140266
-0.078652
-0.117772
0.045917
-0.124608
0.073637
0.210261
0.326197
0.086129
-0.102461
-0.240821
-0.185510
-0.068086
0.029579
-0.102913
0.021069
-0.042830
0.053551
0.033902
0.108033
-0.094362
-0.035128
-0.017348
0.073630
0.252886
0.123668
0.155323
0.070960
-0.136436
-0.204919
-0.256149
-0.069606
-0.220333
-0.037776
0.126321
0.227697
0.085370
-0.044932
0.000000
0.000000
0.185434
-0.033702
-0.187043
-0.289999
-0.041297
0.045226
0.097402
0.037898
0.027194
0.119072
0.220233
0.021673
-0.015168
0.012224
-0.105060
0.051159
0.172103
0.021245
0.001074
0.037079
-0.118154
-0.085956
-0.147384
-0.250642
0.037980
0.034108
-0.076324
0.026494
-0.106574
-0.236932
0.206524
0.200406
0.274254
0.296554
-0.244230
-0.356555
-0.098632
0.313232
0.170068
-0.005007
0.056238
-0.141975
0.011825
0.077209
0.037311
0.055130
-0.026447
-0.133273
-0.109861
-0.227483
-0.195002
-0.189149
-0.023536
-0.132471
0.105631
0.155105
0.103724
0.155798
0.213266
0.246518
-0.026054
-0.082787
-0.079468
0.222845
-0.024975
-0.006303
0.129232
0.024156
-0.065171
0.069006
0.087249
0.034962
-0.047038
-0.013446
-0.018032
-0.133081
-0.261101
-0.304788
-0.118790
-0.117001
0.056819
-0.117721
0.023584
0.052763
0.038302
0.204917
0.018640
-0.044006
-0.035150
0.089903
0.110479
0.120572
0.179409
0.004088
-0.086741
0.194503
-0.055172
-0.061207
0.084390
0.125351
-0.131369
-0.145473
-0.058843
-0.121560
-0.063854
-0.042567
-0.177485
-0.217975
-0.030581
0.059248
-0.002670
-0.022026
0.152113
0.291967
0.062511
-0.089285
0.199680
0.376509
0.238489
0.045868
-0.063820
0.129455
0.054567
-0.048698
-0.113206
-0.438716
-0.158962
0.170363
0.051829
-0.095503
-0.292599
-0.139508
0.008309
-0.215577
-0.195670
0.064738
0.166079
0.066826
-0.092045
-0.250948
-0.187787
0.036658
0.053121
0.109718
0.096676
-0.049453
-0.030196
0.206247
0.489385
0.113940
0.019537
0.035427
0.150341
0.156621
0.029951
-0.091545
-0.134086
-0.058723
-0.031156
0.189725
0.193362
0.140280
0.100401
0.182857
0.151370
-0.285299
-0.384752
-0.235079
-0.165353
-0.245925
-0.120448
-0.168177
-0.153194
-0.121972
0.046873
-0.038657
-0.128086
0.153039
0.151506
-0.097536
-0.188908
-0.001264
0.131006
0.158768
0.086290
0.014592
0.134108
-0.009067
-0.009588
0.068277
-0.001318
0.037952
0.210944
0.206993
-0.030570
0.028907
0.289313
0.036701
0.047912
0.274627
0.027416
-0.238247
-0.058827
-0.076846
-0.030513
-0.023133
-0.000364
-0.095954
-0.173824
-0.314717
-0.006867
0.075028
0.006065
-0.011007
-0.135830
-0.106196
-0.209992
-0.109009
-0.046962
0.094331
0.046492
-0.087588
-0.060129
0.007608
0.067815
0.183358
0.140724
0.061642
0.046157
-0.028035
0.036590
0.037894
0.071390
-0.090112
-0.115526
0.010924
0.043855
0.002492
0.228002
0.287643
-0.008056
0.067198
-0.071650
0.074701
0.032988
0.099937
0.208321
0.095012
-0.127399
-0.224542
-0.096086
-0.033855
-0.006950
-0.085087
-0.148190
-0.002697
-0.109210
-0.117136
-0.052802
-0.281423
-0.195046
-0.130988
-0.118053
-0.120729
0.133173
-0.090027
0.002737
0.329736
0.239263
0.106891
0.240336
0.237052
0.054253
-0.017009
-0.065159
0.082376
-0.050506
-0.268885
0.065298
0.269028
0.093933
0.039530
-0.041740
-0.064689
0.107879
0.164929
-0.164996
-0.047435
-0.094861
0.021080
-0.108276
-0.277095
-0.290987
-0.148610
0.057292
-0.027779
-0.020215
0.153956
0.203634
0.129712
0.258568
0.051259
-0.267290
-0.051047
0.130865
0.028482
-0.024231
-0.021272
0.075639
0.058664
-0.063735
-0.096331
-0.096578
-0.094583
0.033655
0.094235
0.034213
-0.089763
-0.103595
0.016523
0.047585
0.026149
-0.082405
0.026309
0.103017
-0.026197
-0.170887
-0.108318
-0.006328
0.015562
0.152222
0.254298
-0.064743
0.026077
-0.025104
0.135671
0.021556
0.031796
0.024693
0.071005
-0.014018
0.240186
0.198302
-0.002157
-0.306910
-0.188232
0.252923
-0.323148
-0.343987
-0.244121
0.003260
-0.015137
0.004380
-0.044848
0.074846
0.035993
0.015399
0.208478
0.087682
0.029278
0.099081
-0.047702
-0.014699
0.134120
0.099802
-0.076622
-0.041984
-0.068526
-0.005210
0.049969
-0.029790
-0.064516
