0.000000
0.000000
0.042908
0.026039
0.098897
-0.145289
0.046257
-0.157749
0.000963
-0.027883
0.004412
0.107958
0.055940
-0.199607
0.065002
-0.007375
-0.043223
0.012583
-0.064710
-0.195699
-0.052751
0.047867
0.075294
0.161857
0.325878
0.000177
0.358046
0.389564
0.097441
-0.373304
-0.193646
-0.283452
0.089970
-0.202215
-0.216525
-0.227035
-0.082982
0.145308
0.391240
0.141806
0.076756
-0.045421
-0.226509
0.056260
-0.128141
-0.402325
-0.051859
-0.080926
0.126212
-0.037117
0.165033
0.130863
-0.006129
0.361197
0.199558
-0.070524
0.002911
-0.057342
-0.057018
-0.049622
-0.095546
0.028640
0.080730
0.037613
0.036187
-0.117830
0.085226
-0.115686
-0.205915
0.108824
-0.014396
-0.322582
0.202940
0.138549
-0.221484
-0.015016
-0.034348
0.163899
0.069457
0.021856
0.064409
-0.163986
0.391794
0.244872
-0.105375
-0.045201
0.034724
0.261156
0.172861
-0.413708
-0.308084
-0.260199
-0.203698
0.111029
0.059408
0.001886
-0.048641
0.199978
-0.168786
0.010648
-0.039921
-0.006428
-0.030699
0.062619
-0.047247
-0.019869
0.307477
0.148520
-0.055384
-0.108354
-0.118415
0.113967
0.111823
-0.004218
0.297006
-0.265060
-0.194618
0.004183
0.026017
-0.163033
0.251586
0.157742
0.005931
0.041926
-0.072743
-0.216057
0.132591
0.030520
0.092637
0.032838
-0.121414
0.054819
-0.048208
-0.181085
0.098504
-0.268612
-0.078223
0.177180
-0.030852
-0.081940
0.178173
-0.016335
-0.195965
0.134828
0.042649
0.013493
0.028930
-0.010724
0.043068
0.056349
-0.218805
-0.031434
0.174036
0.083615
-0.111360
0.005904
0.028836
0.006180
-0.142194
0.117400
0.107567
0.015547
0.117836
-0.105096
-0.164519
-0.159608
0.177900
0.101096
0.080238
-0.054978
0.044001
0.197851
0.114314
-0.100735
-0.203582
-0.177284
0.104654
0.030428
-0.072476
-0.038769
0.118791
0.043640
-0.163196
0.047184
-0.023729
-0.376867
-0.024166
-0.039032
0.036349
0.032104
-0.053169
0.259586
0.327072
-0.087843
-0.269854
0.064499
0.245993
-0.157128
-0.133747
0.147154
0.224818
0.188135
-0.010597
0.100718
-0.099537
-0.106556
0.031137
-0.241474
-0.183779
0.013749
0.082143
0.081525
-0.166470
0.242673
0.127405
-0.196533
-0.225444
-0.025520
0.009258
0.055775
-0.032486
0.214404
-0.322833
-0.261756
-0.228316
0.368465
0.318333
-0.060180
0.019980
-0.033548
0.112931
0.058223
0.257121
0.066200
-0.118412
0.018071
0.174141
-0.071992
-0.049581
0.035339
0.083143
0.230474
-0.111460
-0.214467
-0.223656
-0.291926
0.005940
0.022744
0.018537
0.230175
0.008420
-0.245841
-0.221972
0.106586
-0.269906
-0.206529
0.131133
0.090386
0.028084
-0.040304
-0.128471
0.115039
0.184384
0.322837
0.023207
0.095960
0.123338
0.176710
-0.037860
-0.107227
0.276931
0.468624
-0.055689
-0.150479
0.176123
-0.179192
-0.195764
-0.187790
-0.257941
-0.200620
-0.375339
0.043590
0.134037
0.057984
-0.040876
-0.114373
-0.214560
-0.064646
0.108292
0.322517
0.179098
0.277692
0.094247
-0.317005
-0.150736
0.048961
-0.170064
0.115221
0.005426
-0.366013
-0.062797
0.072009
0.090529
0.153472
0.321342
0.137119
0.006469
0.143546
0.101315
-0.238188
0.012655
-0.005595
0.254179
-0.088451
-0.077050
-0.050425
-0.057202
-0.182792
-0.032336
-0.029593
-0.071165
0.097740
-0.014239
0.050761
0.052675
-0.072668
0.001271
-0.077692
-0.122704
0.012998
0.299444
-0.111507
-0.083448
0.172399
0.109963
-0.170955
-0.053209
-0.132875
-0.269028
0.135501
-0.130782
0.044554
0.032519
-0.087420
0.010847
0.214365
0.086803
-0.196783
0.117679
0.397596
0.204028
-0.175865
0.044902
-0.148979
0.049630
0.070135
0.150743
-0.297581
-0.017783
-0.045253
0.110574
0.019824
-0.010729
-0.050472
0.087005
0.176300
-0.089138
-0.236372
0.047966
-0.257798
-0.258537
0.343857
-0.082714
-0.223244
0.009748
0.229124
0.011262
0.150948
-0.027028
0.000000
0.000000
0.018251
-0.005408
0.164761
-0.106880
-0.092097
-0.185723
0.146082
-0.062511
-0.028914
0.134134
0.182385
-0.096262
-0.142272
0.075339
-0.137183
-0.164217
-0.086072
0.038447
0.151981
0.186440
0.069825
0.067432
0.069975
-0.249570
0.086741
0.253815
0.050880
-0.161844
-0.049642
-0.040913
-0.042554
0.006333
0.166946
-0.005251
-0.047353
-0.158410
-0.162970
-0.088494
0.128460
0.011143
0.131073
0.037072
-0.078346
0.166692
-0.133183
-0.053702
0.198465
-0.079319
0.074174
0.048989
-0.075394
-0.050501
0.049047
0.016258
0.060054
0.111772
-0.184301
-0.199013
0.028834
-0.175873
-0.082300
-0.284102
-0.073663
0.097381
0.216243
-0.091651
0.068009
0.034517
-0.048832
0.011385
0.211764
0.025971
0.097544
0.488545
0.076549
-0.239243
-0.185550
-0.255274
0.039435
0.295837
0.107309
-0.001947
0.123048
-0.112033
-0.028727
-0.030420
0.093529
0.034705
0.277527
0.004837
-0.173770
-0.013337
-0.161553
-0.213837
-0.163436
-0.125537
-0.079655
-0.080193
-0.051071
-0.078880
0.131222
0.112371
-0.051533
-0.059433
-0.087666
0.179903
0.084051
-0.003014
-0.015554
-0.098752
-0.156380
-0.007067
0.090372
0.062429
0.146350
0.090612
0.047170
0.155537
-0.250009
0.085699
0.156818
0.000602
-0.210582
-0.092268
0.175318
0.186557
0.057329
0.177191
0.237217
0.124249
0.066959
0.038187
-0.204271
-0.096536
-0.221223
0.004237
-0.047989
-0.147214
0.091519
0.020962
-0.134121
0.020207
0.017306
-0.289475
-0.211304
-0.279842
-0.200039
-0.055217
0.055984
0.128355
-0.207559
-0.160004
0.026435
0.189365
0.120653
-0.051619
0.212152
0.087001
0.244480
0.249310
-0.097639
0.260169
0.319970
-0.015848
-0.028006
0.225494
0.044269
0.122700
-0.024532
0.071525
-0.000090
-0.229465
-0.236276
-0.020890
-0.005158
-0.104044
-0.311341
-0.140348
0.063724
-0.075687
-0.091612
-0.086290
0.020192
-0.064582
-0.011733
0.133315
-0.076313
-0.003621
-0.028205
0.031617
-0.038246
-0.225697
0.225752
0.128170
0.015287
0.017875
-0.070041
-0.158910
0.087394
0.365204
0.153001
-0.031406
0.138729
-0.026737
-0.214216
0.179345
0.240825
-0.145265
-0.253916
0.002842
0.040565
-0.184712
0.109448
0.011047
-0.127724
-0.032127
0.185322
0.090373
-0.014249
-0.048331
0.004425
-0.264686
0.186760
0.018387
-0.036737
-0.140907
-0.119883
0.084423
0.230811
-0.031775
0.052717
0.147674
0.006933
-0.175825
0.039529
0.253240
0.068269
0.050143
-0.329645
-0.206759
-0.109608
-0.173621
0.051101
-0.142145
-0.112439
-0.111279
-0.009286
0.120390
-0.010743
0.190115
0.207891
0.188143
0.067592
0.111757
0.081182
-0.087495
0.089330
0.040265
-0.396215
0.009985
0.076563
0.090268
-0.065544
0.106488
0.236178
-0.035211
-0.116561
-0.039113
-0.048720
-0.016080
-0.122766
-0.216557
0.177836
0.100809
-0.124495
-0.022826
0.109359
-0.119488
-0.026743
0.156392
0.074683
-0.112322
-0.106337
0.063781
0.082159
-0.050100
-0.040172
-0.098875
-0.177189
-0.018138
-0.035223
0.125056
0.045328
0.198382
0.117648
-0.076923
0.054781
0.172809
0.045094
-0.338945
-0.047948
0.164186
-0.091113
-0.037251
-0.280776
0.073178
0.244850
-0.081311
-0.033962
0.044397
0.099460
-0.071470
-0.065558
0.210843
-0.153512
0.108302
0.130356
0.011212
-0.189042
0.111497
0.003667
-0.044012
-0.082847
0.042123
0.152638
-0.369067
0.171173
0.162207
0.191959
-0.121032
-0.126961
-0.058298
0.162787
-0.288840
-0.030470
-0.239570
0.101968
0.179613
0.030560
0.002056
-0.083308
0.123934
-0.049468
0.015451
0.125857
-0.006761
-0.027233
-0.036144
0.057284
-0.095994
-0.020887
-0.246754
-0.103592
-0.028087
0.258341
-0.004743
-0.102694
0.025675
-0.073134
-0.112875
0.093668
0.065124
0.249965
0.220420
0.077939
0.012102
0.301169
-0.094195
-0.062400
0.235825
-0.096638
0.061139
-0.249871
-0.132916
-0.098635
-0.174392
-0.054495
-0.216163
-0.234437
0.013487
0.169626
-0.040057
0.079130
0.292309
0.000000
0.000000
0.113995
0.076296
0.163656
-0.222161
-0.136880
-0.162028
0.039882
-0.007153
-0.033255
-0.225213
0.298099
0.215355
-0.320243
0.057435
0.115191
0.009025
-0.062824
0.156501
-0.016528
0.002257
-0.170350
-0.130023
0.188996
0.192444
-0.065989
0.108723
-0.059808
0.172152
0.240980
0.018905
-0.011485
-0.149152
-0.172840
-0.183581
0.046596
0.018303
-0.246943
-0.291827
-0.038011
-0.204328
-0.000512
0.009379
0.037934
0.112152
0.254301
-0.038028
0.187097
0.122783
0.100218
-0.073863
0.020367
0.085778
0.038018
-0.074672
0.253950
0.217757
-0.159202
0.048479
-0.047635
-0.452223
-0.066614
0.311588
0.022753
0.081309
-0.064986
-0.038566
0.035060
-0.055315
-0.143938
0.102401
0.056047
-0.045546
-0.396812
-0.166514
0.103510
-0.055445
-0.115306
-0.027933
0.030178
0.157102
-0.031921
0.212545
0.158139
-0.064360
-0.200170
-0.002927
0.072351
-0.053193
-0.000247
0.197329
0.103438
0.113057
0.043198
-0.008706
0.169333
-0.045785
-0.085074
-0.046302
0.156062
-0.075005
-0.077238
-0.044095
-0.070672
0.083571
-0.138943
0.089710
-0.120279
-0.044120
-0.161847
-0.003541
-0.089659
-0.010037
0.092807
-0.065429
0.227925
0.065306
0.019494
-0.030522
0.023293
0.031823
0.008932
0.025231
-0.067518
-0.129999
-0.146380
0.103210
-0.029930
0.160421
-0.066274
0.151681
0.029519
0.024365
-0.017496
-0.242273
-0.094836
0.171466
-0.042230
-0.176241
-0.110711
0.106715
0.241398
0.223440
-0.102552
-0.144315
0.027671
0.063784
-0.143825
0.161813
0.182075
0.015863
-0.092358
-0.149767
0.049599
0.067952
0.074822
0.067637
0.105007
-0.070047
-0.218693
-0.159459
0.284381
-0.157522
-0.146509
0.127762
0.062126
-0.177793
-0.033394
-0.028525
-0.025775
-0.138327
-0.109209
0.053484
0.189159
0.126816
0.074650
-0.041870
-0.140034
-0.169361
0.026499
0.240098
-0.129342
-0.253362
0.172003
0.288149
0.061526
0.015181
-0.058706
0.177394
-0.041587
-0.049827
0.156673
0.043038
-0.095054
-0.122621
0.020328
0.123906
0.051585
-0.112951
-0.222921
0.284055
-0.124119
-0.313405
-0.125610
0.267859
0.203965
0.005647
0.091805
-0.092026
-0.210410
-0.102980
-0.025880
-0.018230
-0.094661
-0.074535
0.073464
0.281254
-0.139820
-0.008129
0.063862
-0.103598
-0.013072
-0.120769
0.192339
0.023504
0.086315
0.245115
0.029192
-0.247301
0.008573
-0.047397
0.053298
-0.052948
-0.075382
0.006492
0.098039
0.148693
-0.063317
0.026109
0.185690
0.029623
-0.080452
0.049105
-0.032643
0.062691
-0.120942
-0.176753
0.119289
-0.183908
-0.173878
-0.126721
0.015269
0.023323
0.079876
0.068250
0.095551
0.166254
0.059496
-0.144644
-0.209915
-0.122492
0.250955
0.068894
-0.132409
0.056615
0.104014
0.036778
0.161296
-0.160294
-0.063671
-0.046208
0.139595
-0.183322
0.026916
0.067317
0.026314
0.116739
-0.015262
0.102535
-0.133766
-0.060804
-0.133510
-0.120506
-0.203014
-0.218359
-0.058343
0.032039
0.196744
0.247469
0.222470
0.217141
0.197555
0.105998
-0.058164
0.050884
0.048425
0.019335
0.113216
-0.181759
-0.431139
-0.082652
-0.087851
-0.088056
-0.036460
-0.072817
0.043304
-0.076213
-0.007740
0.196049
-0.115096
-0.074407
-0.150511
0.209804
0.194565
-0.008333
0.057402
0.099853
-0.151250
-0.016521
-0.035976
-0.034460
0.091476
0.026872
-0.044708
-0.032984
0.153360
-0.035913
-0.187054
0.175672
0.138790
-0.066475
-0.118757
-0.027868
0.350595
0.162278
-0.077088
-0.207562
-0.140272
0.092600
0.084594
0.071267
-0.131009
0.162608
-0.101617
-0.064001
-0.048546
-0.042887
-0.175538
-0.091994
-0.119771
0.031988
-0.113283
-0.068116
0.253367
0.084814
-0.153938
0.210356
0.062328
-0.203223
0.166214
0.301929
-0.230469
0.072466
0.090738
-0.066329
-0.094361
0.066997
0.075452
-0.088387
-0.015626
0.096859
0.032237
-0.172988
