0.000000
0.000000
-0.345006
-0.498050
0.217376
0.355485
0.184508
0.250927
0.031864
-0.066000
0.210435
0.177423
-0.058354
-0.224797
0.040901
0.229666
0.142684
-0.119638
0.021933
-0.181154
-0.239041
-0.222686
0.083779
0.093765
-0.260142
-0.364110
0.052342
-0.031591
0.108718
0.035972
-0.027851
0.012272
-0.163740
-0.019380
0.104561
0.085525
0.136042
0.166570
0.062525
-0.102507
0.240086
0.149801
0.025488
-0.015865
0.325347
0.142303
-0.375479
-0.160128
0.096191
0.085767
-0.365812
-0.018308
0.010378
0.118410
-0.026027
0.023401
0.011016
0.402126
-0.144410
-0.173495
-0.145219
-0.272177
0.182237
0.193438
-0.356544
-0.501772
0.085628
0.182378
-0.122917
0.076818
0.228541
-0.140697
-0.197021
0.057084
0.180465
0.078047
0.038931
-0.003987
0.275371
0.195237
0.241164
0.140753
-0.226246
-0.379628
-0.215572
0.126586
0.062798
0.058885
0.016238
0.006642
0.321439
0.148389
-0.303589
-0.042384
-0.021069
-0.034033
0.194119
0.135205
-0.289574
-0.057234
-0.070983
0.003719
-0.229623
-0.089425
-0.180556
-0.105178
-0.211827
0.132891
0.264087
-0.155064
0.037639
0.240083
0.241443
-0.014611
0.059978
0.056968
-0.099485
0.040501
0.236424
-0.030686
-0.120876
0.050252
0.413027
-0.147443
-0.379103
-0.138136
0.060714
0.040795
-0.081638
-0.153239
-0.021928
0.015169
0.039994
-0.010011
-0.076510
-0.067025
0.127044
0.056244
-0.069818
-0.178503
0.138010
0.368171
0.070829
0.142897
-0.110535
-0.054421
-0.000054
-0.089005
-0.080057
0.086223
-0.188648
0.210834
0.122753
0.080684
0.081415
0.056330
-0.013094
-0.225118
-0.326813
0.098879
0.347015
-0.271001
-0.423504
-0.004077
-0.119431
-0.110057
-0.048459
0.128447
0.155944
-0.105575
0.198740
-0.141039
0.182468
0.190735
-0.149739
0.265865
0.112658
-0.037078
-0.094289
-0.120360
-0.042089
-0.080741
0.155545
0.168398
-0.017912
-0.090839
0.232264
0.226125
-0.076238
-0.090950
0.128959
0.131830
-0.300532
-0.198504
0.173600
0.134141
0.009258
-0.107961
0.086631
-0.274641
-0.400069
-0.124736
-0.113659
-0.011529
-0.053803
-0.304610
0.051993
0.072280
-0.033695
0.260811
0.162162
0.182798
0.049716
0.223105
0.201418
0.244573
0.127495
0.110144
-0.212985
-0.170402
-0.102688
0.033403
-0.106044
-0.123476
0.159985
-0.203230
-0.115332
-0.245316
-0.158848
-0.191161
0.215034
0.063526
0.262271
-0.084245
0.109849
0.137956
0.063575
-0.091946
0.078259
0.214475
0.158328
-0.214773
0.166832
0.174042
0.057657
-0.056460
-0.463134
-0.256315
-0.097302
-0.080381
0.051536
-0.012989
-0.000457
0.130887
0.343111
0.086819
-0.255364
-0.021553
-0.020777
-0.159840
-0.305705
0.053281
0.081847
-0.108622
-0.077308
-0.150588
0.287517
0.386062
0.221316
-0.161890
-0.120152
-0.094507
-0.030200
0.117420
0.156442
0.224149
0.191096
0.201008
-0.314251
-0.173244
0.210413
0.131878
-0.093641
-0.220774
-0.035470
-0.247972
-0.231941
0.111877
0.253817
0.056594
-0.016657
-0.242570
0.068407
0.132008
0.014433
-0.144764
0.071498
-0.086511
0.165318
-0.157427
-0.136505
-0.181469
0.023012
-0.094167
-0.355313
-0.068542
0.067610
0.101083
0.317755
0.269520
0.096823
0.081969
0.187047
0.105090
0.178812
-0.224887
0.097213
-0.022089
0.046657
-0.113344
-0.192757
0.074279
0.029757
-0.099458
-0.161080
0.022068
0.205213
0.133122
0.210555
-0.214832
-0.499202
0.001164
0.244404
-0.065665
-0.091674
0.122417
-0.135236
-0.102047
-0.277437
-0.108865
0.115291
0.008570
-0.004029
-0.150926
0.152534
0.278638
0.269352
0.064320
-0.116175
0.036903
0.071389
0.006420
0.108291
0.103566
-0.148401
-0.101228
0.045449
0.037948
-0.215417
-0.023523
0.103320
0.133401
0.096888
0.117173
-0.090568
-0.319308
0.110145
0.181387
-0.253665
-0.357637
-0.239667
0.064818
0.256590
-0.014016
0.026613
0.231819
0.216666
-0.245298
0.017091
0.000000
0.000000
0.123993
0.306823
0.052404
-0.016057
-0.092328
0.017849
-0.221733
-0.120611
0.092069
-0.066208
-0.311875
-0.347121
0.010299
0.007036
0.129197
0.041542
0.151772
0.275334
-0.074607
-0.144824
-0.094643
0.119812
0.176244
0.009767
0.188811
0.082059
-0.337331
0.128879
-0.026239
0.163787
-0.208512
-0.189687
0.037719
-0.019466
-0.018133
0.113829
0.120646
0.176088
0.179153
0.128722
-0.179349
-0.333624
-0.210199
0.017598
-0.259975
-0.283155
0.082611
0.217440
0.099797
0.186032
0.297734
0.431706
-0.063883
-0.236531
-0.075181
0.094029
-0.054511
0.075291
-0.221748
0.140664
-0.254304
-0.136413
-0.052398
-0.067597
0.149854
0.017888
0.177843
0.155122
0.095816
-0.139615
-0.150925
-0.174085
-0.074792
-0.054565
0.055493
0.061310
0.325463
-0.126382
-0.144501
-0.151324
0.007555
-0.142575
-0.040560
0.023798
0.188142
-0.119154
0.195555
0.075125
0.098576
0.005422
-0.244978
-0.166767
0.141998
0.173178
-0.070646
-0.003213
0.163120
-0.042806
-0.009604
0.428819
-0.102100
-0.225268
-0.192953
0.215337
0.368311
-0.063107
0.041602
0.039466
0.076365
-0.015796
-0.142780
-0.097587
-0.167524
-0.455083
-0.145951
0.191832
0.262419
-0.002189
0.256096
0.100579
-0.170608
-0.237947
-0.033399
0.027830
-0.283708
-0.501786
-0.124961
0.041708
0.084629
0.027180
0.016959
0.017688
0.319399
0.066941
-0.167362
-0.151900
0.131032
0.258712
0.279782
0.210405
0.283983
0.218676
0.185179
0.363248
0.235867
-0.045592
-0.132365
-0.030729
-0.176320
-0.127072
-0.192957
-0.284047
-0.537585
-0.467738
-0.061330
0.012674
-0.018272
-0.100980
-0.060793
-0.253959
0.028343
0.230326
0.147835
-0.103873
0.051916
0.178750
-0.121963
0.170515
0.362679
0.324067
-0.113848
0.178899
-0.008303
0.173979
-0.299583
-0.089350
0.213868
0.215557
0.269036
-0.069404
-0.126064
-0.130100
-0.111676
-0.053350
0.074101
-0.412587
-0.263890
-0.059007
-0.137797
-0.213337
-0.094781
0.200996
0.000935
-0.209728
0.130472
0.059251
0.053878
0.325627
0.110772
0.194919
0.210638
0.164361
0.224155
0.115026
0.107307
-0.542741
-0.097672
-0.009161
-0.103303
0.139057
0.343060
-0.058752
-0.220487
-0.158476
-0.094980
-0.005366
0.267972
-0.228272
-0.193073
-0.252368
0.115096
0.141955
-0.196070
-0.088331
-0.143169
-0.020669
-0.129753
-0.034064
-0.135170
0.176526
0.065016
0.375061
-0.164904
0.030140
-0.065327
-0.179497
0.156494
0.225135
0.045566
0.193875
0.240540
0.160270
0.117851
0.278131
-0.095043
-0.298099
0.140342
0.255740
-0.029998
-0.150432
-0.086127
0.060171
0.007469
-0.432111
-0.259606
-0.054474
-0.217716
-0.222298
0.152416
-0.129869
0.103580
0.003247
0.148160
0.058501
0.089126
0.027614
-0.050995
0.101526
0.125183
0.191805
-0.189321
-0.280912
0.046537
0.110223
-0.077405
-0.333388
-0.239577
0.033249
0.041798
0.046317
-0.076242
0.206123
0.095729
-0.139218
0.283656
0.239537
0.104129
0.058273
0.352424
-0.013467
-0.215117
-0.163688
0.047188
-0.038484
-0.156935
0.245454
0.341677
0.080031
-0.086292
-0.011605
0.377834
0.233473
-0.216575
-0.378841
0.015352
-0.081733
-0.018316
-0.152504
-0.604587
-0.258504
-0.148903
0.035440
-0.314975
-0.451993
-0.087639
0.079573
0.164938
0.265155
-0.055861
-0.058865
0.120083
0.435984
0.347337
-0.004358
0.031346
0.317143
0.052833
0.074479
0.000473
0.336188
0.000997
-0.212780
0.032430
0.101921
0.177957
0.238311
-0.027934
0.176595
-0.090810
-0.237207
-0.401869
-0.207440
-0.404883
-0.110960
-0.078103
-0.154246
0.015456
0.340699
0.294371
-0.025189
-0.285719
-0.042551
0.290393
-0.197302
-0.165653
-0.082901
0.001611
0.054979
-0.171150
0.135917
0.195110
0.194550
-0.064764
-0.242720
0.010166
0.121429
-0.034966
0.042224
0.126516
-0.074667
-0.077119
-0.104437
0.047607
0.206648
0.383399
0.044980
0.012017
0.139117
-0.356982
-0.199538
0.117907
0.287665
-0.100668
-0.297045
0.000000
0.000000
0.210139
-0.173739
-0.249696
0.051553
0.084943
-0.088675
0.267158
0.100543
0.013459
0.169681
0.308382
-0.041369
-0.292610
-0.317816
0.000555
0.114568
-0.036404
-0.349278
-0.112471
-0.182616
-0.131025
0.003654
-0.074084
-0.059237
-0.006900
0.158845
-0.049844
-0.025667
0.243353
0.323924
0.533983
0.376349
0.230436
-0.037029
-0.236667
-0.097827
-0.104530
-0.155931
0.064011
0.060987
0.003008
-0.162436
-0.064370
-0.320243
-0.203595
0.156887
0.185248
-0.152308
-0.078878
-0.140566
-0.200956
-0.130677
0.173023
0.282022
0.009365
-0.095937
-0.074117
0.244767
0.450458
0.204622
-0.091704
-0.323900
-0.330348
-0.123803
-0.245651
0.035707
-0.008758
-0.052827
0.313961
0.212289
0.015100
0.108509
0.249054
-0.143547
0.012952
-0.102731
-0.264127
0.116233
0.369422
0.216865
-0.048246
-0.276205
-0.042900
-0.146503
-0.087978
0.070892
0.018571
0.003915
0.028708
0.069739
-0.163889
0.003694
-0.038053
0.032679
-0.059451
0.295777
-0.016464
0.103500
-0.098508
0.050803
-0.056787
-0.064629
-0.072563
-0.016734
-0.128899
-0.273379
0.289625
0.083881
-0.216387
-0.218574
-0.061078
0.152049
-0.033805
0.065148
-0.049161
-0.083198
-0.188233
-0.126078
0.369451
-0.001578
0.064469
0.207068
0.475322
0.138178
-0.068269
0.070701
0.178426
-0.220831
-0.133725
0.293157
0.226930
-0.120680
-0.116913
0.052961
0.018522
-0.160768
-0.183775
-0.079090
0.007021
0.004770
-0.069153
-0.248795
-0.103533
0.070915
-0.371186
-0.495549
-0.402831
0.076629
0.355573
0.013645
-0.120903
0.192379
0.231140
0.091509
-0.026098
0.228920
0.265063
0.461979
0.140971
-0.170594
0.098992
0.125386
0.017608
0.051972
0.256836
-0.018573
-0.260786
-0.212551
-0.082653
-0.033711
-0.048717
-0.093803
-0.152149
-0.195491
-0.072717
0.178854
0.094112
0.142369
-0.288406
-0.301028
0.047476
-0.068652
0.072769
0.042962
0.096156
-0.179878
0.150002
0.337635
0.040357
-0.100690
-0.162737
0.072228
-0.026924
0.051028
-0.175670
-0.010868
0.029588
0.307578
0.289644
-0.217131
-0.125071
0.074169
0.084219
-0.327332
-0.127317
-0.212255
0.025334
0.192537
0.335038
0.039592
0.040122
0.113782
-0.029223
0.099417
0.205862
-0.033976
-0.448451
-0.162840
0.026334
-0.024677
0.005642
0.026692
0.282533
0.073971
-0.096491
-0.061657
0.188739
-0.280032
-0.243072
-0.022681
-0.116219
0.194372
-0.177598
-0.156281
-0.302222
-0.027479
0.272029
0.111088
0.311522
0.026312
-0.026974
-0.053005
0.053831
0.493903
0.186004
-0.102770
-0.054816
-0.125105
-0.070098
-0.053420
0.259410
-0.053688
-0.206419
-0.095079
0.036496
-0.164240
-0.023909
-0.093112
-0.160873
-0.027972
0.102796
0.252856
-0.064186
-0.024345
-0.147124
0.105748
0.136774
-0.182736
-0.118650
0.325238
0.100377
-0.238416
-0.126863
0.163522
-0.051208
-0.101302
0.527408
0.163526
-0.189697
-0.236586
-0.179432
-0.179394
-0.146880
0.399651
0.040068
0.084384
0.322570
0.297574
-0.090320
-0.095372
-0.186730
-0.141748
-0.011028
-0.066898
-0.379263
-0.141669
-0.055176
0.119870
-0.138845
-0.223639
0.490174
0.164271
0.092209
0.110827
0.203107
-0.116108
0.020142
-0.208956
-0.201940
-0.204090
-0.155831
-0.041732
0.102528
0.235635
0.225017
0.172405
0.058880
0.072766
-0.112981
-0.117711
0.091351
0.200401
0.269639
0.207483
0.059018
-0.205313
-0.283956
-0.269201
-0.168704
-0.282801
0.050543
0.023768
-0.019251
-0.252374
-0.001651
0.272781
-0.238635
-0.127877
0.194150
0.174007
0.089392
0.069064
0.104511
0.005717
-0.013585
-0.027235
0.115073
0.082022
0.174390
-0.051676
-0.020967
-0.125984
-0.051648
-0.155034
-0.050200
0.084087
-0.023491
0.146876
-0.107985
-0.169531
0.012886
-0.003669
0.296571
0.052901
-0.285082
-0.233691
0.273411
0.034080
-0.078157
0.298256
0.087904
-0.292759
