0.000000
0.000000
-0.043600
-0.127221
-0.179381
0.237547
0.191161
0.055616
0.125674
-0.008209
-0.032876
-0.044869
-0.078075
0.071020
0.036774
-0.111264
-0.120682
-0.056585
-0.024961
0.311530
0.223442
0.105016
0.090867
0.300291
-0.049334
-0.490694
-0.455231
-0.474210
-0.135514
0.133677
-0.142243
-0.248759
0.094766
0.061772
0.222904
0.105286
-0.056281
0.047814
0.209085
0.361122
0.410091
0.020275
-0.063333
-0.161158
-0.364612
-0.329980
-0.107623
-0.206778
0.040774
0.267786
0.127485
0.423197
0.376477
0.325087
0.245673
0.151956
-0.176107
-0.621699
-0.264521
-0.289546
-0.372150
-0.110091
0.246715
0.439542
0.370102
0.297228
0.035915
-0.067908
-0.166758
-0.268277
-0.484487
-0.262633
-0.265182
-0.276005
-0.041185
0.135208
-0.022685
-0.273235
-0.110460
0.155173
0.314721
0.465208
0.453607
0.261980
0.234319
0.550997
0.444065
-0.102521
-0.113516
-0.057418
-0.519362
-0.623937
-0.374306
0.006650
0.125050
0.148845
0.389515
-0.144685
-0.293741
-0.513524
-0.452558
-0.049601
0.265392
0.123347
-0.108959
-0.078567
0.101621
-0.099603
0.132380
-0.139176
-0.176046
-0.055601
0.408255
0.585873
0.567606
0.327571
0.218582
0.271982
0.458614
0.250704
-0.160302
-0.506734
-0.616897
-0.266183
-0.152838
-0.047891
-0.175525
-0.378805
-0.281388
-0.383283
-0.289487
-0.007786
0.081117
0.205330
0.048713
0.029176
-0.082873
-0.058318
-0.177745
0.114635
0.527351
0.537138
0.628917
0.118681
0.083566
0.140533
-0.106086
-0.175757
-0.044607
0.100553
-0.015599
-0.212445
-0.164343
-0.001239
-0.069049
0.121491
0.150859
0.066594
0.108177
-0.240115
-0.403355
-0.334771
-0.545202
-0.581746
-0.320542
-0.118147
-0.170028
0.123366
0.430068
0.674918
0.515420
0.109447
-0.247901
-0.189940
0.033732
0.127117
0.328023
0.095442
0.207016
0.588112
0.484366
0.567508
0.702254
0.095746
-0.429692
-0.394376
-0.253220
-0.160181
-0.580432
-0.537929
-0.450158
-0.315973
-0.100862
0.047075
-0.024107
-0.153732
-0.351037
-0.321041
-0.409636
-0.292023
0.069697
0.108808
0.181404
0.256739
0.604194
0.854975
0.636412
0.213672
-0.284770
-0.631338
-0.447558
0.093323
0.094514
-0.012098
0.025987
0.190428
0.257209
0.235979
0.136665
-0.148427
-0.007653
-0.048913
-0.096135
0.106752
0.226663
0.197541
0.277971
0.348706
0.161936
-0.066035
-0.053876
0.034126
-0.016101
-0.536854
-0.722308
0.037857
-0.210748
0.355822
0.596701
-0.032401
-0.572983
-0.878550
-0.772144
-0.444537
-0.393168
-0.330198
-0.226620
0.081263
0.115986
0.091676
0.246549
0.107985
0.049246
0.203021
0.247804
0.376532
0.654046
0.799014
0.792071
0.596280
0.428711
0.285466
-0.051843
-0.138064
-0.253781
-0.164284
0.290012
0.378098
0.117482
-0.052480
-0.528178
-0.465390
-0.634650
-0.612751
-0.338154
0.046115
-0.282091
-0.449897
-0.562557
-0.545567
-0.336685
-0.181800
-0.028881
0.496948
0.588562
0.285318
0.202080
0.303689
0.115522
-0.251839
-0.216267
0.002059
0.267923
0.256457
0.327499
0.484176
0.615485
0.230836
-0.202218
-0.714292
-0.069664
0.061499
-0.092402
-0.109126
-0.199608
-0.137969
-0.258029
-0.074130
-0.105407
0.106435
0.551440
0.450657
0.617914
0.239836
-0.243646
-0.336043
-0.604460
-0.373140
-0.084396
0.059388
0.443197
0.477374
0.523663
0.155465
-0.044428
-0.279638
-0.404018
-0.436044
-0.213524
-0.411038
-0.500956
-0.325325
-0.324221
-0.203115
-0.083173
0.011884
-0.028750
0.122842
0.164224
0.444805
0.563626
0.566636
0.474666
0.417427
0.157610
0.207873
0.251951
-0.015552
-0.591833
-0.925592
0.282120
0.001311
0.201777
0.266976
0.127987
-0.251329
-0.288274
-0.428198
-0.326690
-0.140019
-0.120595
-0.072434
-0.196720
-0.369055
-0.005490
0.317613
0.336395
0.274534
0.232885
-0.108878
-0.103814
0.181201
0.340366
0.395426
0.066597
0.206237
-0.033285
-0.412354
-0.224243
0.266724
0.669939
0.284639
0.133744
-0.449657
-0.485746
-0.273773
-0.088554
-0.155169
0.052909
-0.021135
0.044098
-0.146840
-0.179622
0.105925
0.203996
-0.199905
-0.493540
-0.327894
-0.197993
-0.063866
-0.072718
0.055998
0.034921
0.258138
0.340444
0.620507
0.416125
-0.054277
-0.266209
-0.291932
-0.156881
-0.003193
-0.006821
0.114815
0.402290
0.499089
0.513029
0.195319
-0.147986
-0.713323
-0.889663
-0.522904
-0.094707
0.224690
0.364223
0.334290
0.318836
0.316893
0.003204
-0.296909
-0.102378
0.019482
0.152420
0.115196
0.092513
-0.301673
-0.118201
0.009858
-0.105964
0.143192
0.140563
-0.017711
-0.341958
-0.301525
-0.233127
0.394389
0.413268
0.232433
-0.398155
-0.530464
-0.173943
0.029971
-0.109532
0.189217
0.241395
0.016028
-0.047980
0.026352
-0.230555
-0.330708
-0.236168
-0.198242
0.058838
0.165140
0.276400
0.223867
0.180998
0.278452
0.117491
-0.094945
0.001686
0.040998
0.208674
0.612303
0.369643
0.031727
0.046043
0.386268
0.319945
0.063703
-0.546437
-0.686732
-0.238950
0.108738
0.130992
-0.073617
-0.046310
0.123790
0.142027
-0.023737
-0.360719
-0.411390
-0.511030
-0.606014
-0.823267
-0.383826
-0.084806
-0.037963
-0.119432
-0.147161
0.085363
0.154600
0.273473
0.363383
0.394271
0.261904
0.428462
0.646204
0.743855
0.560491
-0.039078
-0.253913
-0.140811
-0.076544
-0.086587
0.287614
0.395107
0.191456
-0.039579
-0.009977
-0.001485
0.081276
-0.278958
-0.680717
-0.300698
-0.199356
-0.104787
-0.120339
-0.046833
0.106039
0.591974
0.504006
-0.061732
-0.616132
-0.174901
-0.441767
-0.493443
-0.674156
-0.598028
-0.180334
-0.112031
0.106915
0.091966
0.508365
0.120078
0.334072
0.344958
0.151930
-0.394637
-0.082415
0.181047
0.305743
0.192051
0.282943
0.519924
0.595331
0.228251
0.016018
-0.102781
-0.077632
-0.003517
0.081063
0.077074
-0.068764
0.192022
-0.009696
-0.040719
0.095701
-0.009814
-0.858765
-0.771313
-0.121916
-0.122451
-0.389858
-0.169101
-0.192145
0.389768
0.326583
0.467073
0.209590
0.122722
-0.118207
-0.149630
-0.203639
-0.100400
-0.056862
0.082512
-0.050508
0.184316
0.060936
-0.186287
-0.489734
-0.542393
-0.377331
-0.141575
0.009205
0.231912
0.282986
0.521597
0.444308
0.402640
0.191273
0.118230
0.240378
-0.007362
0.040246
0.277471
0.063069
-0.059803
0.389724
0.201867
0.096113
-0.330978
-0.165852
0.107905
0.089664
-0.130790
-0.232243
-0.541151
-0.691873
-0.025208
-0.235798
-0.408180
-0.173998
-0.261033
-0.271805
0.057655
0.361713
0.272059
0.018126
0.154467
0.064247
0.022452
-0.065269
0.137837
0.296741
0.315531
0.091524
-0.154648
0.051284
0.448064
0.165558
0.234777
-0.349328
-0.289313
-0.046828
-0.241056
0.061428
0.166583
0.220292
0.499907
0.196293
0.012533
-0.062291
-0.206787
-0.343519
-0.561136
-0.289876
-0.321407
-0.030928
0.051105
0.165372
0.130944
-0.099020
-0.287069
-0.167120
-0.143800
-0.078346
-0.121547
0.242469
0.453214
0.712705
0.570173
0.548113
0.278894
-0.284397
-0.140335
-0.314241
-0.183223
-0.324511
-0.152196
0.525237
0.564262
0.533651
0.108089
-0.351660
-1.134143
-0.999276
-0.300684
-0.267768
-0.390658
-0.164835
0.134006
0.230400
-0.112244
-0.272057
0.102806
0.251587
0.157711
0.304773
0.180418
0.297303
0.293212
0.336092
0.288752
0.322604
0.373501
0.634488
0.583474
-0.245148
0.062687
0.146556
-0.329916
-0.960708
-0.580305
-0.414071
-0.255068
-0.203725
-0.150208
-0.106430
-0.210203
-0.336876
-0.152933
0.071351
0.107493
-0.168922
0.180108
0.366406
0.706226
0.464082
0.151414
-0.026953
0.288958
-0.040487
-0.198732
-0.364389
-0.028963
-0.144586
0.000000
0.000000
0.222900
-0.048857
-0.089573
0.089292
0.186360
0.213810
-0.096691
-0.273444
-0.103988
-0.086388
0.601209
0.572430
-0.026781
-0.694292
-0.717985
-0.682323
-0.218300
-0.085220
-0.105907
0.118089
0.162595
0.323970
0.171104
-0.042757
0.079796
0.137260
0.179699
0.133440
0.181928
0.208658
0.243144
-0.128690
-0.041542
-0.091004
0.306958
0.140583
-0.080794
0.019497
0.071730
0.091183
0.082470
-0.025599
-0.360656
-0.459747
-0.652917
-0.461473
-0.031557
-0.141617
0.139773
0.187470
0.326395
0.150719
0.102328
0.121370
-0.008968
0.070850
0.168982
0.287050
0.423581
0.054842
0.051326
-0.203187
-0.416096
-0.194344
0.052944
0.248490
0.363472
0.024807
-0.018314
0.146528
0.405636
0.077186
-0.143617
-0.662186
-0.746890
-0.396960
-0.045418
-0.233167
-0.163414
-0.349235
-0.404515
-0.026537
-0.129654
0.144391
0.205146
0.150658
0.354841
0.347101
0.511356
0.307073
-0.245583
-0.053002
0.105020
0.291390
0.031076
0.050061
0.130383
0.808189
1.027761
0.402204
-0.182974
0.069452
0.153777
-0.061354
-0.579773
-0.895209
-0.881610
-0.496256
-0.553852
-0.449797
-0.165527
-0.195006
0.013644
0.380746
0.467081
0.217400
-0.007249
-0.017789
0.097450
0.105941
0.185862
-0.011853
0.068723
-0.148985
0.086632
0.119684
0.028817
-0.614442
-0.552013
-0.239914
0.568445
0.564283
0.496347
0.813975
0.533330
-0.059124
-0.233220
-0.436102
-0.504404
-0.492352
-0.037979
-0.029313
0.091814
0.134588
0.165519
-0.103846
-0.426416
-0.350494
-0.176280
-0.111315
0.031993
0.259523
0.340236
0.340531
0.351285
0.277251
0.177535
-0.149181
-0.100126
0.078218
0.297137
0.270820
0.214283
0.000942
0.131191
0.096004
0.135945
0.222106
-0.085141
-0.589144
-0.373822
-0.684729
-0.475385
-0.603521
-0.826727
-0.449539
-0.593282
-0.256477
-0.115134
0.179210
0.488468
0.612036
0.418301
0.362253
0.047326
0.211763
0.262601
0.271363
0.203920
0.241607
0.077888
0.000866
-0.113950
-0.159014
0.089616
0.347772
0.718246
0.686568
0.564331
-0.049406
-0.057727
0.410798
0.520743
-0.227250
0.022777
0.011445
-0.842627
-1.251243
-0.876572
-0.482019
-0.329685
-0.382458
-0.314191
-0.432212
-0.531952
-0.464583
-0.062242
0.250367
0.393525
0.262233
0.421095
0.713474
0.803567
0.574164
0.143530
-0.091084
-0.183710
-0.473404
-0.417109
-0.081274
-0.116197
-0.010976
0.114592
0.394850
0.319396
0.202417
-0.045658
-0.011951
0.133789
-0.200601
0.117582
0.663620
0.342759
0.213401
0.086003
-0.299667
-0.333649
0.076201
0.106041
0.096160
-0.066994
-0.341604
-0.298501
-0.234764
-0.172800
0.093573
0.201220
-0.478840
-0.604226
-0.295437
-0.297454
-0.226652
-0.039464
0.097859
0.550177
0.632973
0.300116
-0.006306
-0.098543
-0.168156
-0.058784
-0.268021
-0.088583
-0.037297
0.067772
0.217126
0.335408
0.149296
0.055933
0.217914
0.178074
-0.022103
-0.059567
-0.052653
-0.043572
-0.042149
-0.090286
-0.045493
-0.208968
-0.184316
-0.365752
-0.196601
-0.057140
0.107137
0.384997
-0.115239
0.230098
0.213854
0.076536
-0.113159
-0.087601
-0.091137
0.313591
0.526752
0.584217
0.545578
0.307945
0.384766
0.128878
-0.114329
-0.501224
-0.589836
-0.582994
-0.560346
-0.369047
-0.527694
-0.586232
-0.416646
-0.000465
0.155011
0.094133
0.051051
-0.101833
-0.231496
-0.105296
0.151694
0.436823
0.295831
-0.129235
-0.009503
0.173013
0.301842
-0.102819
-0.175545
0.256550
0.523410
0.374361
0.155545
0.384750
0.627514
0.122260
-0.259119
-0.383820
-0.160189
0.428959
0.557497
0.699469
0.111190
-0.189432
-0.274671
-0.226709
-0.343966
-0.478089
-0.366215
-0.607923
-0.354180
-0.428236
-0.228262
0.094980
-0.087544
-0.625466
-0.675827
-0.259439
0.006219
0.150100
0.166304
0.181235
0.128410
0.320927
0.212910
0.215220
0.675922
0.825260
0.554607
0.673743
0.566659
0.361070
-0.187931
-0.277400
-0.547217
-0.441003
-0.545553
-0.290707
-0.222894
-0.429135
-0.500493
-0.260282
-0.158564
-0.087683
0.234372
0.408660
0.813439
0.754972
0.177581
-0.387959
-0.282517
-0.205292
0.035055
-0.151193
