0.000000
0.000000
0.188439
-0.029059
-0.045435
-0.176504
0.166742
0.070522
-0.146586
0.145184
0.025886
-0.321050
-0.106528
0.006668
0.071386
0.106935
-0.169811
0.160339
0.183763
-0.028424
0.310370
-0.459084
-0.230679
0.083361
0.158292
0.050795
0.052593
-0.081403
-0.273001
0.209902
-0.153854
-0.113165
0.389003
0.292777
0.071708
-0.239036
-0.406547
0.038616
-0.310997
0.125572
0.179160
-0.102261
0.177738
0.435308
0.023976
0.067660
0.208831
-0.002740
-0.323784
0.012826
0.272295
-0.421325
-0.431469
0.061984
-0.097681
-0.611198
0.212486
0.171198
0.076987
0.274306
0.330271
-0.170516
-0.116258
0.240487
0.113138
0.103065
-0.131198
0.063706
-0.199745
0.086522
0.085571
-0.137284
0.513735
-0.159945
-0.092998
0.182872
0.131202
0.104657
-0.481298
0.027993
0.127789
-0.069236
0.017085
-0.364734
-0.839776
-0.024392
0.174657
0.221957
0.061712
-0.049844
-0.194534
0.008523
-0.065392
-0.187538
0.211432
-0.079312
-0.138050
0.024734
0.125565
-0.250296
0.502276
0.688571
0.426816
0.162609
0.349526
0.013855
0.151230
-0.166903
0.409970
0.084015
-0.528462
-0.521645
-0.139603
-0.227439
0.473072
-0.039886
-0.141954
-0.264406
-0.252893
-0.434272
-0.451434
0.113351
0.365694
-0.242421
-0.050460
0.169779
-0.129213
-0.243400
-0.044087
0.178697
0.417140
0.075868
-0.212693
-0.611587
0.400680
0.332004
0.528138
0.055073
-0.116195
0.201747
0.089870
0.079272
-0.165692
0.201071
0.204055
-0.206860
-0.094904
0.037851
-0.193447
-0.036544
-0.156120
-0.012442
0.236133
-0.215123
0.221033
0.143684
0.195267
0.369658
-0.221792
-0.496188
-0.568921
-0.093966
0.269978
-0.111095
0.251432
0.514399
-0.275658
-0.372709
0.069977
-0.187938
-0.663230
-0.072638
-0.028492
-0.012016
0.017912
0.275315
0.321279
-0.037088
0.259134
0.040866
0.133932
0.416989
0.000798
-0.438211
-0.001888
0.033847
-0.162823
0.120281
0.441786
0.126749
-0.032572
0.009875
0.103338
0.191786
0.209558
0.114005
0.048872
-0.447782
-0.139990
-0.009411
-0.086718
-0.512541
-0.570991
-0.358140
-0.021264
-0.468321
0.178140
0.377487
-0.267968
-0.055484
0.639071
0.206152
0.072295
0.274175
-0.043290
0.314962
0.013603
0.020107
-0.265113
0.360224
0.464436
-0.069678
-0.158052
-0.224235
0.001501
-0.434510
-0.187875
0.385909
0.047143
0.117625
-0.207252
-0.049711
0.098822
-0.033332
0.352907
0.263527
-0.053164
-0.204338
-0.252657
-0.665296
0.091256
0.075237
-0.166790
0.242460
-0.092090
-0.619028
-0.453436
-0.157543
-0.539491
0.649736
0.909051
0.333525
0.228357
0.029697
0.457400
-0.016722
-0.275882
-0.122118
-0.093213
0.830972
0.153395
0.138306
-0.236977
-0.415876
0.044787
-0.221375
-0.018285
-0.031105
0.483499
-0.169153
-0.405440
-0.075993
-0.346080
-0.200563
0.132507
-0.213800
0.154212
-0.326099
0.111526
0.234177
0.311317
-0.325215
0.181789
0.161036
-0.004089
-0.154362
-0.206261
0.067573
-0.046781
-0.046549
0.052131
0.226441
-0.156742
-0.116733
-0.223678
0.267436
0.059594
0.260082
-0.005695
-0.075690
0.036596
0.197798
0.217617
-0.162242
0.369776
0.018387
-0.116001
-0.455625
-0.249816
0.702550
0.656370
-0.056685
-0.001850
0.234547
-0.006974
-0.629230
-0.316551
-0.319841
-0.486420
-0.074984
-0.009882
-0.083228
0.014855
-0.241868
0.037532
-0.063626
0.021790
0.323277
-0.035638
-0.146368
0.192663
-0.022565
0.027364
0.025516
0.344735
0.055292
0.350606
0.291559
0.224406
-0.168277
0.135322
0.444449
-0.241384
-0.360313
-0.622225
-0.259052
-0.425774
0.485896
0.343926
-0.105310
0.484177
0.074991
-0.156428
-0.488336
-0.167953
0.213855
0.146840
-0.026128
0.026340
-0.093651
-0.393423
0.016564
0.207392
0.256587
-0.251336
-0.028866
-0.117574
0.001308
-0.300760
0.168540
0.075850
0.458806
-0.014734
-0.173183
-0.044552
0.241872
-0.208396
-0.367053
0.040258
0.411521
0.007923
0.763626
0.132386
-0.555158
-0.261324
-0.167533
-0.014725
0.738318
0.137551
0.385816
-0.519055
-0.079405
-0.200586
0.049804
-0.336594
0.100719
-0.284123
-0.413484
0.045718
0.056958
0.121093
0.025652
0.050573
-0.235297
0.172267
0.149105
-0.255124
-0.204299
0.047445
-0.322403
-0.092984
0.363466
-0.307107
0.249090
0.319096
0.548638
0.250399
-0.630061
-0.402800
0.121640
0.386251
0.620405
0.126212
-0.106982
0.483466
0.280401
-0.035773
-0.159173
-0.267508
-0.108589
0.271319
-0.377560
-0.257287
0.005096
0.035777
-0.037944
-0.094367
-0.453055
-0.617217
-0.080175
0.077814
-0.072572
0.369590
0.054395
0.081314
0.100160
-0.056883
-0.268142
0.006276
-0.007707
0.027601
-0.095985
0.051040
0.140090
0.130319
0.253390
-0.541499
-0.176158
0.022323
-0.207459
0.307471
0.004577
0.310841
0.702296
0.002359
0.057938
0.717229
0.126594
-0.134517
-0.114110
0.122971
0.216063
-0.207117
-0.261176
-0.324577
0.355889
0.230928
-0.253349
-0.273042
-0.264534
-0.307678
-0.226091
-0.150431
0.257372
-0.270226
-0.492639
-0.525056
0.425412
0.125308
-0.005476
-0.041754
-0.251161
0.663897
-0.392905
-0.239854
-0.181585
0.265176
0.538683
0.220974
0.254445
-0.448636
0.278057
0.126866
0.110870
0.123360
-0.006961
0.131549
-0.244132
0.050444
0.130296
-0.347689
0.156148
0.848620
0.258777
0.288635
-0.286585
-0.329007
-0.164753
0.047773
-0.071488
-0.382306
-0.363390
0.055931
0.235948
-0.048633
0.111671
0.293489
0.002192
-0.578739
-0.043580
-0.101842
-0.430184
0.086665
-0.065559
-0.228223
0.056865
-0.016457
-0.281409
-0.340702
0.142305
0.254797
-0.354564
-0.055735
0.657119
0.372444
0.102034
0.268973
0.334742
0.240209
-0.329714
-0.019677
0.136634
-0.137238
-0.123340
0.073249
-0.292995
0.528651
0.394262
0.071609
-0.065481
0.030157
0.244918
0.011947
-0.298036
0.113410
-0.481491
-0.036421
-0.056827
-0.468798
0.089097
0.098519
-0.356584
-0.049614
-0.138546
0.060844
-0.186489
-0.325269
-0.066165
0.024233
-0.032101
0.622810
0.052340
-0.345967
0.538837
0.420854
-0.089300
0.117828
0.025322
-0.237389
-0.302502
-0.202937
0.088792
-0.225760
-0.436961
-0.055599
0.344577
0.421101
-0.083689
0.680697
0.193296
-0.360603
0.100082
-0.098801
0.205895
0.385383
0.196980
0.102701
-0.250502
-0.148481
-0.244693
-0.029301
0.102448
0.203849
-0.539502
-0.185229
-0.038969
-0.296666
-0.147423
-0.188004
0.013932
0.220883
0.341635
0.306706
0.280374
-0.134096
-0.304682
0.121163
0.138569
-0.286809
-0.371974
-0.282557
0.011465
0.206752
0.210974
-0.245354
-0.391504
-0.349964
0.204352
0.563851
0.140481
0.094760
-0.097549
-0.142307
0.196506
0.548633
0.123110
0.213896
0.396274
-0.508111
-0.482320
0.089688
0.030267
0.381768
0.202477
-0.105180
-0.008615
-0.069428
-0.286088
0.217495
0.194818
0.198258
-0.548531
-0.920668
0.093297
0.623014
0.181875
-0.346444
-0.310826
0.019328
0.039028
0.072860
-0.109983
-0.664261
-0.025788
0.074078
0.403152
-0.370621
0.354155
-0.228926
-0.100833
0.563847
0.029742
0.574887
0.316979
0.154461
-0.347638
0.073540
-0.355296
0.040178
0.103156
-0.207999
-0.064623
0.022654
0.162189
0.526431
0.362157
0.054961
-0.132035
-0.396832
-0.591965
-0.192385
-0.239375
-0.262116
-0.106454
0.056978
0.269749
-0.001516
-0.274795
-0.003765
0.326090
0.467997
0.401606
-0.153895
0.056765
-0.122542
-0.357137
0.235851
0.176264
0.276268
-0.542879
0.192988
-0.191517
-0.212995
-0.107140
-0.221742
0.075721
-0.050655
-0.178799
0.301926
0.515869
0.437896
-0.360189
-0.147983
0.306821
0.036429
-0.481986
0.082660
-0.035129
0.000000
0.000000
-0.187924
0.179558
-0.145022
0.306805
0.123235
0.136802
0.101824
-0.514297
-0.209069
-0.541739
0.112460
0.055640
0.300679
0.151567
-0.005482
0.000845
-0.073645
0.664374
0.366700
-0.275380
-0.141374
-0.167297
0.091506
-0.216180
-0.266146
-0.235210
-0.068589
-0.172836
0.381100
0.176540
0.343863
0.130297
0.129975
0.056624
0.076041
-0.225774
-0.196730
0.405147
-0.205482
-0.182653
-0.482427
-0.317485
0.149241
-0.165720
0.223161
0.039866
-0.179587
-0.127356
0.108704
-0.155461
-0.076394
-0.046301
0.300020
0.294100
0.355094
-0.061639
-0.169661
0.432134
-0.047649
0.136817
-0.399329
-0.099131
0.393067
-0.180913
-0.022676
0.134240
-0.158072
0.240080
-0.081173
-0.103049
-0.026094
0.200703
-0.385358
-0.293316
0.180904
0.392825
-0.134528
-0.149052
0.134444
-0.056827
0.013304
-0.086296
0.365431
0.153657
0.058807
-0.052130
-0.402679
0.057595
-0.114370
-0.101896
0.054951
-0.329169
-0.268340
-0.135586
0.302432
-0.118192
0.168698
-0.200468
-0.398314
0.425747
0.165398
0.187438
0.174376
-0.342141
-0.039123
-0.078815
-0.136888
-0.359679
0.431311
0.539471
0.395468
0.223282
0.173589
0.246794
-0.135157
-0.217248
0.329919
0.245542
0.124393
-0.317745
-0.226478
-0.057982
-0.233470
-0.486535
-0.204679
-0.249549
-0.138252
0.055823
0.183295
0.201608
-0.301835
0.024196
0.463089
-0.177494
-0.507325
-0.493021
0.139976
0.460432
0.263745
-0.207400
0.048246
0.026476
0.274886
-0.355629
-0.071878
-0.034866
0.137935
0.674931
0.195301
-0.246508
-0.095290
-0.262494
0.024086
0.437009
0.041270
-0.297349
0.336027
0.566820
0.052336
-0.209804
0.016702
-0.272302
-0.382729
-0.210199
-0.377860
0.264036
-0.017244
0.058964
-0.063766
0.182916
-0.110694
-0.152725
-0.141558
0.308245
0.083798
-0.065158
-0.165866
-0.260480
0.019123
0.022525
0.045916
0.452423
0.255547
0.131467
0.150211
-0.194271
0.043999
-0.023576
0.121000
-0.008253
-0.125629
-0.003112
-0.236822
-0.279092
-0.197592
-0.059676
-0.184988
-0.148673
0.070527
-0.525273
0.265975
0.361231
-0.164447
0.363512
0.267483
0.239353
0.144566
-0.385932
0.016039
0.230668
0.074657
0.185363
-0.129933
-0.146720
-0.217272
-0.001428
0.422878
-0.098776
0.150518
-0.029128
0.127045
-0.026878
0.272113
-0.222887
0.374241
0.194725
-0.528199
-0.418149
-0.119440
-0.317507
0.343778
0.152626
-0.167053
-0.079012
-0.249166
0.041436
-0.140642
-0.050027
-0.256129
-0.443836
-0.257515
0.232197
0.192619
0.164364
0.253624
0.137904
0.118164
0.017282
0.013082
0.143134
-0.026939
0.046276
0.627004
0.060925
-0.329322
0.046405
0.477631
-0.108027
-0.210994
0.145046
0.063093
0.231683
-0.079360
-0.055883
-0.288832
0.058299
-0.193232
-0.524483
0.095498
0.195467
0.069869
-0.074336
0.416250
-0.522882
-0.176041
-0.439126
-0.074117
-0.070793
0.097955
0.279677
0.165691
-0.238785
-0.097588
0.016755
-0.125014
0.354992
-0.487661
0.491480
0.000905
-0.097861
0.210600
0.378686
0.772633
0.186554
-0.505951
-0.349309
-0.028646
0.064015
0.002977
0.189935
-0.185995
-0.068051
-0.103628
-0.293863
-0.402569
-0.191381
0.352815
0.325833
-0.213026
-0.300018
0.391548
-0.115403
0.221870
0.276242
0.031298
-0.052895
0.194603
-0.159791
0.229157
-0.092199
-0.258078
-0.167190
0.075573
0.259746
-0.099704
-0.103428
-0.030437
0.179952
0.014856
-0.480819
0.016407
0.311457
0.065931
-0.083745
-0.171192
0.014045
-0.059765
-0.028961
-0.181040
0.171618
-0.053080
-0.142735
0.337384
0.072406
-0.265175
-0.173297
-0.040525
0.012913
-0.143519
0.173789
-0.088795
0.258310
0.384793
0.270926
0.337156
-0.031205
-0.006186
0.217625
-0.296402
-0.571077
-0.234328
0.033295
0.183794
-0.023130
-0.139738
-0.354615
0.376138
0.657098
0.175755
-0.225712
-0.373201
-0.516389
-0.108964
0.426073
0.241917
-0.170608
0.120090
-0.225024
-0.023707
-0.136920
-0.080029
-0.275883
0.088166
0.445784
-0.051660
-0.242374
0.227580
0.250967
0.352706
-0.041450
-0.141030
-0.034212
-0.417674
-0.020903
-0.062705
0.082928
0.495661
-0.054229
-0.268516
