0.000000
0.000000
-0.073194
0.130811
-0.063154
0.061957
0.051474
0.073181
0.027747
-0.104029
-0.119230
-0.120118
-0.197878
0.018221
-0.007433
-0.414814
-0.035920
0.073771
0.194700
0.184049
0.308754
0.164951
0.501778
0.103783
0.191819
0.008538
0.003601
-0.279131
0.020637
0.098419
-0.049961
0.007863
-0.356086
0.001439
-0.197262
-0.242835
-0.338525
0.053887
-0.017889
-0.402479
-0.290344
-0.031244
0.010539
0.280834
0.106676
-0.330438
0.039681
0.085880
-0.098210
0.234490
0.047625
0.458522
0.269244
-0.178875
0.082354
0.293542
-0.122456
0.182429
0.285407
0.227597
-0.222501
-0.036718
0.278124
0.131626
0.156753
0.093562
0.202202
0.072142
-0.434378
-0.350468
-0.141205
0.097244
-0.056453
-0.250791
-0.414696
-0.190016
-0.212712
-0.209334
-0.513600
-0.295780
0.126662
0.155071
0.054199
0.263155
0.265892
0.266701
0.126989
-0.014327
-0.388829
-0.026122
0.232400
0.132893
-0.145122
0.009627
0.282824
0.228453
0.371858
0.038588
0.035706
-0.075360
-0.304474
0.122206
0.258824
-0.298703
-0.225393
0.170502
0.033503
0.219442
-0.003692
-0.118177
-0.198873
0.006356
0.053690
0.355533
0.307317
-0.259251
-0.089020
0.113418
0.119229
0.179587
0.040921
-0.465819
-0.332007
-0.016964
-0.086702
-0.274128
-0.409896
-0.273132
-0.273191
-0.032141
0.007658
-0.211377
0.383629
0.279475
0.044761
0.081009
0.113828
0.121998
-0.015121
0.338941
0.191616
0.205539
-0.134045
-0.217165
-0.012619
0.069798
0.149768
-0.206884
0.054716
0.331791
0.129651
-0.114856
0.168733
0.340165
0.069502
-0.046895
-0.047192
0.189968
-0.249993
-0.410778
0.171720
0.064841
-0.001682
-0.374818
-0.093923
-0.197119
-0.377349
-0.178905
0.111011
-0.041746
-0.311414
0.108757
-0.320724
-0.197437
0.352447
0.279804
0.115437
0.393154
0.105951
0.110409
-0.115499
0.042243
0.069180
0.051727
0.009096
-0.000761
0.414275
-0.098002
-0.314488
-0.182723
0.139017
0.030414
-0.294734
-0.144798
0.060841
0.090183
0.231630
0.213530
-0.458097
-0.154776
0.013394
0.339769
0.006616
0.510231
0.142193
-0.089163
-0.091436
0.129967
-0.330720
-0.443595
-0.165294
-0.056307
0.048078
0.323292
0.143991
-0.046741
-0.273226
-0.231129
0.220616
-0.005468
-0.192021
0.057382
0.143344
-0.026501
-0.213133
-0.166519
0.547849
0.116845
0.028963
0.211841
0.246367
-0.076725
-0.120548
0.178323
0.205418
-0.054241
-0.053492
0.195171
-0.111663
-0.595989
-0.606488
-0.288608
-0.487981
-0.317078
-0.103226
0.341801
0.069808
-0.062341
0.109517
0.338760
0.275311
0.594433
0.388253
0.053187
0.131692
0.121431
-0.354600
0.066543
0.336785
0.342422
0.120172
-0.004699
-0.098712
-0.215493
0.006963
-0.184288
-0.021868
-0.024668
-0.073622
-0.238528
-0.150436
-0.157911
-0.322578
-0.301760
-0.131041
-0.331916
0.037476
0.226977
0.052293
-0.208922
0.025994
0.145183
-0.003816
-0.004657
-0.186646
-0.000620
0.218103
0.452982
0.186784
-0.052560
-0.013399
0.246020
0.286804
0.163985
0.170002
-0.128795
0.085224
0.446225
-0.150742
-0.477995
0.094784
0.165895
-0.084225
-0.131600
0.088771
-0.355661
-0.311198
-0.092434
-0.136645
-0.041271
0.052410
-0.038177
-0.239891
0.049209
-0.019617
-0.164632
-0.016651
0.258335
0.287019
0.067999
-0.027081
0.206539
0.611672
-0.064297
-0.111555
-0.089035
-0.051047
-0.206918
-0.237783
-0.333462
-0.223777
-0.021783
-0.146566
0.074154
0.421539
0.241819
0.222263
0.189861
0.034099
-0.037570
-0.177082
-0.011185
-0.048911
-0.205634
-0.073158
0.192162
0.048249
-0.133133
-0.062410
0.093361
0.342100
-0.430090
-0.209365
0.169580
-0.145067
0.165984
0.082791
0.018238
-0.091689
-0.077903
-0.224564
-0.142214
-0.070518
0.269139
-0.027183
-0.064289
0.358033
0.111480
0.150287
0.396488
0.018818
-0.099967
0.142005
0.112857
-0.249272
-0.380173
-0.098681
-0.146198
0.282981
0.404201
0.303123
0.001357
-0.227269
-0.019888
-0.116211
-0.087427
-0.087565
-0.117225
-0.192309
-0.017236
-0.177895
-0.284498
-0.202149
-0.063833
-0.015797
0.200944
-0.127418
-0.409040
-0.127734
0.073874
0.114735
-0.079942
0.146282
0.194666
0.468672
-0.037342
0.067316
0.254114
-0.021743
0.014272
0.167481
0.091538
0.208046
0.056428
0.116837
0.442167
0.400139
0.382043
-0.101313
-0.206272
-0.134086
-0.249950
-0.469715
-0.255703
-0.142414
-0.379959
-0.256865
-0.196770
-0.004958
-0.315661
-0.030873
0.251037
-0.359355
-0.115781
-0.031575
0.101963
0.218148
0.345121
0.504260
0.114149
0.122157
-0.451562
-0.205171
0.196685
0.275086
0.131735
0.218274
0.087548
0.113094
-0.200101
-0.004607
-0.055599
-0.021863
-0.396067
-0.307540
-0.220031
0.032233
0.088023
0.268970
0.035615
-0.020203
-0.009664
0.149996
-0.047103
-0.273990
-0.056465
0.136354
0.297918
-0.038667
0.300773
0.109795
0.103819
0.057044
0.231291
0.060672
-0.036932
-0.045389
-0.122703
-0.106515
-0.236435
-0.135442
-0.146913
0.273803
0.092944
0.200906
-0.201814
-0.266956
-0.409803
-0.306364
0.078547
0.039239
-0.015872
-0.061739
-0.182250
-0.263067
-0.013314
0.092908
-0.102713
0.064759
-0.327152
0.113633
0.441079
0.107294
0.236220
0.321908
0.240498
0.098008
0.189400
0.147736
0.157685
0.111157
0.018364
0.080557
0.019362
0.105464
-0.079241
0.116029
-0.490164
-0.323722
0.246640
0.051663
-0.022422
-0.217394
-0.256859
-0.087378
0.143031
-0.003847
-0.303082
-0.014461
-0.029073
-0.349146
-0.066533
-0.169096
-0.005603
-0.132023
0.142634
0.131195
-0.056062
-0.078281
0.013878
0.157104
0.114859
0.207464
0.214174
-0.073736
-0.013239
0.153019
0.092551
-0.050741
0.070415
0.125261
-0.186671
0.041536
-0.033501
0.162285
0.149133
-0.073318
-0.157214
0.061557
0.112829
-0.276731
-0.229902
0.039593
0.197478
0.160228
0.248314
0.235875
-0.004072
-0.127732
-0.155279
-0.096315
-0.004795
-0.123955
0.091178
-0.017537
0.061930
-0.034213
0.053965
0.009966
-0.151296
-0.129604
-0.026078
-0.457957
-0.226563
-0.119924
-0.056092
-0.257483
0.070129
0.290872
0.019186
0.021220
-0.052364
-0.134200
-0.204471
0.243343
0.338010
0.094436
0.174660
0.140743
0.103563
0.092768
0.395915
0.155547
-0.055325
0.020794
0.309267
0.260903
-0.057580
0.100722
-0.032947
-0.362325
-0.482394
-0.341015
-0.224935
-0.071090
0.207404
0.150553
-0.393006
0.093234
-0.010507
0.106824
-0.063309
-0.000326
0.257715
-0.092386
-0.370494
0.090822
0.138730
-0.208806
0.224382
0.146042
0.016771
0.067502
-0.006081
-0.218689
-0.232529
-0.138057
-0.067818
-0.215284
0.102076
0.041516
0.315953
-0.148355
0.012470
0.015676
0.154212
0.303242
0.080808
0.318019
0.196908
-0.034259
-0.235114
-0.046290
-0.038722
-0.009326
0.104650
0.303954
0.101290
-0.065658
-0.115372
0.040628
-0.365466
-0.258534
-0.332366
-0.087186
-0.108620
-0.066518
0.003281
0.165213
0.103061
0.227413
0.046384
0.407110
0.181801
-0.298849
-0.215494
-0.037776
0.228920
0.184760
0.092232
0.234596
0.094692
0.095112
-0.102240
-0.797525
-0.724137
-0.486936
-0.249256
-0.224900
0.067095
0.383543
0.230640
0.501706
0.022512
0.218374
0.089069
0.038054
0.164676
0.241018
0.065280
-0.006095
0.017274
0.166230
0.105440
0.066150
-0.091605
0.122031
-0.089291
-0.163817
-0.103895
-0.058212
0.077361
-0.181271
0.025594
-0.119065
0.192049
0.273056
-0.278187
-0.264670
-0.352911
-0.147113
0.054630
-0.136690
-0.001770
-0.045801
0.111694
0.063009
0.138690
0.076143
-0.093718
0.111562
0.335664
0.193760
-0.103402
-0.300574
0.008180
0.079720
-0.042343
0.000000
0.000000
0.119341
0.094737
-0.006774
0.172691
0.073348
-0.195500
0.087195
-0.105678
-0.125719
-0.414448
0.021365
-0.152918
-0.254848
-0.127080
-0.270932
0.298638
0.153995
0.142624
-0.039060
0.044515
0.347836
0.449193
0.206495
0.058279
-0.193460
-0.258094
-0.060298
-0.086748
0.268213
0.199268
0.346270
0.135674
0.028808
-0.168171
0.286794
0.077517
-0.179140
-0.164506
-0.180302
0.036934
-0.144427
-0.158692
-0.259968
-0.341982
-0.407534
-0.232810
-0.086591
-0.344878
-0.190886
-0.123684
0.146137
0.116190
-0.139894
0.115792
0.263669
0.171745
0.055859
0.313445
0.291735
0.048733
0.266198
0.186966
0.543362
0.281361
-0.022529
0.173183
0.441135
0.230021
-0.142832
-0.052204
-0.033446
-0.057940
-0.345917
-0.555792
-0.481400
-0.300276
-0.045829
0.003491
-0.116834
-0.229470
0.068918
-0.148554
-0.234995
-0.053981
0.190836
-0.049408
-0.127887
0.190706
0.094648
-0.108110
0.036625
0.196983
0.042012
-0.090833
-0.002962
-0.147311
0.005072
0.395011
0.287279
0.022257
0.152802
0.252886
0.231490
0.189223
-0.369028
-0.059146
-0.002247
0.154906
-0.293814
-0.116054
0.022860
0.055347
0.076959
-0.096111
-0.203972
-0.064653
-0.064016
-0.137929
0.123584
0.258635
-0.008140
0.049685
-0.230643
-0.083347
0.221169
0.139818
-0.256033
-0.202668
0.009589
-0.134908
0.194325
-0.188405
0.161272
0.272986
-0.172037
-0.098886
0.055914
-0.032480
-0.044484
-0.146614
0.214602
0.026954
-0.018012
-0.203732
0.184486
0.189403
-0.346608
-0.159154
-0.022215
0.004326
0.119667
0.209637
0.138544
0.006207
0.039332
0.014693
0.266452
-0.025705
0.080068
0.039170
0.101145
0.183434
-0.093732
-0.041774
0.085406
-0.169972
-0.152882
0.182235
-0.067761
-0.147282
-0.144136
-0.439345
-0.532498
-0.019526
0.197451
0.091523
-0.180882
-0.045836
0.203902
0.112138
-0.152868
0.078226
0.099152
-0.004651
0.275917
0.141378
0.110634
0.198727
0.022298
-0.170585
-0.054411
0.009749
-0.152080
0.111693
0.236609
0.127065
0.167035
-0.285253
0.295803
0.021413
0.257920
0.298560
-0.097260
-0.129582
-0.314293
-0.356507
-0.571920
-0.607194
-0.142779
-0.077725
-0.354834
0.199300
0.124391
0.188981
0.242436
0.066528
0.315444
0.069488
0.096382
-0.052643
0.177406
0.365312
-0.167978
0.206763
0.179413
0.074733
-0.145296
0.051117
-0.039134
0.199714
0.111874
-0.121499
-0.316658
-0.168360
-0.068699
0.047110
-0.153230
-0.072822
0.092170
0.091499
0.172884
0.061587
-0.488180
0.034070
0.004555
-0.301124
0.033514
0.168688
-0.086773
-0.060037
-0.140480
0.118748
-0.090208
-0.200227
-0.251584
0.066350
0.260501
0.049790
-0.330173
0.442079
0.527792
0.127454
0.140877
-0.042734
0.117181
0.160421
0.035363
0.116253
0.013826
-0.215123
-0.216780
-0.115605
-0.037574
0.014653
-0.177179
-0.312438
0.056193
0.450480
0.160595
-0.083329
0.150039
-0.110660
-0.018050
-0.233393
-0.312371
-0.208825
-0.272294
-0.114070
0.256953
0.188821
-0.131047
0.083453
0.270595
0.275014
-0.269450
-0.506058
0.328072
0.252452
0.082374
-0.176173
0.186215
-0.242511
0.058492
0.324114
-0.052883
0.051708
0.050827
0.198391
0.178494
0.128960
-0.034075
-0.355202
-0.011390
-0.088016
-0.121895
-0.056026
-0.158381
-0.037634
0.020633
-0.076717
-0.267082
-0.139217
-0.079123
0.205171
0.083430
-0.078722
0.053327
-0.045393
0.154120
0.112720
0.310075
0.114035
0.016171
0.031730
0.293886
0.143713
-0.252332
-0.070520
0.068932
0.198413
-0.152619
-0.279965
-0.176753
-0.047087
-0.016574
0.034131
0.207223
-0.167501
-0.362857
-0.046293
0.181723
-0.034285
-0.171167
0.124406
0.043671
0.094742
-0.214970
-0.187115
-0.025701
-0.207372
-0.091920
0.335661
0.359186
0.120063
-0.121212
-0.150908
-0.281755
-0.059108
0.370508
0.480053
0.575049
0.200983
-0.131075
0.078292
0.281315
-0.218528
-0.304038
-0.145276
0.076226
-0.476986
-0.107883
-0.146435
-0.172410
-0.126865
0.024965
-0.094283
-0.005541
-0.199731
0.016816
-0.053542
0.304160
0.245278
0.307589
-0.033412
0.032552
0.070269
-0.219504
0.110362
-0.116341
