0.000000
0.000000
-0.128065
0.126651
0.077844
0.235061
0.327047
0.324192
0.085927
-0.197077
-0.525851
-0.423089
-0.207653
0.043996
-0.093882
-0.043277
-0.010684
0.154537
-0.029786
-0.133237
0.062436
-0.123199
-0.073700
0.068468
-0.084346
0.092956
-0.087555
-0.031859
0.150959
0.345370
0.283530
0.293285
0.016666
-0.208954
-0.176153
0.103959
0.112086
0.117661
0.087208
-0.198040
0.055592
0.149655
-0.025687
0.041375
-0.027312
-0.253829
-0.181623
-0.260928
-0.164900
-0.047918
-0.134614
0.099749
0.093699
-0.156614
-0.073726
0.076461
-0.290871
-0.055186
0.353135
0.211421
0.164733
0.327939
0.249105
0.051020
0.047887
-0.138788
0.019683
0.465535
0.117037
0.092012
-0.488100
-0.577646
-0.068253
0.108081
-0.182681
-0.211061
-0.022059
-0.168173
-0.029228
-0.192235
0.077143
-0.029670
0.079418
0.055852
-0.050308
0.070200
0.279243
0.195859
0.074829
0.001713
-0.068247
-0.194145
0.056470
0.170219
0.172865
0.371745
0.425780
0.101733
-0.088431
-0.243458
-0.202932
-0.140759
-0.379111
-0.207894
-0.204177
-0.024592
0.084472
-0.047909
-0.130259
0.000000
0.000000
0.040489
0.286913
0.110237
-0.216066
-0.054019
0.104137
-0.097999
0.137292
0.221931
-0.088802
0.374841
0.194745
0.162003
0.047722
-0.177972
-0.186185
0.055745
0.018109
0.013245
0.081774
0.042095
-0.073034
-0.201504
-0.278294
-0.150481
-0.221974
-0.392436
-0.347264
-0.246384
-0.102573
0.132450
0.199780
0.276312
0.413642
0.414923
0.032454
-0.081407
0.066972
-0.018903
-0.038507
0.287900
0.180439
-0.074848
-0.205222
0.117031
0.489808
0.251015
0.061182
-0.246017
-0.329913
-0.004841
0.243815
0.154075
0.179415
-0.112183
-0.096563
-0.137101
-0.426608
-0.684773
-0.415671
-0.135718
0.086167
0.147776
0.015607
-0.136859
-0.298079
-0.256577
0.133767
0.110071
0.058799
-0.066665
0.142808
0.481707
0.320458
0.201139
0.269276
0.307385
0.103678
0.252490
0.289546
0.263256
-0.178368
-0.282090
-0.134224
-0.088989
-0.069097
-0.380904
-0.234236
-0.279014
-0.215510
-0.093304
0.008059
0.084884
-0.053146
-0.159508
0.041215
0.139688
0.152429
-0.102129
0.000000
0.000000
0.000000
0.501421
0.540854
0.269859
-0.115925
-0.085092
-0.267570
-0.388489
-0.123898
-0.099744
0.165649
0.057502
0.009066
-0.210551
-0.040093
-0.033330
-0.114694
-0.223289
0.034742
0.045534
-0.037235
0.043843
0.044893
0.057661
-0.033430
0.023921
0.005730
0.042482
-0.107794
-0.000459
-0.082965
0.087033
0.339394
0.232090
0.154816
0.309586
0.186368
0.020943
-0.075213
-0.082517
0.004519
0.002296
-0.046491
0.023094
-0.041473
0.053334
-0.072838
-0.008652
0.024914
-0.016961
-0.093565
-0.223635
-0.326496
-0.390630
-0.290767
-0.273063
-0.139918
-0.147555
-0.147119
-0.235951
-0.028805
0.010918
0.399015
0.458878
0.270140
0.284648
0.268520
0.253434
0.093259
0.127557
-0.042734
0.074696
0.267628
0.093105
0.151035
-0.042807
-0.255372
-0.165787
-0.234316
0.056205
0.278033
0.220314
-0.001346
-0.072687
-0.120555
-0.113223
-0.431156
-0.240470
-0.197068
-0.153065
-0.359720
-0.318836
0.037213
0.156818
-0.019716
0.148810
0.163691
-0.016961
0.078047
0.268268
0.190709
0.095527
0.239474
0.324788
0.086974
-0.059559
-0.065913
0.078363
0.253315
0.187371
-0.056208
-0.193790
-0.529001
-0.427980
-0.094884
-0.522371
-0.253032
-0.023340
0.117693
0.261053
0.131350
0.174242
0.010684
0.137826
-0.003406
-0.003634
0.060074
0.134020
0.183500
0.179036
0.140604
0.393798
0.152859
-0.349379
-0.287804
0.172927
0.058619
0.185576
-0.110674
0.029387
-0.013191
0.028918
-0.240248
-0.293846
-0.112394
-0.327074
-0.232803
-0.163749
-0.008657
-0.080316
0.016690
-0.026951
0.069426
0.014937
-0.059543
0.161798
0.116034
0.032242
0.002379
-0.014057
0.080892
-0.032817
0.213371
0.281621
0.392816
0.085510
0.162312
0.192332
-0.018058
-0.383316
-0.399435
-0.134322
0.000000
0.000000
0.000000
-0.122659
0.004831
-0.065042
0.056940
0.090883
0.059385
-0.029927
-0.073669
-0.023899
-0.257774
0.000000
0.000000
0.000000
0.021692
0.205046
0.388197
0.297818
-0.075179
0.342339
0.319484
0.014943
-0.240064
-0.309622
-0.381491
-0.146226
-0.001322
0.096419
0.251265
0.009304
-0.333130
-0.656984
-0.232483
-0.206055
0.103143
0.229142
0.353424
0.145337
-0.071354
-0.011926
-0.052911
0.015047
0.010375
0.170035
0.086969
0.231603
-0.016910
-0.460699
-0.071969
-0.017990
0.138241
0.239643
-0.010967
-0.282812
-0.118702
-0.081692
-0.039142
0.174663
0.319737
0.181997
-0.066479
0.016099
0.203951
0.189793
0.257988
-0.026148
-0.249914
0.122531
-0.038187
0.090817
0.221021
0.000000
0.000000
0.000000
0.263900
0.084074
-0.574909
-0.566505
-0.446613
-0.135148
-0.084310
-0.125042
-0.074138
-0.227333
-0.142496
-0.101625
0.116860
0.054450
0.027910
0.134271
-0.055965
0.055689
0.186592
0.314483
0.141434
0.169204
0.473790
0.179650
-0.049968
-0.126083
0.304350
0.226522
-0.137920
-0.526652
-0.425360
-0.023480
0.050278
0.162870
0.114297
0.261593
0.014212
0.019557
0.233209
0.047909
0.322911
0.142874
-0.380767
-0.460070
-0.159282
-0.192761
-0.075993
0.060383
0.133054
0.044439
0.111699
0.141721
0.097909
-0.374837
-0.158118
-0.444156
-0.287387
-0.262012
-0.123641
-0.045931
-0.036992
0.192165
0.419551
0.306398
0.240003
0.329484
-0.042545
-0.355040
-0.241684
-0.207942
0.039686
0.077650
0.189917
0.261438
0.110114
0.198238
0.020173
-0.209826
0.013602
0.252815
0.105131
0.200614
0.383595
0.177355
-0.114160
-0.211039
-0.031023
-0.117729
-0.129051
-0.186912
-0.153896
-0.167871
-0.071043
-0.088296
-0.258332
-0.335591
-0.044925
0.136577
-0.077199
0.185317
0.547775
0.551626
-0.049165
-0.342361
-0.333472
-0.205650
-0.142396
0.023621
-0.152261
-0.195818
-0.022649
-0.035164
0.086863
0.207559
0.357022
0.092717
0.169879
0.020889
-0.061681
0.015046
-0.174538
-0.253680
0.119211
0.075434
-0.107850
-0.110904
0.032755
0.299201
0.315048
0.246201
0.347318
0.443747
-0.032991
-0.572321
-0.276968
-0.078286
-0.181153
-0.003620
-0.197542
0.080436
0.048255
-0.096471
0.041745
0.252025
0.127781
0.030041
-0.158829
-0.356347
-0.333842
-0.249052
0.279658
0.235551
0.301120
-0.051145
-0.044518
0.044367
0.142247
0.223957
0.012678
-0.350806
-0.408752
-0.290063
-0.241058
-0.270282
-0.177728
-0.249706
0.057340
-0.051480
0.316966
0.101571
0.394255
0.372780
0.152911
0.330319
0.194669
0.118602
0.086940
-0.047991
-0.006138
-0.001084
0.171494
-0.028657
0.040929
0.335581
0.459442
0.536237
0.039772
-0.459972
-0.351764
-0.146119
-0.300516
-0.532441
-0.247143
-0.206919
0.107056
-0.172445
-0.215047
-0.503823
-0.203873
-0.155296
-0.028934
0.131290
0.048415
0.090470
0.053537
-0.192631
-0.105315
-0.043396
-0.093449
0.202088
0.468349
0.404061
0.333009
0.217143
0.131827
0.119848
0.038849
0.050574
0.216849
0.230065
0.294639
0.189238
-0.040871
-0.131849
-0.079741
-0.064832
0.052938
0.060831
-0.275604
-0.344533
-0.323880
-0.539666
-0.647637
-0.270553
0.030484
-0.028159
0.249459
-0.011739
0.192018
0.258732
0.189709
0.061115
-0.025880
-0.025697
0.009340
0.648122
0.346864
-0.237986
0.251835
-0.421616
-0.484865
-0.016880
-0.016286
0.034067
-0.026145
-0.103594
-0.074563
-0.079075
0.111642
0.141239
0.074035
-0.056821
0.110142
-0.001026
0.231147
0.216134
-0.077286
-0.264943
-0.200146
0.032627
0.204710
0.230457
-0.056656
-0.159755
-0.114669
-0.183664
-0.056266
0.143637
-0.245744
-0.164498
0.068739
0.309891
0.408417
0.084402
0.119790
0.125362
-0.121465
0.094538
0.069052
0.356255
0.114889
-0.164300
-0.198908
-0.475236
-0.310438
-0.485274
-0.270874
0.021432
0.066836
0.008437
0.004058
-0.013878
0.080256
0.120467
0.016514
0.011054
0.007875
0.059774
0.068517
0.318678
0.242363
0.282244
0.151913
0.147584
-0.033932
-0.770163
0.000000
0.000000
-0.230596
0.010461
0.000000
0.000000
0.360365
0.017665
-0.013281
-0.211507
-0.143649
0.125009
0.073584
-0.099974
0.000000
0.000000
0.521142
0.154996
-0.273519
-0.181914
0.065630
-0.160321
-0.096968
0.317107
0.314512
-0.022721
-0.131758
-0.462963
-0.068683
0.047195
-0.401478
0.079497
0.058763
0.339533
0.170617
0.182199
0.108619
-0.080265
-0.077885
-0.079399
-0.142628
-0.179399
-0.174549
0.029933
-0.109832
-0.035253
0.010069
0.036920
-0.011055
-0.284622
-0.170414
-0.075413
-0.180270
0.071870
0.098849
0.242257
0.377455
0.325951
0.288350
0.367883
0.072610
-0.107426
0.012085
0.228447
0.345033
0.463000
0.585659
-0.062845
-0.332595
-0.228821
-0.446785
-0.615251
-0.428508
-0.356123
-0.297242
-0.460073
-0.593005
-0.344131
-0.175655
-0.011867
0.053523
0.099107
0.167217
0.308790
0.386357
0.430103
0.582454
0.384818
0.259117
0.295190
0.226649
0.034000
-0.218763
-0.318621
-0.131905
-0.104996
-0.164067
-0.233088
0.055931
0.053853
-0.327910
-0.237947
-0.071891
-0.093189
0.136348
0.317788
0.307323
0.358881
0.243938
0.273101
0.096170
0.124409
0.205360
0.101711
0.013522
-0.248811
-0.443252
-0.466402
-0.461534
-0.539494
-0.391681
-0.296020
-0.086440
0.221811
-0.060726
0.131797
0.037041
-0.213164
-0.111048
0.142574
0.174002
0.291107
0.427527
0.121336
-0.023632
0.090660
0.025036
0.057428
0.175021
0.019676
0.127519
0.145420
0.188753
0.240722
0.194153
0.230675
0.250309
-0.035839
-0.248725
-0.583259
-0.484670
-0.113554
0.108919
0.376926
0.103635
0.135542
-0.298556
-0.117247
-0.111053
0.001489
0.026505
0.035993
-0.334682
-0.309923
-0.436621
-0.140043
-0.292957
-0.224698
-0.117517
-0.147240
0.007069
0.196854
0.193690
0.279515
0.273366
0.332486
0.318668
0.278402
0.313842
0.349003
0.441814
0.282399
0.166099
-0.134684
-0.136109
-0.299507
-0.352601
-0.238158
-0.481148
-0.328458
-0.177513
0.211213
-0.141455
-0.279024
-0.230001
-0.238251
-0.300311
0.109627
0.017297
0.286205
0.440392
0.662726
0.718461
0.482774
0.371847
0.090191
-0.294131
-0.303813
-0.169857
-0.523002
-0.056242
-0.013005
0.010383
0.039138
-0.403216
-0.322235
-0.275102
-0.164544
-0.138136
-0.123023
-0.053328
0.023332
-0.103196
-0.047331
0.013872
-0.299891
0.085209
0.186494
0.440244
0.165774
0.093271
0.197478
0.313582
0.394114
0.000000
0.745888
0.407187
-0.225913
-0.172719
-0.044055
-0.056649
-0.259734
-0.102345
0.097458
-0.143250
-0.155385
-0.093927
-0.053894
-0.134651
-0.205469
-0.081928
-0.141374
-0.203786
-0.221951
-0.311557
-0.149229
-0.079480
-0.058052
0.101009
0.013279
0.261279
0.437885
0.219185
0.147307
0.487698
0.324790
0.294482
-0.273155
-0.714093
-0.207476
0.000000
0.000000
0.519461
0.226340
-0.328786
-0.245554
-0.057538
-0.067356
-0.160023
-0.240621
-0.117437
0.115123
-0.009699
-0.013488
-0.114551
0.114257
0.043344
-0.075566
0.132283
0.014780
-0.028617
0.152890
0.293529
0.274981
0.439504
0.452074
0.143353
0.217017
0.096742
-0.016646
-0.011766
-0.316885
-0.581434
-0.400255
-0.597581
-0.591194
0.000000
0.000000
0.000000
0.000000
-0.118588
-0.118790
0.707048
0.197817
-0.291765
-0.321803
-0.279439
-0.057001
-0.009162
0.033463
0.080212
0.123779
0.346667
0.256911
0.279425
0.259658
0.335214
0.326352
0.394840
0.376939
-0.100200
-0.377112
-0.132723
-0.190542
-0.422389
-0.025965
0.064686
0.042883
-0.020010
-0.326752
-0.227802
-0.246518
-0.127647
-0.113563
-0.093596
0.101354
0.054872
-0.059915
-0.046767
0.074084
-0.060909
0.089685
0.107067
0.030588
-0.097830
0.114996
0.242449
0.183184
-0.024797
0.143775
0.139173
0.173905
0.019392
-0.574198
