0.000000
0.000000
0.141845
-0.141621
-0.174360
-0.216720
0.298838
-0.130338
0.068288
0.352413
0.121929
-0.344243
-0.241807
0.183648
0.175122
0.100011
0.056344
-0.122070
0.048006
0.128933
0.061844
0.093592
-0.074489
-0.155900
0.063825
0.168233
0.187647
-0.480063
-0.488301
-0.231061
-0.156790
-0.180083
0.076363
0.143007
0.304974
0.407027
0.031198
-0.251674
-0.033803
0.096282
-0.140109
0.055880
0.272575
0.138595
-0.054503
-0.270594
-0.099454
0.095783
-0.098872
-0.005242
0.425716
0.090633
0.274441
-0.198090
-0.134958
0.369102
-0.070466
-0.080921
-0.330881
-0.383570
-0.085172
0.268903
0.389088
0.244406
-0.121407
-0.276626
0.028073
0.034994
-0.317650
-0.374136
-0.105903
0.113583
0.021542
0.145439
0.080564
0.130000
0.296206
-0.089631
-0.197819
-0.098706
-0.057754
0.251880
-0.135784
-0.101345
0.266154
0.057774
0.094480
0.231436
-0.251469
-0.514546
-0.024910
-0.038622
0.114797
0.053880
-0.012363
0.310070
-0.084764
0.159606
0.105232
-0.129822
-0.168045
0.206576
0.023673
-0.017112
0.270928
0.096643
-0.365986
-0.276082
0.104946
0.000000
0.000000
0.273286
-0.092958
-0.253746
-0.070051
-0.137605
0.104087
0.137145
0.112638
0.278484
-0.125773
-0.145582
-0.132938
-0.013647
0.098264
-0.364194
0.074720
0.169757
-0.025100
0.306620
0.075062
-0.047759
0.025934
-0.061446
-0.231849
-0.239297
0.045828
-0.088422
0.019138
0.075787
-0.326788
0.014825
0.268396
-0.014257
0.079689
0.414979
-0.144797
-0.151671
0.209164
0.224668
-0.062737
-0.086777
-0.271746
-0.111015
0.126557
-0.032419
0.305117
0.341156
0.125483
-0.259121
-0.054559
0.110515
-0.133608
-0.009210
-0.158453
-0.229018
0.002478
-0.109760
0.237485
0.461950
-0.226582
-0.098319
-0.089242
-0.236337
0.081732
0.083364
-0.117109
-0.230685
-0.032967
-0.394719
-0.281109
0.344160
0.063683
0.060711
0.129004
-0.062250
-0.110917
-0.019009
0.178869
0.261119
0.180567
0.299913
-0.077606
0.036166
0.033980
0.075273
0.018764
-0.014399
0.381614
0.030458
-0.118807
-0.009378
-0.271451
-0.056704
-0.231814
-0.173804
0.262385
0.039980
-0.174951
-0.005034
0.000000
0.000000
0.000000
0.111678
-0.261488
0.052240
-0.153189
-0.300200
-0.008746
0.192210
0.324629
0.154080
-0.062541
-0.180784
-0.111407
-0.531222
-0.349693
0.039671
0.131181
0.478180
0.141457
0.082896
0.159855
-0.052747
0.189794
0.035298
-0.038136
0.187200
0.026677
-0.069711
0.225700
0.185328
-0.098108
0.134595
0.014059
-0.090297
-0.072380
-0.302859
-0.145317
-0.031748
-0.091962
0.004134
0.005845
-0.185624
0.130093
-0.077527
-0.033601
0.187282
-0.306099
-0.225756
0.068216
0.288236
0.276408
-0.304866
-0.198142
0.052099
0.187867
0.047219
0.051878
-0.100937
0.196179
0.197329
0.117054
-0.227519
0.125820
-0.033652
-0.024482
-0.090717
-0.174580
0.424527
0.043613
-0.327523
-0.147933
-0.287877
-0.163334
0.075557
0.191345
-0.210885
0.428433
-0.000250
0.140860
-0.168796
-0.156828
0.084286
0.191576
-0.148258
-0.088484
0.269382
0.303699
-0.005440
-0.280652
-0.152026
0.316550
0.291599
0.141165
-0.408817
0.055212
0.503235
-0.129814
-0.354368
-0.026402
-0.617503
0.111349
0.164713
-0.220909
0.040485
-0.037205
-0.079352
0.133350
-0.052188
0.030556
-0.235703
-0.273420
0.095119
-0.019741
-0.040626
0.081087
0.301969
0.063735
0.106547
-0.090906
0.056778
0.206263
0.131910
-0.125900
0.371206
0.111792
-0.097871
0.007102
0.019392
0.142319
0.083176
-0.427620
0.068825
-0.335030
0.112478
-0.044759
-0.068465
0.317137
0.099989
-0.241466
0.033836
-0.465940
0.286472
-0.144529
-0.466952
0.162168
-0.025465
0.217593
0.266096
-0.170713
-0.188936
0.355757
-0.156809
-0.262681
0.179566
0.114374
0.078561
-0.030436
-0.059799
0.114460
0.179098
-0.103876
-0.286972
0.082510
0.036561
0.111043
0.144654
0.142692
-0.014851
-0.164705
-0.122235
-0.057738
0.041869
0.000000
0.000000
0.000000
-0.093560
-0.070853
-0.047693
-0.233013
-0.140039
0.319170
0.012355
0.357432
0.042444
-0.373405
0.000000
0.000000
0.000000
-0.106143
-0.019699
0.478531
0.072792
0.410985
0.170616
-0.016061
-0.288529
-0.110604
0.232272
-0.128132
-0.310966
0.079882
-0.102191
0.122505
0.025347
-0.192817
-0.522417
0.125767
0.106893
0.251221
-0.068395
0.006848
0.189712
0.151571
-0.173289
-0.007748
0.037205
-0.156897
-0.158464
-0.236053
0.121791
-0.007148
0.107830
0.031951
-0.086445
-0.216684
-0.008241
0.010603
0.197480
-0.108259
-0.309824
0.194573
0.160658
0.029181
0.113239
-0.213983
0.236694
0.128190
-0.098232
-0.047910
0.030533
0.240333
0.073151
-0.001303
0.078159
0.140247
0.000000
0.000000
0.000000
0.373611
0.051045
-0.433545
0.130530
-0.162088
0.276881
0.051228
0.008145
-0.221051
-0.408871
0.013796
-0.103353
-0.363917
-0.285346
0.137552
-0.055782
-0.219588
0.009693
0.034967
0.279440
0.095096
-0.136499
-0.089093
0.017045
0.122068
-0.085402
-0.220795
0.305117
0.287839
0.127659
0.141616
-0.114064
0.201290
0.655922
-0.277490
-0.114583
-0.160518
-0.122389
0.262006
-0.074149
-0.073574
-0.181964
0.104032
0.152220
0.067712
0.084730
-0.007659
-0.300801
0.115176
-0.170196
-0.215682
0.223806
0.124474
-0.221945
-0.274708
-0.195591
-0.052308
-0.080171
-0.085692
-0.020911
-0.033867
0.000798
0.275098
0.188834
0.150068
0.152463
-0.095486
0.286883
-0.063832
0.097507
0.172490
-0.198190
0.266087
-0.107554
-0.214492
0.050348
-0.214817
0.055994
0.038717
-0.225292
0.019405
-0.127222
-0.294526
-0.224025
-0.007433
0.061936
-0.049549
0.363976
0.511773
0.029055
-0.122479
0.218699
-0.128268
0.079048
-0.331341
-0.319598
0.082201
0.013405
0.029043
0.011612
0.100505
0.191671
0.059361
0.471128
0.111756
0.138324
-0.216772
0.021135
0.003289
0.006732
0.113274
-0.290381
-0.173699
0.161031
-0.340433
-0.025653
-0.290244
-0.021983
-0.230380
-0.393323
0.015770
0.205993
-0.207264
0.044116
0.294278
-0.021923
-0.032572
0.281375
0.104284
-0.000636
-0.035776
0.033625
0.098084
0.293597
-0.070392
-0.115599
0.076362
0.058731
0.028616
0.102904
-0.132606
-0.008900
0.132627
-0.198244
0.080413
0.113302
-0.242177
-0.116566
0.243506
-0.003831
0.122786
0.078391
0.096026
0.001593
0.041820
-0.126067
-0.060542
-0.388945
-0.197847
0.230516
-0.175048
-0.025291
0.100107
0.149227
-0.120903
0.360336
-0.129796
-0.154300
0.080209
-0.118381
0.091180
-0.288633
-0.036747
-0.078745
-0.073911
-0.307171
0.015328
0.030957
0.126220
0.200951
0.225425
-0.018156
0.258081
-0.108037
-0.422162
0.435575
0.021358
0.183459
-0.014814
-0.085980
0.094646
0.208874
0.324595
0.106065
-0.182704
-0.262719
-0.056084
-0.217246
-0.122802
0.047636
0.062677
-0.118759
0.198873
0.154158
-0.103709
-0.218544
0.427752
-0.012048
-0.109356
0.125896
-0.323630
-0.000462
0.051307
-0.098991
-0.249243
-0.070273
0.023238
-0.107649
-0.095230
-0.023221
0.027838
0.087117
0.024649
-0.205414
0.043885
-0.048973
0.068135
0.107760
-0.157669
-0.147004
0.054002
-0.153821
0.079668
-0.015825
0.365963
0.507737
0.223165
0.042793
0.109791
0.210309
0.078168
0.087651
-0.018572
-0.103619
0.038616
-0.151100
-0.115023
-0.049919
0.165467
-0.065075
-0.284827
0.044477
-0.132037
-0.087964
-0.215735
-0.032034
-0.100142
-0.313927
-0.152453
0.354850
-0.056956
0.061571
-0.043565
-0.286738
0.005930
-0.273133
-0.002716
0.119455
0.127466
0.139123
0.057976
-0.104677
0.001080
0.240665
0.178629
0.286581
0.244793
0.232678
-0.014198
-0.075126
-0.009907
0.063187
-0.137129
-0.460204
-0.135467
0.190766
0.119619
-0.024963
-0.287868
0.042270
0.059405
0.273405
0.213979
-0.213006
-0.004725
-0.102520
0.022415
-0.068130
-0.209604
0.146928
0.354048
0.119241
-0.020498
-0.105188
-0.175406
-0.276378
-0.233444
-0.027647
0.105285
-0.038671
-0.014659
-0.058242
-0.129965
0.025855
0.150255
0.292648
0.000000
0.000000
0.037311
-0.085013
0.000000
0.000000
0.127628
0.031358
-0.355339
-0.098214
0.283709
0.169565
0.203077
-0.557759
0.000000
0.000000
0.445121
-0.103982
0.397013
-0.147077
0.103817
-0.136362
-0.169197
-0.221111
-0.366696
-0.129938
0.231633
0.064676
0.532324
0.033509
-0.068829
0.199212
-0.299042
0.076997
-0.539691
-0.088590
0.101310
-0.056950
0.266668
0.152716
0.077861
0.172675
-0.330461
-0.452852
0.311479
0.198902
0.237552
0.259715
0.043940
0.181467
0.009360
-0.291051
-0.294590
-0.097663
0.025569
-0.055120
-0.163723
-0.229438
-0.344599
0.131645
-0.060659
0.039559
0.228219
-0.091828
0.107161
-0.024057
0.033888
-0.112940
-0.111822
0.010049
0.056972
0.180530
0.583115
0.372718
-0.220731
-0.068496
0.304833
0.219491
0.138250
0.115212
0.209368
-0.348293
-0.364638
-0.114372
-0.263311
-0.073152
0.182347
-0.401346
-0.199127
-0.227285
-0.037996
0.169418
0.129609
0.071171
-0.203350
-0.157400
-0.041560
-0.131505
-0.503039
0.292398
0.203024
0.107048
0.194810
0.303329
-0.129932
-0.039656
0.346116
0.065950
-0.008609
0.367354
0.052997
-0.166644
-0.153355
-0.032477
-0.048695
-0.246278
0.106103
0.493166
-0.039710
-0.243050
0.052495
-0.303845
-0.110281
0.017662
0.072237
0.211663
0.101605
-0.121560
-0.183028
-0.072509
0.013250
-0.126763
0.035926
0.260703
-0.071741
0.216483
0.124157
-0.086626
0.143634
0.005933
-0.060746
-0.190803
-0.094985
-0.114396
-0.158707
-0.303535
0.212342
-0.274280
-0.011890
-0.011310
-0.128382
0.076011
0.294070
0.242103
0.056687
0.309203
-0.073556
-0.144150
0.052396
-0.251943
-0.009183
0.047593
0.410381
-0.122245
-0.000422
-0.253468
-0.027989
0.122644
-0.167972
-0.262194
0.263056
0.187710
0.076851
0.276392
-0.212596
0.306277
-0.008670
-0.311284
0.087587
0.132633
-0.122717
-0.269938
0.044876
0.159909
0.301595
-0.301353
-0.256240
0.139720
0.064903
-0.154764
0.087955
0.009575
-0.021090
-0.050612
0.326971
0.007440
0.130633
0.083168
-0.464570
-0.504939
-0.186812
-0.067830
-0.261145
0.083143
0.290966
0.043446
0.349244
-0.510472
-0.098125
0.241170
0.071783
-0.080052
0.241124
-0.047347
-0.204287
-0.092366
0.095199
0.261636
0.341298
0.389036
0.481729
-0.028279
-0.173687
-0.234136
0.446357
0.069697
0.064101
0.217283
-0.135368
-0.084093
-0.172714
-0.112686
-0.475513
-0.352298
0.000000
0.042129
-0.099104
0.162397
-0.169515
-0.097200
-0.457478
-0.119003
0.149126
0.175464
-0.204888
-0.451695
-0.053795
0.181521
0.210754
0.473417
-0.076897
-0.063590
0.023322
0.184519
-0.026884
-0.028594
-0.048999
-0.010677
0.544013
-0.377839
0.027620
0.530767
0.074030
-0.093442
0.076391
-0.023833
0.247484
-0.013373
-0.175709
0.077938
0.000000
0.000000
-0.210648
0.183037
-0.013331
-0.181821
0.035742
0.092346
0.096748
-0.009175
-0.183124
-0.132286
-0.118114
-0.076028
-0.413903
-0.186808
-0.138159
-0.239009
0.180788
0.230995
-0.041590
0.135760
-0.043987
0.024502
-0.006942
0.052788
-0.114809
0.240463
0.039521
0.162933
0.036483
-0.080197
0.060473
0.068280
0.198739
0.200752
0.000000
0.000000
0.000000
0.000000
-0.318862
0.003619
-0.053568
0.148742
-0.081247
0.172594
0.267829
0.204845
-0.231451
-0.661086
0.035485
-0.117208
0.127722
-0.283074
0.827239
-0.109859
-0.036619
0.043678
-0.292739
-0.225827
-0.167423
0.044043
0.127841
0.229780
0.026685
-0.153315
-0.515323
-0.270269
0.281168
0.295619
0.162946
-0.030347
-0.014701
0.134279
0.214343
0.062857
-0.124535
0.117153
0.089965
-0.099796
-0.244945
0.077210
-0.059890
0.162899
0.197545
-0.080757
-0.183988
0.052805
-0.053125
-0.441288
0.069629
-0.000448
0.168580
0.103870
