0.000000
0.000000
-0.193067
0.129469
0.081346
-0.220135
0.159677
0.162797
0.164114
-0.287866
0.111825
0.015438
0.108496
-0.019986
-0.192736
0.312965
0.251176
-0.317147
-0.392046
-0.465963
-0.009997
0.120812
0.010084
-0.012868
-0.283448
0.186599
0.520733
0.273345
-0.139322
0.559575
0.093346
0.330706
0.105298
-0.610173
-0.665421
-0.013636
-0.122562
-0.161088
0.363998
0.157351
0.111223
0.063347
0.217251
-0.391556
-0.449481
-0.222735
-0.088409
-0.068325
-0.046113
0.188167
0.028990
0.111179
0.059970
-0.231382
-0.159294
0.634832
0.150212
0.232219
0.049111
0.123821
-0.126942
0.291568
-0.157322
-0.579543
0.604728
0.470911
0.354936
0.204481
0.335609
-0.153433
-0.772911
-0.551483
-0.132607
0.017135
-0.438864
-0.180735
-0.320070
-0.476153
-0.094060
-0.171712
0.182135
0.066068
-0.205130
-0.180694
0.054396
0.285215
0.547933
0.582308
0.284282
0.148723
0.291806
0.127917
-0.113387
0.124830
0.374191
0.289647
-0.039607
-0.379332
-0.684291
-0.114780
0.116175
0.236940
-0.243210
-0.062743
-0.182587
-0.163085
-0.276426
0.083223
0.024840
0.000000
0.000000
0.196076
0.575426
0.152105
-0.327485
-0.568638
-0.693297
-0.387273
0.110035
0.712804
-0.145667
0.677119
0.157856
0.375598
0.263562
-0.116068
0.142698
-0.635648
-0.623543
0.018472
0.053417
0.289316
0.496394
-0.074085
-0.499921
-0.057541
-0.152055
-0.457673
0.195676
0.356250
-0.147252
0.017488
0.549244
0.257867
-0.240047
-0.108549
-0.232673
-0.177956
0.277859
0.236081
0.069479
-0.076920
-0.065784
-0.264208
0.318190
0.301200
0.674298
-0.096449
-0.236545
-0.622533
-0.204796
0.634526
-0.132113
0.000267
-0.305169
-0.335296
-0.000352
-0.338694
-0.226439
0.360403
0.117655
-0.320545
-0.039056
-0.093030
-0.421804
0.190244
0.400669
0.016115
0.413717
-0.400454
-0.545616
0.562712
0.228624
0.484074
0.327722
-0.215017
0.135712
0.739116
0.369221
-0.056505
-0.390769
-0.275154
-0.570806
-0.202668
-0.325018
0.117450
-0.216906
-0.626751
-0.162682
0.170991
0.076237
0.702907
0.224637
-0.090847
-0.083432
0.050644
0.471437
-0.039214
-0.107355
0.145399
0.000000
0.000000
0.000000
0.278528
-0.063177
0.140844
-0.345021
-0.672801
-0.300080
-0.036832
-0.022080
0.517647
0.072471
-0.243196
-0.154805
-0.030582
0.295320
-0.433562
-0.030867
0.395965
0.212822
-0.241195
-0.012549
0.183155
0.287275
-0.109780
-0.355292
-0.353066
0.062398
-0.042131
0.290278
0.089590
-0.200009
0.374739
0.517409
0.332249
0.143627
-0.057074
-0.069065
0.105420
0.191765
-0.291554
0.200201
0.076463
-0.106280
-0.305377
-0.391221
-0.109224
-0.217891
-0.507091
0.151563
0.129637
0.118588
-0.375990
-0.365878
-0.145436
-0.168982
-0.006730
-0.007356
-0.124179
0.001380
0.168831
-0.073176
-0.056922
0.825521
0.516818
0.242281
-0.150066
-0.056775
0.410822
0.260270
-0.142459
0.085135
0.335594
0.685244
0.249665
-0.088984
-0.523719
-0.213407
-0.650995
-0.407593
-0.306500
0.019673
-0.045756
-0.241002
0.141370
-0.036034
-0.067402
0.096623
-0.044330
-0.245343
-0.182717
-0.100597
0.270703
0.388171
-0.221569
-0.045515
0.387594
0.194182
0.035468
0.293435
-0.145284
-0.029294
-0.258283
-0.246662
0.208852
-0.139755
-0.222895
0.022069
0.779037
0.507759
-0.466983
-0.402749
0.121940
0.033023
0.092005
0.189490
-0.120263
0.018450
0.312191
-0.555510
-0.487632
0.069615
0.008430
0.102665
0.105212
-0.014556
-0.275077
0.263008
0.480559
0.021218
0.135224
0.091675
-0.137013
-0.284926
-0.111567
-0.275502
-0.296151
-0.162410
-0.360071
0.233890
0.681872
0.228311
0.581212
0.199627
-0.317297
-0.233013
-0.363823
-0.120422
0.134428
-0.146246
0.070751
-0.038304
0.028148
-0.113286
-0.139311
0.004622
0.025578
0.447233
0.094080
-0.037131
0.086189
-0.363619
-0.528295
0.544853
0.411697
0.158227
0.107056
-0.051244
-0.646184
-0.400961
0.303906
0.184424
0.019129
0.000000
0.000000
0.000000
-0.289982
-0.205475
0.050486
-0.120209
0.426726
0.614219
0.040405
0.068913
0.006766
-0.415667
0.000000
0.000000
0.000000
-0.449048
-0.090632
-0.004381
-0.197367
0.253939
0.349504
0.302253
0.241855
-0.128990
0.121405
-0.318093
-0.233693
0.070065
-0.016114
-0.038101
0.331000
0.205856
-0.213459
0.010334
-0.457003
-0.246312
-0.088067
-0.283352
-0.058848
0.447274
-0.191447
-0.560844
-0.083459
0.292625
0.675783
0.672862
0.279471
0.286171
-0.234305
-0.369564
-0.299487
-0.123946
-0.130011
-0.350597
0.039819
-0.426040
-0.289680
0.099319
0.553123
0.442371
0.065778
-0.048320
0.180197
0.253346
-0.081832
0.297075
0.076115
-0.256998
0.115986
0.110634
0.202401
0.083986
0.000000
0.000000
0.000000
0.224997
0.024514
-0.679897
-0.516760
-0.647179
-0.310375
-0.096865
0.214589
-0.063813
-0.123494
-0.065253
-0.170930
-0.035927
0.146268
0.052797
0.145909
0.114180
0.151447
0.132381
0.556195
0.488122
0.315673
0.220314
-0.065578
0.067273
-0.237558
-0.201643
-0.232536
-0.205551
-0.399185
-0.197561
-0.071186
0.207210
0.257910
0.485339
0.084912
-0.300542
-0.401986
0.368284
0.095672
0.121656
-0.029050
0.113711
-0.320837
-0.162490
0.158618
-0.029196
-0.223922
0.127852
0.184334
0.120996
0.228810
0.302461
0.052113
0.048553
-0.882903
-0.396511
-0.286226
-0.193472
0.035883
-0.259451
-0.003961
0.001462
-0.277097
-0.305687
0.162850
-0.040791
0.004428
0.376324
0.072864
0.178393
0.217474
0.923011
0.514117
0.418226
0.486974
-0.105084
0.241851
0.195635
-0.269263
-0.228355
-0.098779
-0.354151
-0.394213
-0.450957
-0.323858
-0.269132
-0.291909
0.312655
-0.194484
-0.645606
0.094146
0.105561
0.072848
-0.153078
-0.017324
0.505928
0.093158
0.063153
0.412937
0.309944
0.243122
-0.253959
-0.050180
0.458970
-0.080146
-0.943203
0.257670
0.061070
0.022347
0.280816
0.294130
-0.484453
0.120238
-0.183258
-0.052125
-0.154179
-0.441369
0.078715
0.191532
-0.173038
0.165120
-0.127084
0.316661
0.152371
-0.462699
-0.149866
0.061301
-0.134771
0.077623
-0.205911
0.216243
-0.027981
0.594838
0.553048
0.217563
0.425478
-0.054502
-0.166014
0.369255
0.042142
-0.189794
-0.378946
-0.455529
-0.075739
-0.081525
-0.258319
-0.153933
0.122649
-0.213198
0.114810
-0.078531
0.103073
-0.193506
-0.096865
-0.082781
0.216641
0.115356
-0.226944
-0.201750
-0.255711
0.131944
0.020923
0.224405
0.038181
0.192073
0.004370
-0.455999
0.202702
0.163823
0.270038
0.198138
0.080727
0.335972
-0.059562
-0.322458
-0.210853
-0.073125
-0.148242
0.262136
0.029530
-0.031113
0.487947
-0.102820
0.233033
0.861121
-0.120673
-0.236535
-0.148901
-0.118477
-0.019433
-0.388640
0.106157
0.296289
-0.321965
-0.284117
-0.246550
-0.135459
-0.427994
-0.294961
-0.034255
-0.162436
0.006199
0.324152
0.244434
-0.284457
0.265839
-0.385669
-0.029876
0.391248
0.086406
-0.331897
0.144269
0.086097
-0.005742
0.601220
-0.002061
0.198224
0.605246
0.047225
-0.309819
-0.582303
-0.141163
0.254677
0.264462
-0.236418
0.182228
0.262678
-0.398206
-0.012942
0.081932
-0.038360
-0.151698
0.245211
0.321909
0.307755
0.223891
-0.224553
0.030762
0.122252
0.194151
-0.116335
-0.190693
-0.493191
-0.357667
-0.064444
-0.707601
-0.476428
0.110665
-0.559996
-0.571215
-0.103166
-0.000874
0.207804
0.361540
0.198346
0.262806
0.368972
0.332456
0.551490
0.592915
0.187250
0.367259
-0.214133
0.329984
0.170723
-0.649661
0.070732
-0.343866
-0.266398
-0.039014
0.215012
0.419450
0.283873
-0.165916
-0.311289
-0.202544
-0.256961
-0.255980
-0.549795
-0.156995
0.104041
0.054406
0.065456
0.315482
0.090616
-0.062641
0.287693
-0.036447
-0.093012
-0.155164
0.129227
0.180051
-0.233934
-0.431748
-0.217627
0.035139
0.377516
0.073206
0.139818
-0.088745
-0.174501
0.532548
0.289862
0.085538
0.319055
-0.451561
-0.503016
-0.218641
0.121195
0.222046
-0.140420
0.115124
0.238853
0.018102
-0.250660
0.000000
0.000000
-0.070358
0.374415
0.000000
0.000000
-0.138781
-0.044113
-0.606918
0.610909
-0.198879
-0.049330
0.478874
-0.614891
0.000000
0.000000
0.485441
-0.061831
-0.060133
0.500931
0.259983
-0.179200
0.216368
0.174546
-0.728087
-0.574306
-0.097022
-0.395609
-0.041958
-0.257328
-0.430226
0.718768
0.370035
0.407394
0.117182
-0.086692
-0.261119
0.108867
-0.131228
-0.327066
0.160664
0.418932
0.239515
-0.264794
-0.459792
0.238292
0.145611
-0.417720
-0.178481
0.095645
-0.054724
-0.041446
0.070855
-0.319689
0.742906
0.399205
0.016265
0.519899
0.731854
0.414062
-0.038861
-0.166892
-0.028716
-0.114155
-0.110560
0.042434
-0.405637
-0.422362
-0.150367
-0.266217
-0.512449
-0.510390
-0.133630
0.203994
0.171752
-0.373956
-0.300870
0.038174
-0.163504
-0.372251
0.170294
0.101078
0.178692
0.688436
-0.170160
-0.525344
0.122708
0.205749
-0.044685
-0.088904
0.239537
0.780510
0.267872
0.065417
0.188512
0.265924
0.154890
0.455958
0.431805
-0.038483
0.075832
-0.365550
-0.716185
0.131269
0.428645
-0.035628
-0.060189
-0.137792
-0.256094
-0.276664
-0.558754
0.090350
-0.076043
-0.193942
0.224095
0.042618
-0.605932
-0.218060
-0.555811
-0.078966
-0.209854
-0.232981
0.584246
0.457276
0.337340
0.472131
0.252168
-0.074100
-0.726523
0.093129
-0.219651
-0.200122
0.391842
0.108836
-0.502405
-0.293002
0.099064
0.142476
0.624739
0.431775
0.645142
0.269797
-0.110567
0.176660
0.245567
0.205951
-0.363339
-0.469985
-0.155922
-0.131624
-0.264073
-0.457713
0.039007
0.622714
0.161893
0.006377
-0.437596
-0.001066
0.078189
0.452535
0.405386
-0.299477
-0.320292
-0.478379
-0.035145
-0.224554
0.169914
0.130241
-0.494411
-0.718061
0.289887
-0.143770
-0.335458
-0.001063
0.272065
0.292267
0.188901
-0.283691
-0.126657
0.388783
0.302385
0.569837
0.311121
-0.006552
0.225534
0.062583
-0.402376
-0.055850
-0.174903
-0.175858
-0.014845
-0.067388
-0.113229
-0.150770
0.180284
0.189189
-0.010400
-0.088152
0.163998
0.108432
0.104604
0.539168
0.956864
0.178160
-0.041199
-0.194184
-0.270922
-0.330480
-0.371524
-0.413741
-0.047869
-0.178947
-0.589730
-0.639188
-0.461077
-0.011893
-0.134088
0.136907
0.014652
0.101517
-0.056294
0.200251
0.376921
0.059486
0.330819
-0.139182
0.078554
0.436784
0.127686
0.110217
0.795806
0.203294
0.020520
0.154773
0.000000
0.101354
-0.109361
-0.069931
-0.332619
-0.277117
0.072738
-0.140703
-0.111949
-0.334077
0.245745
-0.163860
-0.461234
-0.173758
-0.212221
-0.006740
-0.071712
-0.209030
0.207940
0.480775
0.155107
0.035513
0.154707
-0.367427
0.128621
-0.487536
0.312673
0.276268
-0.010167
0.275834
0.647014
0.018927
0.032419
-0.465671
-0.358102
-0.068190
0.000000
0.000000
0.435629
0.376317
0.169774
-0.019911
-0.453082
-0.551779
-0.288961
-0.401644
-0.139910
0.313908
0.199077
-0.120075
0.122693
-0.148241
-0.150646
-0.324572
0.325570
0.197049
0.185332
0.248729
0.032061
0.495039
0.654564
0.261816
-0.103226
0.302624
-0.521479
-0.772235
-0.098979
0.446222
-0.147956
-0.232075
-0.138646
-0.619048
0.000000
0.000000
0.000000
0.000000
-0.469878
-0.106652
0.256850
0.017089
0.250845
0.265924
0.121993
0.355062
-0.085766
-0.036460
-0.201335
-0.174643
0.195651
0.016110
0.217548
0.086621
0.038489
0.184787
0.437366
0.278560
0.168540
0.125086
0.392825
-0.247463
-0.206642
-0.807991
-0.682740
-0.079004
-0.413121
-0.655765
-0.111681
-0.323883
-0.043786
0.115451
0.511858
0.485525
0.265995
0.354565
0.208678
0.053162
-0.163838
0.074462
0.000819
-0.149092
0.145772
-0.248301
0.172462
-0.099014
0.067027
0.218383
0.408977
0.061700
-0.411300
-0.325733
