0.109174
0.061439
-0.059822
-0.128624
0.007980
0.035064
0.006301
0.082435
-0.149608
0.020449
0.059335
-0.271397
-0.175477
0.077969
-0.004531
0.084164
-0.006542
-0.005790
0.116715
0.204109
0.119644
0.005254
0.119974
0.058360
-0.086814
-0.159056
0.082456
0.077203
-0.071385
0.120349
0.200546
0.201881
0.015365
-0.273632
-0.241283
-0.033801
-0.280490
-0.343767
-0.233854
-0.086295
0.042304
0.039966
-0.101326
-0.033734
-0.002497
0.214812
0.164504
0.163559
0.112810
0.229834
0.139571
-0.130682
0.037732
-0.187522
-0.125655
0.157590
0.080422
0.163584
0.161927
0.013662
0.214857
0.129449
0.064648
0.036762
-0.002495
-0.186526
-0.013437
-0.129368
-0.124424
0.011682
-0.229645
-0.207693
-0.118492
-0.082074
-0.101198
-0.105251
-0.054290
-0.078241
0.170683
-0.008253
-0.143341
-0.200421
-0.000698
0.073221
0.143928
0.046943
-0.064027
0.015087
0.071632
0.106243
0.084220
0.106430
0.114561
0.093796
0.199266
0.110369
0.082740
0.032884
0.118531
0.191065
-0.007395
0.188554
0.188560
0.183031
-0.095932
-0.136729
-0.299637
-0.102445
-0.454774
-0.471081
-0.315500
-0.152810
-0.062503
-0.036170
0.212956
0.126369
-0.091892
0.099951
-0.019669
0.098394
-0.054886
-0.008161
-0.037754
-0.048976
0.102816
0.147195
0.077171
0.002379
-0.029800
0.059071
0.150337
0.103783
0.222440
0.250216
0.235783
0.055249
-0.243711
-0.024102
-0.047737
-0.002434
-0.221198
-0.085748
-0.019891
-0.115818
-0.277478
-0.262952
-0.055905
-0.005791
0.039802
0.005859
0.102318
0.338781
0.283254
0.098028
0.026585
-0.222440
-0.053092
-0.047317
-0.108399
0.023608
0.130611
0.044001
0.098711
0.122765
0.096034
0.060091
-0.187738
-0.433292
-0.242944
-0.159361
0.011906
-0.022288
-0.141336
0.135217
0.141976
0.256191
0.306879
0.062543
-0.200354
-0.287754
-0.128580
-0.119730
-0.074043
0.073268
0.290889
0.346682
0.383365
0.288020
0.312677
-0.062349
-0.180907
-0.252032
-0.227520
-0.165641
0.029782
-0.207810
-0.251798
-0.279795
0.124289
-0.030214
-0.140086
-0.158797
0.041151
0.267410
0.112565
0.084150
-0.055038
-0.181361
0.028614
0.090838
0.119645
0.146807
0.065719
0.177259
-0.021429
0.282829
0.295520
0.185459
0.060924
-0.175119
-0.103612
-0.050377
-0.186871
-0.275721
-0.314922
-0.361031
-0.268909
0.057083
0.069977
0.026385
0.034381
-0.064147
0.122139
0.090097
-0.112000
-0.136686
-0.136321
0.026209
0.357403
0.160051
0.166080
0.001323
0.058839
0.192303
0.098537
0.070858
0.140352
0.106527
0.103097
0.219149
0.086590
-0.004851
-0.216247
-0.348592
-0.037398
0.193905
-0.002648
-0.240000
-0.381067
-0.247689
-0.259097
-0.261221
-0.286479
-0.094800
0.239389
0.230198
0.123893
0.145921
0.208287
0.132156
0.154613
-0.013277
0.009976
-0.045923
0.001874
0.000256
-0.074138
-0.079450
0.061484
0.142529
-0.046293
0.014811
0.286458
0.118130
0.058221
-0.070175
-0.172808
-0.223243
-0.195818
-0.009073
-0.033291
-0.192217
-0.092214
0.225163
0.145472
0.028556
0.116061
0.130331
-0.022586
0.195664
0.228567
-0.002375
-0.005446
-0.138921
-0.065539
0.019154
0.129280
0.160074
-0.189840
-0.256873
-0.166020
-0.455669
-0.360398
-0.150279
-0.020976
-0.082163
0.106328
0.149433
-0.009516
-0.013477
0.204541
0.373509
0.154697
0.150816
0.313514
0.035988
-0.102225
0.039432
-0.079810
0.048238
0.035417
0.034628
-0.108646
0.050476
0.097232
0.118633
-0.043726
-0.208702
-0.082986
-0.047537
0.012216
-0.006737
-0.114057
-0.060889
-0.028111
-0.212327
-0.094569
-0.115327
-0.182330
0.064551
0.058640
-0.111200
-0.080216
0.054124
0.147174
0.135516
0.223687
0.080283
0.039779
0.054746
0.266590
0.197736
0.022012
-0.054295
-0.010645
0.049027
-0.048552
-0.249286
-0.248908
0.049766
-0.068735
0.113673
0.089025
-0.092729
-0.067114
-0.060903
0.014727
-0.144629
-0.195197
-0.153473
-0.006465
0.020011
0.129623
0.175331
0.185154
0.238287
0.141985
-0.039699
-0.072112
0.021404
-0.264369
0.128581
0.460969
0.054787
-0.153846
-0.165747
-0.144481
-0.116778
-0.156943
-0.270450
-0.150302
-0.197532
-0.129870
-0.038838
-0.046875
0.136629
0.135833
0.165776
0.021527
0.292157
0.280593
0.100213
0.219376
0.009146
0.016198
0.056950
0.068961
0.192915
-0.051249
0.019796
0.079002
0.000732
-0.053195
-0.105569
-0.179324
-0.046470
-0.344426
-0.260226
-0.016781
-0.102933
-0.004154
0.086321
-0.093541
0.076621
-0.085236
-0.047950
0.022420
-0.243590
-0.352544
-0.141733
-0.019138
0.162952
0.180706
0.127967
0.142345
0.116026
0.251298
0.178160
0.222506
0.250860
0.106443
0.123953
0.043101
0.041306
-0.090419
-0.025193
-0.092534
-0.089989
-0.274755
-0.136008
-0.289251
-0.126397
0.074431
-0.027182
-0.041729
-0.033390
-0.032316
0.002727
0.203977
0.163143
0.190051
0.053042
0.266656
0.129395
0.045839
-0.010815
-0.258413
-0.228253
-0.082052
-0.115138
-0.089744
-0.086997
-0.267241
-0.281476
-0.116568
-0.020062
-0.005489
-0.011780
0.021518
-0.004219
-0.063018
-0.032432
0.314270
0.158012
0.263442
0.281470
-0.054721
0.008844
0.155535
0.197746
0.133214
0.236913
0.209368
-0.012179
-0.024741
-0.076751
0.049531
-0.173716
-0.211231
-0.141912
-0.071469
0.111238
0.054063
0.105392
-0.016969
-0.060536
-0.144069
-0.112898
-0.166313
-0.331033
-0.341381
-0.336833
-0.104799
-0.068491
0.031152
-0.057793
-0.002544
-0.030917
0.212965
0.111668
0.126801
0.078265
0.292766
0.106632
0.041325
0.206986
0.171478
0.093421
0.060799
0.116643
0.198868
0.076388
0.103975
0.151472
-0.033317
-0.066662
0.127027
-0.027136
-0.043603
-0.446072
-0.160183
-0.277715
-0.126535
0.009392
-0.249486
-0.040755
0.075306
0.151944
-0.061437
-0.264001
0.021210
0.035142
-0.137155
-0.093067
-0.061530
0.031534
0.144910
0.094143
0.138156
0.121005
0.047042
0.083301
0.092024
0.107546
0.125730
0.054034
-0.077286
0.157612
0.061098
-0.237279
-0.183437
-0.272309
-0.185326
0.075228
-0.026006
0.103486
0.100127
0.049356
0.006300
0.012094
0.066723
0.034173
0.068178
0.117995
0.016147
0.135999
0.097072
-0.108578
-0.032207
-0.014874
-0.171627
0.059648
0.194366
-0.150289
-0.179714
-0.067951
-0.158466
-0.143708
-0.079807
-0.016369
-0.063696
0.171535
0.148518
0.035441
0.127969
-0.013166
-0.080947
-0.067994
-0.062356
0.051218
0.017835
0.017589
-0.008112
0.247128
0.149099
-0.103558
-0.147984
-0.081035
-0.237245
-0.164701
-0.225607
-0.030928
0.120139
0.297476
0.261645
0.272233
0.051076
0.072116
0.145650
0.051918
0.009457
0.139912
-0.039392
-0.136591
-0.213542
-0.214785
-0.125362
0.075690
0.111281
0.012676
0.008959
-0.064798
0.021430
-0.023022
-0.161174
-0.264142
-0.192052
-0.059353
-0.019954
-0.053213
0.033984
0.032435
-0.206477
0.070251
0.179338
0.108941
0.082813
0.319497
0.334479
0.281710
0.223702
-0.089885
-0.022749
0.092436
-0.136119
-0.108421
-0.089239
-0.129089
-0.165387
-0.205054
-0.194400
-0.032018
-0.101457
-0.199049
-0.296442
-0.238881
0.089546
0.171790
0.142806
0.020054
0.340745
0.220814
0.269727
0.221844
0.313012
0.024830
0.191733
-0.052001
-0.064485
-0.138189
-0.010695
-0.107757
-0.028810
-0.046895
-0.084308
-0.208136
-0.168723
-0.185198
-0.193356
-0.125168
-0.272161
-0.092517
-0.249009
0.097810
0.169320
0.264693
0.186246
0.270008
0.112565
0.145671
0.047395
0.056035
0.022619
0.009802
-0.020297
-0.175923
-0.125072
-0.195984
-0.028478
0.090415
0.082366
0.148008
0.145922
0.111208
0.063720
0.193495
0.226529
-0.106542
0.001246
-0.139899
-0.293916
-0.146829
-0.156283
-0.264468
-0.193339
-0.172787
-0.090244
-0.092758
0.097374
0.176667
0.198924
0.380530
0.236557
0.173785
0.080476
-0.064618
0.006501
0.030877
-0.196456
-0.225040
-0.264967
-0.056852
0.038452
0.243722
-0.083416
0.294073
-0.002208
0.154135
0.305312
0.226615
-0.084723
-0.233269
-0.351787
-0.386028
-0.301148
-0.109506
0.061304
0.128681
0.189282
-0.018239
-0.003484
-0.164580
-0.315225
-0.034028
-0.008543
-0.193839
0.159293
0.374795
0.233296
0.167761
-0.062587
0.160626
-0.009537
0.028840
0.146892
0.042172
0.110796
0.161098
0.086480
0.036175
-0.061685
-0.067610
-0.007025
0.161311
0.065407
-0.367045
-0.282313
-0.148640
-0.208340
0.071076
-0.229309
0.095921
0.118152
-0.042219
-0.026121
0.034034
-0.241730
-0.080218
0.022589
0.081326
0.163172
0.035676
-0.005462
-0.140593
-0.104326
0.114595
0.105377
0.142446
0.113184
0.133255
-0.019159
0.200895
0.134046
0.007422
0.129464
0.000801
-0.001316
-0.197581
-0.270069
-0.321072
-0.375118
-0.078164
0.235588
-0.011981
-0.137818
0.116506
0.055089
0.181585
0.190597
0.202513
0.170693
-0.058351
-0.011139
0.175681
-0.056929
0.091138
-0.156043
-0.133759
0.011267
0.087739
0.217771
-0.077107
-0.010756
-0.136568
-0.016051
-0.119959
-0.239168
-0.313580
-0.143045
-0.130790
-0.062153
0.062975
0.000027
0.025690
0.083089
-0.020497
-0.044058
0.182362
0.077301
0.143782
0.265277
0.038158
-0.094979
-0.035587
0.142585
0.210010
0.082562
-0.218225
-0.085975
-0.059236
0.332273
0.241750
0.205140
0.051452
0.183758
-0.088087
-0.275464
-0.399933
-0.189725
-0.232486
-0.160275
-0.030314
-0.225367
-0.136875
-0.140738
-0.038918
0.205921
0.404829
0.168225
0.071588
0.050763
0.144473
0.054956
-0.138584
-0.108798
0.007672
0.072722
0.036661
0.061409
0.180218
-0.018875
-0.021218
0.069531
-0.033122
-0.133311
-0.286665
-0.070738
-0.160602
-0.229372
-0.146939
-0.083364
-0.107663
0.098943
0.140002
0.223834
0.237402
0.206021
0.041769
0.077670
0.031815
-0.021554
0.096911
0.134034
0.237536
-0.119170
0.111313
-0.008592
0.021849
0.171754
-0.043969
-0.113919
-0.205193
-0.135057
0.005000
-0.103637
-0.073283
0.034202
-0.111910
-0.133878
-0.128694
-0.053622
-0.083027
-0.116600
-0.157212
-0.172126
-0.122699
-0.015689
-0.160590
-0.104396
0.109919
0.105143
0.182273
0.180736
0.224901
0.390864
0.196440
0.009105
0.204321
0.196605
0.100784
-0.009984
0.024500
-0.011789
0.001935
0.185344
0.183704
-0.018255
-0.163728
0.092083
-0.164318
-0.299620
-0.154620
0.107634
-0.213805
-0.492120
-0.475590
-0.298795
-0.147835
0.166415
0.205672
0.101947
0.125390
0.039368
0.187519
0.151193
0.003535
-0.220969
-0.100258
0.023124
0.086522
0.078230
0.014616
0.293121
0.129565
0.071078
-0.003292
-0.088064
0.068044
0.064111
0.081568
0.107131
0.139464
0.103831
-0.049672
0.034675
-0.102959
-0.092089
-0.237130
-0.210325
-0.263518
-0.090892
0.082609
0.029548
-0.195182
-0.088239
0.066504
0.162714
0.116300
0.042186
0.019028
-0.002879
0.026695
0.136988
0.027030
0.098487
-0.039339
-0.138968
0.010004
0.186098
0.126547
0.072064
-0.183297
-0.100586
-0.097449
-0.148349
-0.230323
0.000978
-0.013513
0.108422
0.071937
0.245306
-0.146455
0.078484
0.271821
-0.064596
0.079821
-0.065161
-0.107206
-0.176529
-0.137599
-0.141446
-0.110240
0.054575
-0.152517
-0.068986
0.149516
0.132019
0.206370
0.237016
0.133071
0.117199
0.136643
0.160272
0.086112
0.032122
0.065092
-0.096236
-0.209240
-0.121921
-0.262869
-0.045575
-0.045667
-0.171648
-0.142694
0.016639
-0.174581
-0.024616
-0.013102
-0.123948
-0.133501
0.217942
-0.025532
0.135883
0.281974
-0.006041
-0.081606
0.027933
0.173402
0.335005
0.069200
-0.057245
-0.153277
0.113230
0.189505
-0.038221
-0.202674
-0.068764
-0.147741
-0.089235
0.016137
-0.224029
0.083873
-0.110089
-0.029797
-0.060952
-0.065761
-0.036219
-0.010590
0.313860
0.336158
0.026137
0.121939
-0.004258
-0.103880
-0.058117
-0.054406
0.079843
0.048067
-0.226164
