-0.327856
0.273863
0.446481
-0.212878
-0.164696
-0.109538
0.415803
0.184639
-0.388402
0.087415
-0.103941
-0.186056
-0.023796
-0.054485
0.164055
-0.114546
-0.379721
0.020315
0.365010
0.002757
-0.168228
0.301340
0.266271
-0.067598
-0.308426
-0.177631
0.197731
0.034027
0.019692
0.141347
0.229494
-0.044058
-0.293161
0.027711
0.205873
-0.105865
-0.394737
0.105984
0.191950
-0.014659
-0.256984
-0.216641
0.269764
-0.098153
-0.101710
0.299966
0.028063
0.025131
0.145955
0.014495
-0.479538
-0.059736
0.171591
-0.141160
-0.090591
0.421987
0.246401
-0.030760
0.121428
0.175059
0.391989
0.080022
-0.040114
-0.055429
-0.211787
-0.645325
0.081621
0.215155
-0.058878
-0.121861
-0.392812
0.175675
0.304766
-0.406748
-0.462224
-0.276619
-0.057935
0.193199
0.003531
-0.148531
-0.235329
0.143521
0.335011
0.046287
0.011246
0.535379
0.510141
0.197409
0.267216
0.241546
-0.167678
0.151448
-0.182623
-0.010388
-0.211268
0.048005
-0.332751
0.060529
-0.170332
-0.274647
-0.049103
-0.073946
-0.183910
-0.108794
0.263501
-0.023913
0.079591
-0.133733
-0.152565
-0.383467
-0.070383
0.211380
-0.100962
0.236193
-0.083709
0.475632
0.316571
0.202971
0.045627
0.037751
-0.157327
-0.039798
-0.048353
-0.028564
-0.330582
0.165164
-0.237689
-0.237403
0.297158
-0.010367
-0.210496
0.001510
0.059725
-0.194874
0.180600
0.341944
0.022261
0.105805
-0.147672
0.309610
0.238793
-0.162729
0.166724
-0.180460
-0.159905
-0.092155
-0.009998
-0.053701
0.072964
-0.149405
-0.071195
-0.032901
-0.031430
-0.303863
-0.271071
0.184761
0.182714
0.051113
0.355578
0.070886
-0.062083
0.068976
0.372230
-0.073609
-0.040923
-0.113994
-0.605029
-0.345353
-0.112577
0.001087
0.418910
-0.286918
0.254489
0.103177
0.106106
-0.238283
0.270198
-0.100579
0.048582
0.188176
0.321571
0.112766
-0.239853
0.139054
0.156316
0.106842
0.199163
0.247048
-0.245971
0.032064
-0.431998
-0.135422
-0.357483
-0.199859
0.085390
0.437677
-0.024602
-0.048183
-0.324270
-0.325029
-0.273853
-0.150308
-0.189332
0.273184
0.266578
0.225195
0.041686
-0.200766
0.295690
0.175663
-0.185913
0.271004
-0.112995
-0.027214
-0.004045
0.014197
0.023703
0.125187
0.250906
-0.135607
0.058946
0.214644
0.081127
-0.064469
0.112974
0.100043
-0.311457
-0.455997
0.246049
-0.200853
-0.038566
-0.097895
0.120693
0.358579
-0.071469
0.124736
-0.155916
-0.320013
0.120413
0.245673
-0.013097
-0.182192
-0.506317
0.174470
-0.414521
-0.047177
-0.086877
-0.136426
0.004612
0.005693
0.287470
-0.173962
0.455386
0.390786
0.084406
0.432449
0.070683
0.115122
-0.135057
-0.382625
0.034877
0.253960
-0.143459
-0.220554
-0.002086
-0.382670
0.059864
0.067021
0.660920
0.160166
0.125047
0.017654
-0.148314
0.013186
-0.237629
-0.206697
-0.400221
-0.269400
-0.018935
-0.256433
-0.305794
0.104053
0.402316
-0.115647
-0.151745
0.419858
0.126889
-0.044657
0.141226
0.024413
0.066396
-0.176595
0.099099
-0.037182
0.061351
0.242010
-0.134520
0.206048
-0.404049
0.090191
0.022857
0.067987
0.429498
0.021430
0.188670
-0.025478
-0.456709
0.178306
0.161557
0.145822
-0.082158
-0.000039
-0.402954
-0.544768
-0.032725
-0.358949
-0.134125
0.411670
0.420869
-0.115793
0.087440
0.058510
0.287269
-0.049466
-0.171704
-0.132779
-0.223078
-0.409244
0.192739
0.262660
-0.210634
0.288845
-0.021758
0.220466
0.211999
-0.017215
0.353753
-0.035507
-0.045650
0.028204
-0.162214
-0.247159
-0.350149
0.267338
0.084090
-0.061950
0.125052
-0.546030
-0.119993
0.304104
-0.161059
-0.112896
0.104444
0.277312
0.253942
-0.149777
0.123980
0.364319
-0.078960
-0.143694
-0.002087
0.273237
-0.325385
-0.240141
-0.190585
0.250746
0.114854
0.016559
0.097014
0.135407
-0.078796
-0.345058
0.105652
-0.159350
-0.404731
-0.190574
-0.359322
0.082110
-0.008973
0.022317
0.559344
0.362425
0.250567
0.102130
0.118527
0.017182
-0.122028
-0.060678
0.138722
0.054167
-0.491318
-0.569004
0.250284
0.070156
0.142843
0.100590
-0.130534
-0.120427
0.847964
0.099456
-0.299705
-0.409464
-0.048269
-0.059294
-0.289428
0.504191
0.143146
0.269232
-0.573426
-0.511607
-0.016319
0.170862
0.479340
0.064526
-0.058413
0.243178
0.208006
-0.176226
0.137022
0.481974
0.088091
-0.224377
-0.104422
-0.459475
-0.289538
-0.406844
-0.031080
-0.088884
0.129904
-0.233182
-0.188148
0.326978
0.139093
-0.033822
0.007400
-0.040089
0.136074
0.063870
-0.035655
-0.313737
0.073731
0.358803
0.239594
-0.015639
0.224200
0.064688
-0.285670
-0.122860
0.689672
0.448111
-0.465346
0.067141
0.572243
-0.192745
-0.522436
-0.251744
-0.021419
0.026371
0.068804
-0.175294
-0.163562
-0.440592
-0.026644
0.076102
0.279142
-0.335049
-0.581431
0.028010
-0.040987
0.257550
0.474796
0.105293
0.162777
0.289294
0.101566
0.334061
-0.305862
-0.052446
-0.120953
-0.390171
0.158229
-0.044492
-0.242759
0.204908
-0.316761
-0.018183
0.011978
0.295172
0.271351
-0.175476
0.101404
0.037758
-0.080369
0.446977
-0.324022
-0.028435
0.202804
-0.063841
0.069195
-0.161688
0.007569
-0.051674
0.106157
-0.070222
0.188797
-0.008960
-0.055217
-0.037187
0.050284
-0.266915
-0.117217
0.042748
0.368162
-0.112464
0.094824
-0.256068
-0.459738
-0.021512
-0.166085
-0.184951
0.143737
-0.173723
0.089570
0.253604
0.135196
-0.174208
-0.334955
0.042383
0.577698
0.179767
-0.287194
0.418914
0.292504
0.719777
-0.058044
-0.309234
-0.343873
0.224055
-0.187236
-0.075723
-0.176141
0.037864
-0.185799
0.147080
0.309030
0.096797
0.169401
-0.622973
0.063982
-0.082078
-0.050989
-0.363316
-0.260619
0.218904
0.220460
-0.190129
-0.052047
0.144570
0.158713
-0.033776
0.138244
-0.272651
0.001471
-0.287564
0.121364
0.214435
0.149848
-0.083264
0.052720
-0.372788
-0.021592
0.158150
0.166849
-0.086165
-0.173433
0.379241
0.110432
-0.045499
0.107902
0.052263
-0.199639
0.201122
0.107693
0.118252
-0.050953
-0.136022
0.122341
0.248562
0.056402
0.320629
-0.131449
-0.299367
-0.218403
0.002538
-0.054872
-0.549862
-0.037912
-0.176238
-0.250466
0.199366
-0.000511
0.070971
0.007653
0.133232
0.027775
-0.285960
0.061320
0.336683
0.149775
0.088637
-0.006911
-0.161221
-0.086058
-0.064269
-0.178809
0.161948
0.187808
0.001068
0.372687
-0.276900
0.278901
0.138599
-0.247082
-0.108372
-0.051344
0.048739
0.092812
0.149664
-0.110809
-0.301459
0.136880
0.140137
0.024006
0.198246
-0.164803
0.059344
-0.250866
0.247368
0.153120
-0.079300
-0.115338
0.145485
-0.335384
-0.203150
-0.142089
0.007287
-0.246972
-0.041616
0.038568
0.491461
-0.028636
-0.024093
-0.170292
-0.014205
-0.007051
-0.150317
-0.248893
0.091474
0.093913
0.136939
0.172715
-0.226093
0.224844
0.443477
0.118644
-0.102025
-0.076051
0.176787
0.351841
-0.162053
-0.100427
-0.088134
0.039239
0.089187
-0.284518
-0.069831
0.049166
-0.025477
-0.106095
0.183175
-0.122683
-0.411936
0.258200
-0.434623
0.131133
0.221144
0.035799
-0.123520
-0.055558
0.416086
-0.376832
-0.299820
0.521287
-0.121861
0.052686
-0.040024
-0.319760
-0.144235
0.090056
-0.059307
0.234192
0.084553
0.079663
0.107149
0.433989
-0.232293
0.131743
0.234270
0.331784
-0.139763
-0.533927
-0.009130
-0.213207
0.081351
0.080404
0.105638
-0.029620
-0.018137
-0.046235
-0.415338
0.237995
-0.259511
-0.164863
0.276756
-0.112458
-0.139943
0.348690
-0.126660
-0.241207
-0.291723
0.195747
0.617184
0.325588
-0.246790
-0.053999
0.302076
0.003861
-0.417842
0.168831
-0.346203
0.069438
0.416157
0.149535
-0.244490
0.050004
-0.107222
0.072861
-0.323635
0.166138
-0.350307
0.044908
-0.045635
0.043173
0.216396
-0.016497
0.382272
0.240776
-0.330622
-0.141934
-0.362836
-0.254444
0.274861
-0.070033
0.302631
0.506134
-0.096951
-0.039273
0.498330
0.017385
-0.397829
0.125967
0.142913
-0.426985
-0.204594
0.200779
-0.820212
-0.633228
-0.220614
-0.019442
0.120895
0.386521
0.051359
0.047855
0.330166
0.197076
-0.279222
0.068921
0.200475
0.033458
-0.144270
-0.205943
0.055143
0.471686
-0.020542
0.253635
0.417751
0.353550
0.644159
-0.322201
0.122686
0.340442
0.011307
-0.087467
-0.537490
-0.322566
-0.741466
-0.633492
-0.153421
-0.049150
0.207432
-0.045764
-0.273561
0.018261
-0.371040
0.322864
0.252164
0.036846
0.442228
-0.011056
-0.197435
0.136514
-0.090811
-0.083045
-0.232088
0.580268
-0.069928
-0.097640
0.350713
0.285881
0.060121
-0.156685
-0.038559
0.003936
0.210089
0.354001
-0.149163
-0.011612
-0.245037
-0.087174
-0.119536
-0.370273
-0.355264
0.280641
0.089501
-0.156377
-0.209525
-0.038291
-0.000435
0.287679
0.281271
0.154883
0.129960
0.072542
0.278100
-0.034108
-0.102278
-0.070563
-0.437039
0.119936
-0.030831
-0.183793
-0.001537
0.082203
0.096055
-0.023033
-0.116955
-0.288074
-0.078789
0.019746
-0.389915
0.108819
0.149037
-0.133820
-0.218001
0.378724
0.120240
0.313355
0.042378
0.160864
-0.170453
0.122985
0.157015
-0.192663
0.004610
0.231146
0.392338
-0.209412
-0.169274
-0.183683
0.233772
-0.204547
-0.199035
0.575069
-0.101466
0.111427
0.600742
-0.138947
-0.872801
-0.026537
-0.749467
-0.020993
-0.309281
0.616017
0.420232
-0.003295
-0.011088
0.039983
0.070797
-0.269793
-0.010395
-0.043843
0.110765
0.180997
-0.319802
-0.674720
0.067315
-0.076148
0.279614
0.019297
0.275730
0.093778
0.196869
0.047023
0.083571
0.096515
-0.021093
-0.052800
0.143998
0.143534
-0.152871
0.029160
0.055856
-0.090239
0.117528
0.060947
-0.386427
-0.195875
0.194744
-0.049711
0.102800
-0.086136
-0.018631
0.147398
0.502282
-0.025620
-0.358846
-0.065820
0.030244
-0.237164
-0.122955
0.138336
-0.497465
-0.152549
0.310465
-0.188612
0.455889
-0.355838
-0.070051
0.030117
0.182977
0.440541
-0.272407
-0.074825
-0.185586
-0.134873
0.554170
-0.080752
-0.462184
0.239670
-0.103203
0.359622
0.279631
-0.061790
-0.175479
0.080847
0.008728
0.405701
0.094573
0.030300
-0.238050
-0.382346
-0.111544
0.275850
-0.198039
0.188943
-0.260182
0.141143
-0.029546
0.348666
0.104775
-0.545594
0.134431
-0.064560
-0.017524
-0.568860
0.347565
-0.168438
0.069723
-0.031065
-0.184400
0.069194
0.344098
0.286844
0.297337
-0.549182
0.347752
-0.249112
-0.278352
-0.295045
0.185494
0.372740
-0.140942
-0.078511
-0.409279
0.308968
0.559121
-0.180425
0.288071
-0.112228
-0.071489
0.186338
-0.232728
-0.220264
0.017163
-0.011665
0.093832
0.321490
-0.168201
-0.151413
-0.068233
-0.025337
0.084985
-0.146383
0.228880
-0.213548
0.150241
-0.123987
0.048940
0.226642
-0.132093
0.167389
-0.190586
-0.034578
0.178388
0.391684
0.346677
-0.082128
-0.302143
0.081167
-0.672492
-0.211545
-0.270117
-0.165638
0.396070
-0.253759
-0.214378
0.004613
0.136066
-0.010958
0.175586
0.213639
-0.080478
0.015988
0.060804
-0.046234
0.055680
0.381021
0.087491
0.166867
0.321171
-0.402380
-0.232892
0.480707
-0.102621
-0.408297
0.331895
0.170643
0.254201
-0.068512
0.230049
0.167190
-0.109230
-0.384537
-0.346878
-0.593171
0.016154
-0.236127
-0.454673
0.366774
0.103723
-0.373399
0.071804
-0.192775
-0.106927
0.620464
0.153320
-0.231134
0.319108
0.138568
0.242387
0.285392
-0.030467
0.099841
0.568038
-0.364871
-0.363817
-0.410536
-0.071088
0.468335
0.025772
0.260249
-0.179636
0.180866
0.389494
-0.490165
-0.377123
-0.228042
-0.238565
-0.118635
-0.262342
0.113146
0.264945
-0.086617
-0.035105
-0.506801
-0.036688
0.023647
0.220120
0.240350
0.769695
0.584475
-0.098756
0.004446
0.012586
-0.240200
-0.064290
-0.052987
-0.223374
-0.151272
