-0.186732
0.503186
0.011995
-0.258505
0.021502
0.013717
0.093000
-0.149847
-0.069251
0.333437
0.067054
-0.212889
-0.172706
-0.113971
-0.110600
-0.105264
-0.343157
-0.020702
0.269442
-0.135336
0.251418
0.211060
0.126727
-0.034702
0.055029
-0.006013
0.341598
-0.144430
0.053118
-0.000941
0.025305
-0.069214
0.058065
0.020100
-0.009664
-0.103976
-0.052157
-0.128632
-0.215781
0.153164
0.008842
-0.397738
-0.392338
0.074048
0.281539
0.189887
0.311564
-0.048689
0.153329
0.072944
-0.291174
0.003176
0.367588
0.211621
-0.159787
-0.085196
-0.240426
0.000006
0.005355
-0.203372
0.206736
0.329255
0.111842
0.304685
0.064037
-0.388307
-0.139450
-0.255919
-0.259263
-0.171505
-0.070062
-0.295296
-0.088763
0.088960
0.148884
0.006938
0.182443
-0.056551
-0.039972
-0.085327
-0.248926
-0.011580
0.663222
0.184978
0.045756
0.301945
0.149092
0.342853
0.277078
-0.068998
0.134550
-0.038176
-0.110732
-0.170209
-0.119075
-0.327443
-0.208813
-0.243570
-0.184171
0.048706
-0.501262
0.106990
0.033238
-0.061214
0.039064
0.099245
-0.102844
-0.181266
0.137630
0.175711
0.230200
0.101181
-0.184746
0.003263
0.145418
-0.085739
0.126346
0.199077
0.085797
-0.022915
0.098175
-0.062232
-0.123991
0.159056
0.146205
0.113474
0.091935
-0.396393
0.000693
-0.231506
-0.115067
0.066929
0.145271
-0.063901
-0.022132
0.058587
0.144090
-0.071579
-0.006537
0.001068
0.136280
-0.276747
-0.307418
0.106868
-0.146026
-0.115194
0.155195
0.192476
0.049497
0.073673
-0.071916
0.171033
0.264887
0.035350
-0.051575
0.030257
0.004768
-0.045260
-0.070528
0.018530
-0.020561
-0.104164
-0.039888
-0.289691
-0.466993
-0.253197
-0.087798
0.114594
0.141713
0.136780
0.279530
0.169423
0.254707
0.073279
-0.039900
-0.163696
0.181163
0.206623
0.099754
-0.038439
-0.177579
0.000085
0.018430
-0.087220
-0.001354
0.149864
0.145578
0.000758
-0.030828
0.198412
-0.117977
-0.067432
-0.055508
-0.222244
-0.149483
-0.168339
-0.121163
-0.213631
-0.113419
0.004781
-0.065210
-0.125013
0.534190
0.412123
-0.153321
0.115147
-0.172347
-0.174432
0.176924
-0.028739
-0.267083
0.156627
-0.114891
-0.195950
-0.431910
-0.263317
-0.002106
0.617105
0.542024
0.301947
0.143777
0.018541
0.361189
0.265347
0.190193
0.239607
0.099000
-0.404263
-0.403922
-0.500722
-0.478904
0.008642
0.046117
-0.075081
0.225381
-0.289627
-0.117444
0.205845
-0.204723
0.016300
-0.058810
-0.189072
0.130157
-0.007725
0.240664
0.267052
-0.244175
0.054589
0.168796
0.287505
0.084362
0.042033
-0.029970
-0.075159
0.059754
-0.006389
-0.241922
-0.527777
-0.353680
-0.331700
0.008208
-0.212736
0.227098
0.578996
0.358009
0.297446
0.365022
0.323716
-0.091463
-0.092026
0.151238
0.053977
-0.144705
0.138307
0.299049
0.004414
-0.269665
-0.328563
-0.274021
-0.282268
-0.297020
-0.064514
0.186337
-0.127170
-0.167222
0.002852
-0.009662
-0.038156
0.039154
0.045959
0.123448
-0.184986
-0.208678
0.073037
0.081380
-0.001681
0.129840
0.081844
-0.092061
0.101464
0.487602
0.217005
-0.196071
-0.153325
0.041676
-0.187989
0.223556
0.289427
0.263601
0.286012
-0.212992
-0.086275
-0.007944
-0.096839
0.007851
0.023829
0.109548
-0.123473
-0.180899
-0.154578
-0.017348
-0.094907
-0.455192
0.092084
-0.157868
-0.286276
-0.065113
-0.175786
-0.181599
-0.173231
0.285307
0.351841
0.256141
-0.035891
0.016783
0.229644
0.412780
0.444609
0.158175
0.113442
-0.044098
-0.105026
-0.371951
-0.205525
-0.074392
-0.165819
-0.107925
-0.026494
0.002534
0.533047
0.104673
-0.312864
-0.186943
-0.247614
0.120078
-0.104291
-0.009280
-0.049991
0.031000
0.084469
0.433183
0.238179
-0.032946
0.158723
-0.249978
0.026560
-0.328533
-0.385021
-0.022001
-0.025804
0.074532
-0.178643
-0.107019
0.169227
-0.036557
0.099825
0.175952
0.194649
0.212219
0.340645
-0.344189
-0.292851
0.356499
-0.103904
-0.047704
0.094963
0.078508
-0.139386
-0.382540
0.224684
-0.002241
-0.209944
0.249436
0.326883
-0.138843
-0.115630
0.023697
0.049108
-0.219609
-0.088933
0.163976
-0.018334
0.181574
-0.049569
0.208597
0.092900
0.008960
-0.065580
-0.266323
-0.334143
-0.204588
-0.006289
-0.256759
-0.094273
0.096306
0.000014
0.094021
-0.032484
0.132993
0.088918
0.061704
0.332490
0.336282
0.156786
-0.162937
0.075050
0.062605
-0.004716
0.040711
-0.287436
-0.125516
0.002286
-0.021658
-0.312999
-0.030658
0.055905
0.016194
-0.057288
0.046101
0.227251
0.244123
0.163820
0.090358
0.067336
0.048818
-0.049519
-0.314708
-0.121164
-0.120524
-0.088548
-0.098177
0.034028
0.075708
0.016350
-0.098557
-0.226258
0.101643
0.222858
0.086652
-0.198279
-0.149664
-0.191640
0.050743
-0.019931
0.067931
-0.144895
0.063225
0.194567
0.149103
-0.066402
-0.146771
-0.011048
0.139690
-0.194657
0.183261
0.298233
0.030074
0.400890
0.061004
-0.224102
-0.044158
-0.130697
-0.114056
0.146932
0.369337
0.431609
0.108251
0.014814
-0.041426
0.375720
-0.497258
-0.647613
-0.433181
-0.364370
-0.157395
-0.128700
-0.298236
-0.017924
-0.206574
0.276477
0.359113
0.137325
0.243373
0.157612
0.139561
0.102323
-0.050667
-0.056411
-0.207684
0.014967
0.188519
0.050697
0.004680
0.010402
-0.116204
0.195501
0.156264
-0.062889
-0.076916
-0.134886
-0.064556
-0.192121
-0.082494
-0.307743
-0.038567
0.208224
0.319958
-0.052313
0.238152
0.194858
0.338642
0.268321
0.227151
0.104532
-0.150729
0.032423
-0.154873
-0.451089
-0.387377
-0.296847
-0.032905
-0.189026
-0.061236
-0.062640
-0.186075
0.116123
0.058966
-0.018026
-0.214363
0.166298
0.287355
0.244425
0.433155
-0.108707
-0.053894
-0.188363
-0.165420
0.181018
0.055331
0.039505
-0.022600
-0.050131
-0.193885
-0.039473
-0.521120
-0.114166
-0.186985
-0.008412
0.433655
0.451982
0.208604
0.403741
0.186575
0.215365
0.304853
0.166644
0.225979
-0.198734
-0.142649
-0.296945
-0.476473
-0.654375
-0.259673
0.023787
0.259087
0.093336
0.185254
-0.152184
-0.270796
-0.419228
0.102941
0.172577
0.069466
-0.127401
-0.266701
-0.177810
0.563157
0.673748
0.448586
0.524672
-0.320340
-0.520023
-0.564588
-0.226318
-0.285509
-0.265131
-0.176627
0.067373
0.201608
0.112685
0.007584
0.300434
0.269915
0.353640
0.214845
0.217675
0.424257
0.268001
-0.154604
-0.328571
-0.003621
-0.021575
-0.355870
-0.235884
-0.231094
-0.073451
-0.043017
-0.183361
0.262269
0.503221
-0.265241
-0.252486
0.100926
0.067112
0.090518
0.037683
-0.209724
0.104504
-0.191836
0.288268
0.095647
-0.438898
-0.120475
-0.036640
-0.056981
-0.194751
-0.394689
-0.119864
-0.085354
-0.146197
0.125780
0.160334
0.186282
0.183992
0.066480
0.259583
0.230441
0.089613
0.136027
0.118966
0.077506
0.579319
0.609685
0.240822
0.139879
-0.193672
0.002430
-0.282998
-0.604942
-0.529760
-0.227651
-0.110798
0.008258
-0.005713
-0.118198
-0.460710
-0.450219
0.136315
-0.113645
0.058863
0.386809
0.039656
0.047619
0.100819
-0.003039
-0.262090
0.060381
0.397916
0.156878
0.113468
-0.072685
-0.113404
0.232387
0.075462
-0.015049
-0.133917
0.126073
-0.152995
0.072840
-0.069965
-0.025770
0.354463
0.047965
-0.155379
0.108161
-0.097126
-0.104230
0.016981
0.086879
-0.193714
-0.177705
0.083700
0.104578
0.007075
-0.170723
-0.081547
-0.004003
0.094909
0.295443
-0.141760
0.030365
-0.040643
0.658627
0.047702
-0.105747
-0.294280
-0.582535
-0.332101
-0.113763
0.261428
0.184051
0.082755
-0.101207
0.144515
0.005655
0.075231
-0.064912
-0.150023
-0.215780
0.075786
0.014130
-0.125291
0.197141
0.214835
0.016766
-0.092467
0.019216
0.170711
0.071331
0.132461
0.122723
-0.035821
0.197420
-0.146259
0.034864
-0.087637
-0.129112
-0.024174
-0.360229
-0.192804
0.022818
0.121021
0.321362
-0.096476
0.033819
0.017354
-0.163986
-0.231650
0.063366
-0.027072
-0.103481
-0.146703
-0.026167
-0.205398
0.264171
0.271194
0.157336
0.101281
0.101615
0.077909
-0.026729
-0.045828
0.027948
0.254008
0.209409
0.128151
0.167993
0.460870
-0.010632
-0.671591
-0.484842
0.089888
0.423956
-0.249527
-0.219622
-0.267700
0.051958
-0.091400
-0.151103
-0.056172
-0.163105
-0.450126
-0.254399
0.107894
0.511968
0.117132
0.225898
0.166293
0.126674
-0.478763
-0.002101
0.175670
-0.197764
0.163888
0.077711
0.421525
-0.112961
-0.205053
-0.003578
0.189880
0.096650
-0.179532
0.183787
0.358087
-0.150647
-0.429823
0.001414
0.126483
-0.041788
0.132415
0.000994
-0.002894
-0.176016
0.017897
0.033370
0.034033
0.035543
-0.007171
-0.162049
-0.096502
-0.012177
0.158037
0.136997
0.059949
-0.041616
-0.015421
-0.295162
-0.423882
-0.116477
-0.251215
0.074737
0.143959
-0.115902
0.438414
0.543215
0.219878
0.139266
-0.115265
-0.016920
-0.147032
-0.219111
0.038001
-0.004395
-0.036178
-0.096421
-0.038451
0.146301
-0.134644
-0.038665
0.074365
0.200697
0.058719
-0.077579
0.328923
-0.044177
-0.235144
0.000334
-0.040703
-0.405292
0.125785
-0.013258
0.104463
-0.273670
-0.281207
0.119421
-0.154715
-0.185827
0.119811
0.250984
0.110155
0.275190
0.387345
0.161830
-0.113639
0.065275
-0.003233
0.146890
0.043341
-0.193823
0.052881
-0.114435
-0.378369
-0.015993
-0.216022
0.303435
0.438138
-0.197987
-0.373519
0.016405
-0.010672
-0.172886
-0.093278
0.298623
-0.042116
-0.219552
-0.159264
-0.384181
-0.108021
-0.085822
0.228221
0.108714
0.502479
0.040082
0.252014
0.119357
0.280565
0.313418
0.077549
-0.093907
-0.278323
-0.091424
0.052765
-0.055112
-0.229681
-0.163797
-0.031886
-0.071578
-0.108139
-0.083136
0.039453
-0.051696
-0.149085
-0.104413
0.099596
0.168164
-0.225668
-0.155231
0.264513
0.255384
0.366986
0.298489
0.076063
0.040383
-0.204042
0.260524
0.274806
0.192733
-0.594560
-0.816166
-0.459112
-0.121260
0.217331
-0.023485
0.023772
0.104597
-0.059997
0.009949
0.022560
0.230815
0.039980
0.257168
0.238971
-0.027589
-0.086556
-0.062267
0.097152
-0.035981
-0.213546
-0.012447
0.215317
0.097415
0.306565
-0.240169
-0.110307
-0.195383
-0.167473
0.139293
-0.267363
0.174978
0.207648
0.022036
-0.317410
-0.016194
0.055272
0.219098
0.024979
0.248378
0.271839
-0.269288
0.029543
0.011247
0.091818
0.302962
-0.314128
-0.439887
-0.150981
-0.062106
-0.275518
-0.098946
-0.219254
0.015265
0.194048
0.306625
0.144037
-0.018907
-0.105516
0.184188
0.068886
-0.077477
0.167686
0.243952
0.038471
-0.349305
-0.062240
-0.045029
-0.301834
0.051631
-0.210851
0.287687
0.026349
0.142119
0.028039
-0.075730
0.122326
0.312253
0.233701
0.133841
0.056073
0.115554
0.118742
-0.184296
-0.566770
0.017153
0.401441
0.052892
0.070219
-0.086259
-0.370632
-0.169711
-0.046639
-0.108206
-0.139122
-0.113878
-0.102689
-0.080023
-0.176626
-0.271944
-0.054902
-0.185627
-0.270982
-0.003527
0.191498
0.063611
0.301561
0.227293
0.142715
0.425521
0.201020
0.224740
0.207538
0.137076
-0.136237
0.166120
0.205851
0.254017
0.034511
0.106682
-0.277197
-0.132443
-0.055860
-0.182861
-0.034541
0.226868
-0.258646
-0.436422
0.237059
-0.190033
-0.463422
-0.249114
-0.100104
0.040811
-0.048579
0.069906
-0.129424
-0.016657
-0.105593
0.278357
0.242226
-0.096856
-0.204015
-0.322686
0.046875
0.028534
-0.017358
0.236713
0.374211
0.286399
-0.023110
-0.235398
0.198981
0.072946
0.077110
0.059293
-0.100818
0.268156
0.327281
0.052446
0.214591
-0.081391
0.087038
-0.142306
-0.008969
0.154344
-0.146933
0.106370
-0.245960
-0.402024
0.199790
-0.464667
-0.228893
-0.232773
-0.115644
-0.707946
0.055771
0.224114
0.203298
0.314566
0.288032
0.176428
