0.000000
0.000000
-0.228881
0.068229
0.139543
0.038665
-0.089837
-0.288380
-0.175808
0.177988
0.056636
0.362529
0.419947
0.108310
-0.055325
-0.066378
-0.282802
-0.225758
-0.034587
0.292933
0.297913
0.120399
-0.380298
-0.296819
-0.261161
-0.185218
-0.090873
0.284172
0.060934
0.040465
0.202028
0.250125
-0.120027
-0.225836
-0.333680
0.382147
0.063860
0.090871
-0.048065
0.040939
0.237353
0.188573
0.214753
0.012555
-0.552772
-0.332172
-0.208844
-0.089821
0.085549
0.184139
-0.098552
-0.231729
-0.098452
0.029155
-0.020588
0.038991
0.228967
0.333261
0.211794
0.127386
-0.124405
-0.147731
-0.023451
0.260067
0.104984
0.188295
0.051177
-0.179563
-0.348341
-0.120568
-0.116107
-0.063501
-0.048917
-0.123318
-0.040431
-0.161509
-0.052151
0.177562
0.265232
0.242080
-0.011194
-0.116809
0.028670
0.100542
-0.026247
0.016982
0.025630
0.100756
-0.016215
0.185353
-0.095130
-0.043617
0.156886
0.071451
0.075366
-0.369623
-0.537507
-0.297634
0.035684
0.051465
0.080451
0.128118
0.040913
0.088255
0.167073
0.045878
0.237503
0.282444
0.051106
0.074489
-0.333835
-0.270253
-0.173116
-0.202889
-0.352613
-0.062564
0.113562
0.243453
0.402879
0.242522
0.000000
0.000000
0.254344
0.109912
-0.125486
-0.070753
-0.179670
-0.196610
-0.375309
-0.258370
-0.040211
0.217076
0.497320
0.072187
-0.192624
-0.178386
0.034159
-0.122578
-0.326928
0.069786
0.157452
0.524548
0.272223
0.014516
0.244844
0.187059
0.043766
-0.066268
-0.002143
0.047356
0.163014
-0.056811
-0.216251
-0.511560
-0.670615
-0.473259
-0.043836
-0.317762
-0.182221
0.100735
0.219692
0.287103
0.353771
0.228434
0.279842
0.111164
-0.123980
0.115096
-0.083909
0.124959
0.098965
0.045356
0.007738
-0.069683
0.104474
-0.033607
-0.099517
0.007634
-0.047800
-0.036408
-0.164664
-0.067265
0.172182
0.059002
0.194497
0.046415
0.027623
-0.230813
-0.351200
0.037626
0.006935
0.135933
0.241744
0.115296
-0.087805
-0.030293
-0.226173
-0.175619
0.059898
0.011350
-0.227275
-0.135432
0.031291
0.063849
-0.091208
-0.082914
0.183095
0.003869
-0.022767
0.229697
0.126154
-0.064668
0.135229
0.247138
0.139059
0.211316
0.230457
-0.086810
-0.167102
-0.220327
-0.512713
-0.443250
-0.077379
-0.005062
0.025885
0.059395
0.260932
0.042890
0.014668
0.114541
0.020368
0.079843
0.055118
0.033959
-0.084854
-0.017305
0.038975
0.017802
0.270484
-0.139619
-0.125475
0.279123
0.251612
0.124620
-0.143818
-0.301000
-0.240323
-0.132570
0.022249
0.288978
0.158345
0.009632
0.206841
-0.199492
-0.186528
-0.083161
-0.205572
-0.221812
-0.315253
-0.086791
-0.041954
0.049600
0.184899
0.180356
0.234669
-0.074815
-0.140924
-0.114873
0.081809
0.169863
-0.086900
0.015687
0.211204
0.004690
-0.017488
-0.221864
0.098639
0.311338
0.175302
0.175139
0.137499
0.024467
-0.045981
-0.137796
-0.095413
-0.049770
0.096884
0.009276
-0.075888
0.120356
0.265288
-0.228888
-0.207315
-0.045397
-0.211537
-0.182133
-0.012763
0.054670
-0.138180
-0.038334
0.020284
0.110179
0.165419
-0.035556
-0.278052
-0.442482
-0.151090
0.063867
0.367221
0.143685
0.073798
0.189556
-0.102000
0.082618
0.211242
-0.102378
-0.088527
0.046730
0.012791
-0.189095
-0.030607
0.001247
-0.089867
-0.035534
0.146424
0.183533
-0.064197
0.421988
0.530821
0.416722
0.031362
-0.170576
-0.196577
-0.174688
-0.048576
-0.267582
-0.134780
-0.094914
-0.170941
-0.229120
-0.189286
-0.548261
-0.124030
0.095160
0.053261
-0.011007
0.114254
0.279463
0.298073
0.338324
0.137743
0.012539
-0.009870
-0.025084
0.000000
0.000000
-0.250985
0.000000
0.000000
-0.116810
0.136408
0.268662
0.324876
0.071471
-0.044025
0.009964
-0.265322
-0.236176
-0.144568
-0.369386
-0.258000
-0.071573
-0.038866
-0.003108
0.010662
-0.130529
-0.057149
0.256714
0.105633
-0.117125
0.051419
0.152641
0.221929
0.186927
0.421579
0.413678
0.202207
-0.107371
0.142724
0.082292
0.028632
0.029034
0.000498
-0.164909
-0.280024
-0.294325
0.081955
-0.125912
-0.333788
-0.368706
-0.192518
-0.014162
-0.002221
-0.260892
-0.060522
0.153350
-0.052247
-0.047586
-0.007096
-0.013909
0.223909
0.268165
0.168777
-0.089055
-0.098886
0.080966
0.222111
0.062631
-0.011370
0.192060
0.168941
-0.082612
-0.117849
0.110330
-0.082945
-0.102901
0.182513
0.018800
0.084969
0.240210
-0.034768
-0.178505
-0.213757
-0.340268
-0.263088
0.117880
0.243314
0.196647
0.199893
0.423530
0.000000
0.000000
0.000000
-0.030011
0.000000
0.000000
0.000000
0.000000
0.000000
-0.898267
-0.875744
-0.251341
-0.228941
-0.071866
-0.020478
0.064974
0.061254
-0.182559
-0.038832
0.269880
0.267401
0.309136
0.403508
0.549068
0.422377
0.570270
0.267813
-0.003958
-0.134342
-0.285863
-0.019319
0.261316
-0.004652
-0.058627
-0.124870
-0.014480
-0.061598
0.000000
0.000000
-0.358932
-0.121721
0.040436
0.075882
-0.104120
-0.326185
-0.378068
-0.384080
-0.368592
-0.403440
-0.182842
-0.022652
-0.124200
0.162726
0.287969
0.183242
0.361243
0.071662
0.175504
0.285833
0.185843
0.322389
0.009545
0.065510
0.393729
0.104333
0.197229
-0.221707
-0.297039
-0.170305
0.039621
0.069949
0.067324
0.000000
0.000000
-0.091957
-0.208911
0.071371
0.113402
0.113818
-0.008686
-0.494028
-0.381324
-0.053043
-0.073688
-0.196336
0.079016
0.023982
0.011138
0.221118
0.051522
-0.076053
0.022111
0.032170
0.226333
0.385979
0.009845
-0.097903
0.057207
-0.080011
-0.106098
-0.067377
0.000000
0.000000
-0.154150
-0.120482
0.005792
0.245983
0.402554
0.187997
-0.095875
-0.190558
-0.260662
-0.084943
-0.109899
-0.183215
-0.174336
-0.150309
-0.111990
-0.068452
0.132620
-0.080092
0.336046
0.487131
0.452452
0.216975
-0.092048
-0.035578
-0.083640
0.031788
0.110941
0.223242
-0.072939
-0.391674
-0.298608
0.067419
-0.123876
0.211579
-0.086408
0.035980
-0.244978
-0.131248
0.307530
0.169115
0.026262
-0.295144
-0.334060
-0.353094
-0.279899
-0.112005
0.142356
0.269185
0.174956
0.228483
0.168119
-0.408573
-0.349088
0.072545
0.101705
0.403514
0.216963
0.322259
0.342034
-0.058187
-0.303548
-0.159575
-0.191925
0.126444
0.355418
0.462430
0.453364
0.016749
-0.498584
-0.133153
-0.201136
-0.294549
-0.117883
-0.036192
-0.095161
-0.066483
0.048586
0.283541
-0.008383
-0.225038
-0.394193
-0.188075
0.043749
-0.000959
-0.199055
-0.008967
0.140569
0.087843
-0.016560
0.085494
0.018111
-0.009149
-0.044133
0.025767
0.018511
0.377620
0.482952
0.087194
-0.135424
0.250809
0.200242
0.032122
-0.293800
-0.229589
-0.008778
-0.050662
0.028643
0.012211
-0.300060
-0.340592
-0.157270
0.206279
0.383338
0.205946
0.116484
0.221242
-0.322101
-0.202508
-0.129880
-0.333323
0.000000
0.000000
-0.029668
0.192542
0.245705
0.039458
-0.071667
-0.075624
-0.063361
0.037221
0.065653
-0.135365
0.256878
-0.387957
-0.806452
-0.112773
0.362163
0.172285
0.317646
0.210703
0.091268
0.229547
0.227979
0.189444
0.084469
-0.117757
0.274595
0.128501
-0.048326
0.165242
0.125930
-0.349898
-0.416069
-0.491497
-0.452696
-0.135352
0.039107
-0.172415
0.230675
-0.046157
0.072269
0.152351
-0.179208
-0.212584
-0.134364
-0.048558
0.243392
0.345181
0.337658
0.148532
0.249381
0.133819
-0.234283
0.134818
0.007189
0.145804
0.051065
-0.025499
-0.073028
-0.152465
0.046540
-0.263734
-0.264888
-0.468910
-0.137837
0.190444
0.172203
0.142316
0.082713
0.150912
0.077469
-0.051258
0.042208
-0.110223
0.000000
0.000000
0.000000
0.045386
0.042698
0.236673
0.085251
0.064566
-0.104248
-0.045066
-0.236854
-0.176213
-0.140806
-0.237679
-0.412313
-0.077426
0.247141
0.207603
0.243842
0.157081
-0.087600
0.226598
0.337922
-0.171283
-0.172033
-0.049721
0.003414
0.095023
0.171296
0.143999
0.037931
-0.110828
-0.244495
-0.042165
0.079402
-0.072795
-0.095092
0.043486
0.138565
-0.170699
-0.019564
-0.017977
-0.072564
-0.100043
0.089040
0.052241
-0.044401
0.074236
0.111135
0.085906
0.234689
0.050740
0.041868
0.003788
-0.068726
-0.168863
-0.012479
0.161998
0.027760
-0.255798
-0.278514
-0.050298
-0.181803
-0.111934
0.080435
-0.000371
0.000000
0.000000
0.134649
0.023025
-0.163849
0.276858
0.000000
0.000000
0.167065
0.008269
-0.061720
-0.064834
0.203162
0.166782
0.075858
-0.119326
-0.250698
-0.305158
0.166262
0.056946
0.284797
0.085840
-0.014497
0.100409
0.048637
-0.230616
-0.430472
-0.069588
-0.207868
-0.265418
0.252334
0.396426
0.596297
0.000000
0.000000
0.377855
0.320807
-0.194512
-0.175472
-0.441085
-0.198872
-0.349577
-0.097396
0.075215
-0.111554
-0.003461
0.066403
-0.128137
-0.015867
0.149467
-0.068922
-0.015910
0.072271
-0.125779
0.205956
0.054364
0.244365
0.083667
0.248046
-0.083739
-0.245589
-0.280302
-0.291248
0.284517
0.246390
-0.003603
-0.023917
-0.115158
0.250304
0.032396
-0.149241
-0.204143
0.000000
0.000000
0.279835
-0.106571
0.192378
0.032131
-0.098737
-0.151006
0.034710
0.042875
0.227279
0.182144
-0.415492
-0.384832
-0.328884
-0.184683
0.162143
0.193883
0.138064
0.277941
0.440445
0.000000
0.000000
0.000000
0.810105
0.320727
0.285220
0.141519
-0.212229
-0.514014
-0.689410
-0.482103
-0.356865
-0.435201
-0.082051
-0.100427
-0.185785
-0.198352
-0.138982
0.170719
-0.088563
-0.106019
-0.028133
0.275630
0.349030
0.151281
0.270921
0.203020
0.120760
0.064171
0.214452
0.406338
0.406770
0.071099
0.065833
-0.176301
-0.242322
0.110285
0.121933
-0.228775
-0.219358
-0.283399
0.029069
0.198016
0.265298
0.208106
0.179884
0.130210
-0.198492
-0.076975
-0.268191
-0.103824
-0.157801
-0.390469
-0.322380
-0.369536
-0.347292
-0.133450
0.091805
0.234351
0.200201
-0.191846
0.211551
0.261003
-0.071388
0.161121
-0.083710
-0.283190
0.052008
-0.009013
-0.217698
0.186312
0.004270
-0.046688
0.231520
0.084598
-0.160751
0.200445
0.021394
0.352869
0.440091
0.171004
0.168667
0.205200
-0.002411
-0.215368
0.283441
0.170369
0.044627
-0.370505
-0.006725
0.263026
-0.108767
-0.087423
-0.116959
-0.220546
-0.351572
-0.263315
0.053148
-0.187166
-0.041857
-0.175355
-0.081444
-0.174414
-0.198720
-0.106104
0.000000
0.000000
0.176233
-0.138895
-0.094767
0.000904
0.213834
0.186125
-0.099868
0.082195
-0.190482
0.250043
-0.015074
0.032009
-0.036834
-0.186760
-0.129651
0.065556
0.427880
0.187712
0.115985
0.191214
0.196738
0.317909
0.259557
0.341009
0.524457
0.208688
-0.101130
-0.323584
-0.114288
-0.032395
-0.177131
-0.291054
-0.325650
-0.174813
-0.330431
-0.227060
-0.169458
-0.157449
-0.127945
-0.413216
-0.035946
0.040812
-0.071186
0.066525
-0.166628
0.225401
0.226499
0.504462
0.227340
0.041523
-0.049405
-0.027703
-0.125231
-0.409148
-0.372287
-0.044852
-0.101290
0.244003
0.232747
0.236607
0.137756
0.096918
-0.073516
-0.076461
0.143530
0.000000
0.000000
0.449109
0.000000
0.000000
0.000000
0.000000
0.328441
0.000000
0.000000
0.477232
0.455167
0.175518
0.215459
0.253087
-0.108545
-0.358111
-0.792772
-0.872493
-0.693157
-0.365714
-0.348373
-0.152707
-0.202201
-0.208941
-0.154465
0.194026
0.303058
0.357976
0.370755
0.277215
0.178735
-0.111240
-0.036569
0.159785
0.118622
-0.033823
0.388152
0.299339
-0.192953
-0.187966
0.000000
0.000000
0.425615
0.404133
-0.153778
-0.326416
0.020376
0.061432
0.150287
0.076082
0.026707
-0.186444
-0.231497
-0.189949
-0.135039
-0.128365
-0.022290
-0.015704
0.018897
-0.384518
-0.404526
-0.119118
0.330065
0.398506
0.355030
0.147103
-0.209502
0.269071
0.079266
-0.211736
-0.139059
