0.000000
0.000000
0.002020
0.308759
0.218978
0.269918
-0.338432
-0.380903
-0.077234
0.227210
0.026059
-0.110833
-0.298331
-0.467030
0.038652
-0.069179
-0.405039
-0.082342
0.218164
0.446937
0.411792
0.415517
-0.185398
-0.167562
0.161966
0.044572
0.168597
0.320720
-0.032031
-0.065499
-0.399867
-0.362169
-0.257526
-0.230447
-0.279653
0.793404
0.371568
-0.003153
0.040654
-0.266000
0.120561
0.052637
0.059810
-0.085395
0.471662
-0.193940
-0.405255
-0.034503
0.376745
0.048641
-0.145727
-0.099599
0.050160
0.233615
-0.259527
-0.107150
-0.215461
0.004147
-0.226838
0.066292
0.067601
-0.040578
-0.121393
-0.008424
-0.218354
0.131263
-0.115577
0.186918
-0.192111
-0.047633
0.242841
0.191545
0.228173
-0.138686
0.193734
0.001193
-0.093475
0.070055
-0.097319
0.507649
-0.138341
0.110786
0.074880
0.004912
0.116777
-0.052381
-0.021229
0.193713
-0.272118
-0.069161
-0.246806
-0.404059
-0.009553
0.015310
0.324964
-0.402973
-0.004968
0.405907
0.077350
-0.309786
0.188932
-0.200682
-0.241168
-0.332530
-0.063495
0.321658
0.289107
0.337100
0.036698
-0.022574
-0.549052
-0.085587
0.009766
0.192270
-0.090894
-0.022360
0.393493
0.223142
0.140833
0.038482
0.000000
0.000000
0.006901
0.137658
-0.002046
-0.009711
0.035526
0.324863
-0.285453
-0.023894
-0.443640
-0.437848
-0.253085
0.163012
-0.209856
-0.242860
-0.365942
-0.230379
0.081478
0.166748
0.352838
0.543015
0.106226
-0.147381
0.111662
0.372312
0.304430
-0.177332
0.287859
0.350209
0.551790
0.046209
0.039943
-0.206835
-0.324368
-0.500760
0.125095
-0.259107
-0.696182
-0.281036
-0.219944
-0.258624
0.080754
0.079026
0.529920
-0.102285
-0.010101
0.032508
-0.086389
0.198111
0.004955
0.438456
0.016367
0.139569
0.088149
-0.176431
-0.027421
-0.200991
-0.437609
0.686728
-0.076065
-0.346669
-0.124207
0.205565
-0.114545
0.088338
-0.095036
-0.128226
-0.003168
-0.138715
0.334325
0.451739
0.294514
-0.139329
-0.130793
0.092889
-0.054918
-0.180385
0.233229
0.285838
0.110400
-0.006079
0.418415
-0.467700
-0.660568
0.390528
-0.229845
-0.203637
-0.139388
-0.190289
0.023995
0.142615
0.046398
-0.041432
-0.240370
-0.162534
0.072207
-0.132348
0.244311
0.044030
-0.175893
-0.241782
-0.118287
0.262524
0.058626
-0.010345
-0.107020
-0.036424
0.202824
0.297202
0.136789
0.347244
0.200054
0.146668
-0.039877
-0.194550
0.060699
0.070639
0.164166
0.347274
0.013669
-0.056561
-0.316754
-0.009366
-0.217557
-0.311524
-0.275126
-0.308688
0.051939
0.139246
0.109051
-0.320331
0.315492
0.104099
-0.222585
0.168066
0.132312
0.105817
0.216400
-0.253657
-0.143491
-0.514268
-0.261134
-0.354887
0.404909
0.030480
-0.197787
0.152387
0.301368
1.144592
-0.126589
0.037736
0.378393
-0.191945
-0.278348
-0.504201
-0.483533
0.232346
-0.336931
0.141093
0.026414
-0.130462
0.370696
0.467717
0.108157
0.015236
0.284329
-0.042464
0.109809
0.108165
-0.017739
-0.696947
-0.339638
-0.082437
-0.005442
0.134965
0.148165
0.239900
-0.141901
-0.354518
0.221604
0.064110
0.221568
-0.297416
-0.357641
-0.144150
-0.028538
0.121676
0.129101
0.218973
0.051748
-0.010803
0.024772
0.070589
0.037233
0.148488
-0.202984
-0.057168
0.378409
0.199074
-0.125845
-0.248934
-0.094673
-0.113429
-0.433609
0.149877
-0.453050
0.232454
0.529994
0.300476
-0.197080
0.399226
-0.206314
0.042536
-0.090673
-0.286609
-0.017916
-0.163728
-0.054336
-0.021283
0.128951
-0.129761
0.264670
0.130329
-0.134418
-0.107709
0.342231
0.309863
0.263400
0.106554
-0.538001
-0.276506
-0.378074
0.027126
0.000000
0.000000
0.309165
0.000000
0.000000
0.028543
0.031039
0.187448
0.361680
-0.089612
-0.867755
0.188877
-0.025377
-0.354147
0.022709
0.004137
-0.127493
-0.135485
0.331568
-0.059182
0.197895
0.164908
-0.062412
0.130322
0.000073
0.306216
0.258327
0.010101
0.387131
0.126472
0.236754
-0.281656
-0.340498
-0.006858
-0.187308
-0.129849
-0.162411
0.419464
0.153764
-0.173856
-0.309545
-0.362410
-0.069740
-0.304806
0.007067
-0.274726
-0.170451
-0.002474
-0.241065
0.060469
0.321362
0.450960
0.108746
-0.032610
-0.034918
-0.321339
0.354117
0.075679
0.115060
0.193202
-0.376980
0.193349
0.216423
0.528903
-0.002394
-0.169382
-0.031105
-0.245344
0.002375
0.190325
0.161536
-0.118914
0.056821
-0.098800
0.014801
0.102359
-0.070271
-0.371396
-0.140489
-0.159828
-0.022534
0.002343
0.053878
0.208429
0.093718
-0.108143
0.000000
0.000000
0.000000
0.023190
0.000000
0.000000
0.000000
0.000000
0.000000
-0.012481
-0.054715
-0.334731
-0.278398
0.081273
-0.073590
-0.017575
-0.198942
-0.006443
0.055862
0.060810
-0.013462
0.150707
0.156044
0.395023
0.449111
0.182249
-0.266459
-0.105485
0.312762
-0.055993
0.371150
0.238273
0.003637
-0.201756
0.018985
0.145776
-0.099774
0.000000
0.000000
-0.188543
-0.282918
-0.168473
-0.225502
-0.297452
-0.272722
-0.553927
-0.082211
-0.151776
-0.105397
0.096493
0.302753
0.097122
0.333538
-0.309301
0.097314
0.402169
0.106027
0.245974
0.518252
0.187226
-0.032734
0.049880
0.000899
0.509447
-0.119521
-0.611827
-0.296537
-0.384823
-0.075182
0.112741
-0.095265
-0.046951
0.000000
0.000000
0.317659
0.092273
0.166188
-0.152686
-0.175247
-0.214011
-0.008067
-0.101444
-0.002200
0.057591
0.021616
0.307829
0.202141
0.179100
0.134840
-0.013359
-0.149738
-0.062552
-0.060558
0.181722
-0.237229
-0.199307
0.017857
-0.037356
-0.178360
0.443938
0.359339
0.000000
0.000000
-0.236966
-0.190983
-0.336700
-0.220529
0.180801
-0.131955
-0.228334
-0.177091
-0.259855
0.024228
0.141038
0.062879
0.083499
-0.087493
0.208694
0.503516
0.105960
0.334762
-0.256398
-0.184547
0.070070
0.235017
-0.037585
0.052042
0.402805
-0.021476
0.003899
0.166057
-0.187120
-0.423999
0.257864
0.005391
0.126627
0.233093
0.354903
-0.129267
0.058996
-0.163457
-0.106493
-0.098359
-0.496765
-0.539047
-0.279378
-0.168628
-0.542689
-0.424999
0.018525
0.166521
-0.137359
0.325501
0.146448
-0.079704
0.452616
0.653843
0.451494
0.083212
0.038816
0.157212
-0.006737
-0.406806
-0.173191
0.230767
0.022175
0.459790
0.181615
-0.165254
0.018089
-0.009716
-0.337776
0.232629
0.099760
0.058445
0.118743
-0.282102
-0.381907
-0.234587
-0.207170
-0.029723
-0.021027
0.095239
-0.345563
0.335529
0.018181
0.128014
0.131279
-0.220858
-0.022625
-0.135426
-0.168209
-0.061987
-0.255740
0.274442
0.315632
-0.158187
-0.132152
0.088398
0.609232
-0.006539
0.074163
0.089355
0.088762
-0.117807
-0.295401
0.032193
-0.066644
0.119666
-0.076287
-0.367393
-0.091711
-0.268129
0.458506
-0.100750
0.263480
0.217664
0.126921
0.395909
0.046135
-0.151368
-0.466941
0.070940
0.000000
0.000000
0.090363
0.342126
-0.017025
-0.224239
-0.279667
-0.272232
-0.316232
-0.170768
-0.072321
0.338122
0.366129
-0.029361
-0.348635
0.001172
0.238279
-0.156139
0.465324
0.100395
-0.033094
-0.015364
0.193202
0.213566
-0.178960
-0.042170
-0.090946
-0.280847
-0.111168
-0.011925
-0.026365
-0.261664
0.044816
-0.272918
-0.211553
0.342665
0.238077
-0.199222
-0.127692
-0.078387
0.327784
0.313557
0.296100
0.262783
-0.161580
-0.008999
0.024519
0.245070
-0.084242
-0.192480
0.241551
0.143027
-0.069586
-0.056401
-0.135312
0.044514
-0.427401
0.072896
-0.276540
-0.399968
-0.232811
-0.122069
0.342602
-0.047923
0.139297
0.722607
0.012782
-0.341368
-0.517713
0.360342
0.359298
0.165580
-0.459357
0.129810
0.000000
0.000000
0.000000
0.052456
0.073051
0.229206
0.062961
-0.314269
-0.071570
-0.093565
-0.267857
-0.124908
-0.275048
0.034014
-0.106677
0.051488
0.359813
0.139288
0.215443
-0.096859
0.391785
-0.020972
0.068868
0.427124
-0.033851
0.038449
-0.157365
-0.042619
0.053757
0.325394
0.185812
0.074367
-0.303203
-0.576246
-0.294318
-0.605308
-0.461063
-0.207532
0.082914
0.187129
0.276834
0.036095
0.117755
-0.104766
-0.054407
0.052220
0.205343
0.127951
0.174701
0.521552
0.409661
0.166073
0.232526
-0.088431
-0.050878
-0.655072
-0.270020
0.019399
0.057247
-0.190924
-0.097175
0.113904
-0.196430
-0.055601
0.116987
0.065545
0.000000
0.000000
-0.191795
0.089725
0.020112
0.409633
0.000000
0.000000
-0.139565
0.155521
-0.155322
-0.092738
-0.175976
-0.230390
0.098831
0.192766
-0.156137
-0.059849
0.092214
0.217855
0.050634
-0.049802
-0.086443
-0.210986
0.084375
0.028056
0.089420
0.009755
-0.144071
0.217541
-0.160942
0.063939
0.117837
0.000000
0.000000
0.266362
0.161217
0.212656
0.094529
-0.069538
0.143729
-0.013271
-0.304007
-0.488907
-0.236132
-0.076692
-0.147031
-0.016728
-0.145105
0.080699
-0.035582
0.345886
-0.135156
-0.251675
0.155696
0.351623
0.269938
-0.227689
-0.005854
-0.107745
0.483480
-0.126378
-0.120750
0.101218
-0.156776
0.298188
0.171068
0.472384
-0.232044
-0.122768
-0.343559
-0.136038
0.000000
0.000000
-0.164553
-0.265545
0.359294
-0.036551
-0.883083
0.186080
-0.229933
-0.008077
0.290113
-0.047772
0.303479
-0.082779
-0.271286
0.343108
-0.107570
0.184076
0.208883
0.301206
0.421763
0.000000
0.000000
0.000000
0.406133
0.036388
0.190081
0.210968
0.206602
-0.340100
-0.479546
-0.185049
-0.316798
-0.592960
-0.133332
-0.288408
-0.186737
-0.260344
-0.029727
0.042889
-0.004376
0.043970
0.398993
0.243178
-0.164563
0.158567
0.203700
-0.384294
-0.090440
0.067508
0.128024
0.419799
0.251910
0.041816
0.175300
-0.027160
0.211448
0.081400
-0.069401
-0.380703
-0.178065
0.445743
0.171761
-0.077844
0.120737
-0.033440
0.387868
-0.114102
-0.348740
-0.232140
-0.245278
0.032926
-0.176680
-0.202800
0.075045
-0.065054
-0.361461
-0.110860
0.074842
0.179764
-0.020207
0.042712
0.110440
-0.134556
0.115833
0.199623
-0.369394
0.192576
0.181712
0.049404
0.007310
0.093467
0.206347
-0.083630
-0.243039
0.084406
-0.065154
0.023798
0.080830
0.316065
-0.069500
-0.170678
0.259379
0.083044
-0.430793
0.060244
0.041640
-0.448519
0.165227
0.199992
0.249263
0.092633
-0.187892
-0.078549
-0.018666
-0.137737
-0.090095
0.296297
-0.173842
0.071532
0.190132
-0.143195
-0.090626
0.163714
0.017069
-0.018929
0.000000
0.000000
0.075511
0.102822
-0.264435
-0.439191
-0.148714
0.038157
0.119475
0.083300
-0.131113
0.388782
-0.095191
-0.220513
0.310693
-0.026517
0.201418
-0.064872
-0.282546
-0.246966
-0.142635
-0.252743
0.056852
0.003647
0.137522
0.186514
0.615227
-0.015910
0.228212
-0.095015
0.446674
0.171506
0.208970
0.147255
-0.259637
-0.509481
-0.052750
0.209296
-0.228102
0.187463
-0.299866
-0.369031
-0.143916
-0.703230
0.137147
0.037178
0.084494
0.187603
0.349659
0.129525
0.100179
0.103652
-0.321059
0.126656
0.028581
-0.359563
0.033193
-0.078002
-0.191221
0.187220
-0.073289
-0.047602
0.382461
0.049979
-0.045296
0.086590
0.140173
0.000000
0.000000
-0.121318
0.000000
0.000000
0.000000
0.000000
-0.171778
0.000000
0.000000
0.176659
-0.134145
-0.040468
0.252322
0.251533
0.499898
0.141075
-0.121408
0.155961
0.018496
-0.424829
-0.008864
-0.456810
-0.287829
-0.118664
-0.232259
0.051708
-0.365717
0.098422
0.263467
-0.122603
-0.081362
0.211480
0.098757
-0.051560
-0.103890
0.055864
0.589961
-0.490857
-0.051288
-0.062936
0.000000
0.000000
0.668599
0.370108
-0.194154
-0.064532
0.047924
-0.372367
0.225692
0.309793
-0.009802
0.103674
-0.196719
-0.360166
-0.020874
0.025855
-0.068682
-0.130352
0.043404
-0.037414
0.021258
0.096974
0.363809
-0.040443
-0.259516
-0.235306
-0.187968
-0.165348
0.134363
0.142051
0.226780
