0.000000
0.000000
0.090090
0.044662
-0.025664
-0.377368
-0.227308
-0.012231
0.489667
0.106464
0.017040
-0.064906
-0.049508
-0.166091
0.043478
0.060966
-0.170424
0.349865
-0.092578
-0.005608
0.088049
0.208792
-0.324936
-0.351491
-0.058669
-0.059844
0.246207
0.037367
0.359951
0.482553
-0.159318
-0.301536
0.127418
0.061598
0.335631
0.123875
-0.301075
-0.460012
0.023397
0.078012
0.062640
-0.050788
0.110588
0.216382
-0.218784
-0.406326
-0.418715
-0.149486
0.041655
0.347822
0.303618
0.030755
0.111049
-0.096229
-0.070035
-0.096170
-0.079903
0.119658
-0.164561
0.040783
0.053889
-0.182823
0.063368
-0.226719
-0.090838
0.321474
0.045715
0.201543
0.053806
-0.427924
-0.128373
-0.172376
0.187845
0.275998
0.237883
0.264434
0.253646
0.078656
0.030368
-0.139635
-0.483785
0.249773
0.160506
0.080959
0.143004
-0.247431
-0.039928
0.020428
-0.297528
0.195377
-0.122798
0.085238
0.162366
-0.223711
-0.117676
-0.392449
-0.236952
0.534943
-0.146607
0.240722
0.357890
0.225026
0.153683
-0.392306
-0.457544
-0.532146
-0.139646
0.179134
-0.192517
0.081431
-0.025897
0.136872
0.014655
0.060874
-0.229943
-0.053160
0.410215
0.086436
-0.070534
-0.198935
0.000000
0.000000
0.397397
0.410399
0.477197
-0.029865
-0.167639
-0.186569
-0.035213
-0.163563
0.380273
-0.114574
-0.090397
0.082950
0.097005
-0.078722
-0.194180
-0.233336
-0.133761
-0.164212
0.375660
0.355049
0.232233
-0.106787
-0.044312
-0.085113
0.095806
-0.292658
0.469512
0.230358
-0.163201
-0.326336
-0.575665
-0.517000
-0.203471
-0.101448
-0.481662
-0.344974
0.029545
0.175312
0.274621
0.275941
0.358146
0.211280
0.009894
-0.101608
0.269177
0.294555
-0.137506
-0.035872
0.129410
0.172699
-0.027937
0.242901
0.584785
0.269938
-0.092409
-0.298553
-0.214164
0.093074
-0.029293
-0.006974
0.102928
-0.095432
-0.000874
-0.003369
-0.125840
-0.240430
-0.049701
-0.348775
-0.330047
0.154536
-0.228654
-0.120468
-0.327265
-0.022864
0.391455
-0.071162
0.151586
0.035286
-0.157692
0.046493
-0.027709
0.200058
0.280571
0.126466
-0.092330
0.096382
0.189008
0.084003
-0.355344
0.144914
0.129022
0.197123
0.193987
0.112760
-0.204732
-0.267324
-0.197210
0.054940
0.054530
0.039759
0.102644
-0.190353
-0.159562
-0.113054
-0.565086
-0.174683
-0.306394
0.078272
0.269575
0.338276
0.034074
0.174892
-0.087809
0.074104
0.455339
-0.046666
0.027667
0.025813
0.430290
0.543168
0.047852
0.030460
-0.253197
-0.380181
-0.078616
-0.115720
0.131289
0.284227
0.234861
0.058561
-0.512592
-0.255171
-0.237445
-0.056342
-0.343263
-0.000876
-0.046018
0.089551
-0.182105
-0.327304
-0.112488
-0.264726
-0.343509
-0.032113
-0.040463
0.296421
0.658577
0.233525
-0.012704
-0.121689
-0.007827
0.033384
-0.091885
0.174612
0.427116
0.380804
0.187493
0.016907
-0.172671
0.067288
0.137715
0.242719
0.341181
0.003485
0.086493
-0.300968
-0.143948
0.262155
-0.069803
-0.040154
-0.001301
-0.119388
-0.321995
-0.128556
0.125131
-0.371802
-0.657563
-0.084678
-0.191124
0.168706
-0.199522
-0.365501
-0.087921
-0.134479
-0.265653
0.103196
0.307617
0.348151
0.161481
0.214853
0.185526
0.277749
0.114354
-0.156953
0.350963
-0.157972
0.100315
0.088891
0.025539
-0.205113
0.042330
-0.024046
-0.103117
0.395194
0.095934
-0.216936
-0.102497
0.225053
0.467231
-0.119535
-0.323597
-0.079918
-0.048323
0.159098
-0.170843
-0.228363
-0.071671
0.125187
-0.110959
-0.300086
0.082759
0.089850
-0.332946
0.138713
0.241103
0.049241
-0.004538
0.034205
-0.319070
-0.235032
0.291221
-0.026129
0.000000
0.000000
0.248273
0.000000
0.000000
0.366171
-0.140525
0.125904
0.077050
0.267530
-0.381151
-0.355068
-0.013399
0.125031
-0.040057
-0.281259
-0.411340
-0.249989
0.196484
0.058045
0.116711
0.085885
-0.149921
0.216682
0.359277
0.210954
-0.080013
0.060096
-0.183614
0.042249
0.309611
-0.031115
0.214219
-0.304397
-0.413249
-0.092290
0.173854
-0.048927
0.253162
0.420309
0.313062
0.030832
0.181452
-0.151414
-0.123057
-0.151639
-0.126332
-0.092755
-0.672019
-0.173242
0.299298
0.154768
0.043925
-0.038164
-0.211611
-0.590500
-0.039937
0.077737
-0.198036
0.038527
-0.226769
0.218608
0.385394
0.159360
0.150958
0.201763
0.273006
0.228513
-0.191413
0.050653
0.056527
-0.179533
-0.082936
-0.097052
0.060049
0.269381
0.156427
-0.022699
-0.075526
-0.457869
-0.251062
0.320390
0.500782
0.284499
-0.151356
-0.405680
0.000000
0.000000
0.000000
0.352184
0.000000
0.000000
0.000000
0.000000
0.000000
-0.689382
-0.387164
-0.264859
-0.029247
-0.096955
-0.191552
-0.072088
-0.239584
-0.094634
0.117604
0.100423
0.297938
0.074522
0.420049
0.288597
0.484678
-0.191353
0.561308
0.284133
0.047995
0.098899
0.267034
0.013057
0.228443
-0.398510
-0.310126
-0.603736
-0.502185
0.000000
0.000000
-0.194315
0.052990
0.208886
0.016521
-0.152618
-0.141560
-0.011854
0.329258
-0.264514
-0.212460
0.053262
0.123069
0.198532
0.216226
0.017781
0.090931
-0.044109
-0.054000
0.213720
-0.097324
-0.097429
-0.267917
-0.292903
0.129443
0.712757
-0.146553
0.062272
-0.047618
-0.007667
0.051620
-0.137836
-0.035360
-0.192584
0.000000
0.000000
-0.400065
-0.101230
0.324452
-0.019032
-0.033072
0.309725
-0.020173
-0.139924
0.149216
0.101677
0.057999
-0.062133
-0.092344
0.144643
0.349107
-0.034730
-0.048127
-0.136943
-0.382195
-0.001599
0.457218
0.090288
0.245819
-0.014659
-0.005803
0.029070
0.205386
0.000000
0.000000
-0.191382
-0.323540
-0.900201
-0.525450
-0.042389
0.195530
0.065989
-0.197356
-0.229380
-0.183220
0.148289
0.324533
0.297534
0.172956
0.064635
0.355011
0.326114
0.003086
0.385553
0.057129
-0.274053
0.185982
-0.111874
0.214751
0.324992
-0.111366
-0.169976
-0.011447
-0.069607
-0.142313
-0.241189
-0.209419
0.240913
0.382989
0.047026
-0.074504
-0.576892
-0.364317
-0.210594
0.130931
-0.036422
-0.126019
-0.111125
-0.228624
0.075457
0.067308
0.222079
0.296251
-0.029355
0.023894
0.003616
-0.014096
-0.257854
-0.024585
-0.025805
0.381161
0.365267
0.268894
0.287236
-0.340332
-0.299324
-0.407829
-0.161315
0.033283
0.481417
0.473509
0.135706
0.468196
-0.030286
-0.148744
-0.302227
-0.123564
-0.362439
-0.282919
-0.014422
-0.218956
-0.137859
0.259882
0.087050
-0.385444
-0.223917
0.084994
-0.119887
0.352624
0.438179
0.176516
0.199480
0.074855
0.018279
-0.257809
-0.284129
-0.312999
0.122839
-0.155141
-0.035147
0.415194
0.102018
-0.077284
0.144248
0.354633
0.100494
0.004922
-0.252769
-0.141997
-0.125837
-0.282541
-0.460178
0.137819
0.052548
-0.104126
-0.261482
-0.121095
0.498864
0.428804
0.033958
0.229042
0.236729
-0.073019
0.175113
-0.087787
0.000000
0.000000
-0.037153
0.167813
0.269387
0.107207
-0.416095
-0.501833
-0.620693
-0.115984
-0.113857
0.568985
0.174904
-0.258408
-0.597200
-0.127130
0.464066
0.234569
0.115232
-0.269082
0.158320
-0.002618
0.236696
0.449088
-0.034464
-0.053096
0.298590
-0.090376
-0.134859
-0.101982
-0.018852
0.165291
0.193546
-0.330056
-0.550297
0.216803
0.122547
-0.160986
0.519740
0.102678
-0.450360
-0.517940
-0.275928
0.007653
-0.220197
0.499709
0.357071
0.140117
-0.067790
-0.135661
0.055162
-0.016371
-0.059355
0.208990
0.153478
0.120511
-0.099004
0.144134
0.138988
0.277365
-0.209099
-0.953541
-0.432262
0.010716
0.396284
0.452401
0.402442
-0.056130
-0.239845
-0.054911
0.072791
-0.278015
-0.137000
0.242713
0.000000
0.000000
0.000000
0.034123
-0.164027
-0.168217
-0.041944
-0.030607
0.125073
0.209722
0.067650
0.236373
-0.115475
-0.167148
-0.200833
0.153577
-0.109772
-0.005581
0.024631
0.110538
0.609477
0.402429
0.104717
-0.047024
-0.354391
-0.005020
-0.094237
-0.064224
-0.387338
-0.156670
-0.379103
-0.073687
0.098411
0.254764
-0.044837
-0.706266
0.032289
0.111710
0.007673
-0.175050
0.240983
-0.058387
0.315864
-0.259550
-0.047472
0.246129
0.191974
0.489410
0.109073
0.087868
0.305821
0.136182
0.055859
-0.256053
0.024659
-0.037055
0.288826
-0.000110
-0.439144
-0.617484
-0.285926
-0.027266
0.039062
0.227883
0.080546
0.115668
0.000000
0.000000
0.158382
-0.013122
-0.080618
0.184514
0.000000
0.000000
-0.297873
0.142060
0.149737
-0.122856
-0.007529
-0.364882
-0.272539
-0.039154
-0.152550
-0.034556
0.256862
0.102324
0.032659
0.074617
-0.011494
-0.429560
0.185016
0.428295
0.183146
-0.149409
0.434186
0.097004
-0.459155
-0.072115
0.624205
0.000000
0.000000
-0.381924
0.163341
0.270258
-0.367241
-0.094470
0.262409
0.119702
-0.244618
-0.363971
-0.169381
-0.184615
-0.054441
-0.087997
-0.140243
0.071684
0.217473
0.221947
0.208970
-0.152211
0.227162
0.009483
0.362802
-0.079972
0.317037
-0.265919
0.093240
-0.292194
-0.169519
-0.049969
0.121946
0.502012
-0.353191
-0.029465
0.299334
-0.057041
-0.284783
-0.383996
0.000000
0.000000
0.005614
-0.075228
-0.289176
-0.140958
-0.373997
-0.257661
0.252222
0.268407
0.101801
-0.168525
-0.056943
0.156217
-0.079120
0.212890
0.134924
0.666468
0.275515
0.121267
0.377302
0.000000
0.000000
0.000000
0.645356
-0.305746
-0.161497
0.094645
0.040862
-0.262051
-0.297048
-0.099703
-0.161194
-0.090434
-0.535773
-0.152363
0.123347
0.173690
-0.232052
-0.486423
-0.062046
-0.073783
0.037486
0.272495
-0.093425
-0.205240
0.183508
-0.099776
0.073934
0.207857
0.148759
-0.024712
-0.034390
-0.145973
-0.204017
0.094416
-0.001534
0.241396
0.136245
0.398300
0.344391
-0.155468
-0.022662
0.091843
0.197348
0.232890
0.446159
0.228387
0.043491
0.093990
-0.279349
-0.147642
-0.360108
-0.488331
-0.141505
-0.367466
-0.461031
0.102903
0.005099
0.170919
0.110564
0.121965
0.097931
-0.296166
-0.100478
0.159316
-0.331953
-0.120480
0.274950
0.296528
0.209338
0.198888
-0.081623
-0.321750
-0.020780
-0.064663
-0.294414
0.042780
0.129269
0.304541
-0.040316
-0.045120
-0.107358
0.045748
0.108301
-0.100069
0.091304
-0.207190
-0.034543
0.034525
0.531234
-0.021669
-0.120967
0.070632
-0.041295
0.161196
-0.124252
0.168486
0.203727
0.174206
-0.145911
-0.213211
-0.040233
0.210941
0.164906
0.121112
0.000000
0.000000
-0.215482
-0.305355
-0.011379
-0.402969
-0.209762
0.201940
0.419827
-0.171569
-0.624395
-0.005016
0.092857
-0.325172
-0.342411
0.119619
0.149081
0.129027
0.002799
-0.111973
-0.186786
0.195862
-0.133378
0.342427
0.494359
0.405870
0.556208
0.004844
0.115933
-0.094041
-0.141293
-0.159216
-0.062290
-0.327715
-0.118638
-0.149177
0.030165
0.001438
0.097427
0.117695
0.114069
-0.106215
0.102738
-0.373819
0.347108
-0.055138
-0.100445
0.027780
-0.052749
0.116720
0.041759
0.443074
-0.158854
-0.073717
-0.073329
-0.340712
-0.271230
-0.352991
0.236541
-0.095035
0.007495
-0.188544
-0.048311
-0.172714
-0.124068
0.339682
0.321275
0.000000
0.000000
0.513350
0.000000
0.000000
0.000000
0.000000
-0.320427
0.000000
0.000000
0.253826
-0.005945
-0.302182
0.479127
0.678631
0.036860
-0.273004
-0.286606
0.092329
-0.049636
-0.596954
-0.205897
0.072785
-0.215709
0.480954
-0.115374
-0.296268
-0.103836
0.102383
0.208322
0.172410
-0.201517
0.099033
0.328983
-0.024097
-0.015341
-0.105234
0.367428
-0.071852
-0.232225
-0.214327
0.000000
0.000000
0.230732
-0.084042
-0.210436
-0.430006
-0.105965
0.080163
0.582754
0.491927
-0.196523
-0.231486
-0.295743
0.005249
0.137729
0.290966
0.370979
-0.151625
-0.217868
-0.405051
-0.046165
-0.210515
0.185174
-0.065300
0.257326
0.090878
0.406914
-0.278763
0.135711
-0.100459
-0.167445
