0.000000
0.000000
-0.021077
-0.003826
0.221854
0.253268
-0.013337
0.163984
0.102941
-0.001324
-0.114846
-0.088502
-0.093297
-0.223947
-0.271501
-0.268834
-0.224265
-0.070972
0.092949
0.168777
0.188719
0.083752
0.108132
0.261155
0.044622
-0.179472
-0.203132
-0.016098
0.041864
-0.267892
-0.294714
-0.243071
-0.330931
-0.095806
0.129780
0.166305
-0.048017
0.179881
0.218388
0.406085
0.275663
0.202845
0.375647
0.061090
-0.103668
0.131277
0.145477
-0.045770
-0.076497
-0.221796
-0.151243
-0.043857
0.050120
0.130678
0.133837
0.186140
-0.049315
-0.049388
0.112807
0.104318
-0.141791
-0.221841
-0.059970
-0.172689
-0.064883
-0.230588
-0.336549
-0.161923
0.069325
-0.044527
0.047849
0.030406
-0.075370
-0.066979
-0.245451
-0.157941
-0.005542
-0.093032
-0.157043
0.061239
0.032904
-0.263205
0.147417
0.429042
0.352668
0.308748
-0.015597
0.154753
-0.016340
-0.023544
0.152504
0.078360
-0.072467
0.198323
0.174575
0.364273
0.136201
-0.275226
-0.190137
-0.032485
0.000132
-0.013397
0.312728
0.426359
0.189346
0.044119
-0.030113
-0.318674
-0.243689
-0.052014
-0.131961
-0.548518
-0.355041
-0.477618
-0.356923
-0.099914
-0.009467
-0.175582
-0.156849
0.110495
0.230600
0.252001
0.358266
0.254484
0.117835
-0.073699
-0.275418
-0.074923
0.032309
0.074158
0.254559
0.195605
0.080701
-0.156402
-0.248944
-0.165999
0.028992
-0.025866
0.147361
0.223135
0.185785
0.639927
0.187323
-0.188115
0.157041
0.241467
-0.091254
0.042904
-0.050745
-0.304999
-0.133470
-0.154582
-0.084794
-0.033858
0.078854
0.018943
-0.218805
-0.255137
-0.269133
-0.327548
-0.180245
0.260523
0.162799
0.134569
0.327679
0.104109
0.127737
0.143533
-0.133330
-0.288726
-0.105806
0.032381
-0.181592
-0.159051
0.078880
0.099437
0.101255
0.073683
-0.196378
-0.475555
-0.217339
0.254914
0.211077
0.161886
-0.031441
-0.211197
-0.085642
0.173679
0.358456
0.229757
-0.138842
0.249150
0.553203
0.303014
0.056345
-0.058861
-0.071159
-0.091277
-0.093288
-0.143962
-0.265432
-0.333936
-0.058748
-0.170653
-0.184461
0.219441
0.269995
-0.037334
-0.028356
-0.246162
-0.311920
0.069470
0.028778
-0.018990
0.027142
0.281247
0.188175
0.133887
0.146367
-0.152862
-0.252626
-0.145932
-0.078529
0.216426
0.151195
0.052604
0.030330
0.066396
-0.187177
0.044423
-0.003445
-0.151341
-0.209793
0.082482
-0.040368
-0.048236
-0.165938
0.079018
-0.046456
-0.108028
0.010832
-0.002791
0.322105
0.262255
0.093055
0.061606
-0.028371
-0.084050
0.172006
0.022458
-0.132786
-0.033548
-0.162220
-0.155015
0.020350
0.019685
-0.099467
-0.177917
0.117474
0.477105
0.374675
0.062736
0.015685
-0.188752
-0.187625
-0.070592
-0.133065
-0.066400
-0.130683
0.184728
0.407032
0.320552
-0.076074
0.073524
-0.067211
-0.060587
-0.270254
-0.631578
-0.530423
-0.236721
-0.049314
0.305646
0.257635
0.221271
0.069280
0.098174
-0.219243
0.110586
-0.003975
-0.304478
-0.233379
-0.036030
-0.031941
0.195013
0.246610
0.123792
0.133026
0.264730
0.188314
-0.034333
0.021382
0.103475
-0.012620
0.008174
-0.073924
-0.199862
-0.254196
-0.030214
-0.036285
0.154076
0.218612
0.410151
0.206954
0.102565
0.029504
0.079743
-0.068177
-0.266248
-0.234878
-0.164838
-0.207475
-0.040072
0.007368
0.023012
0.077038
0.012060
-0.210435
-0.318790
-0.233245
-0.158694
-0.082791
0.026924
-0.086295
0.095047
0.202069
0.172386
0.256395
0.104199
-0.027215
0.122538
0.000000
0.000000
-0.228554
-0.103019
-0.142541
-0.085524
0.007762
0.032353
0.179777
0.157708
0.129344
0.214702
0.262618
0.342103
0.078624
-0.169792
0.009134
-0.200609
-0.195088
-0.211853
-0.093547
-0.001183
0.297359
0.181068
-0.126381
-0.142325
0.012904
-0.005969
-0.067273
-0.145751
-0.060143
0.037464
-0.133347
0.025340
0.069010
-0.164736
-0.417073
-0.097218
0.196204
0.228427
0.081742
0.112255
0.146280
0.048548
0.039041
0.073740
0.039434
-0.070213
-0.281005
-0.291896
0.166731
0.211703
-0.034921
-0.006811
-0.081387
0.000665
0.336276
0.202626
-0.019300
-0.084837
-0.103239
-0.000660
-0.267469
-0.183172
0.100727
0.159927
0.160544
0.020733
0.077699
0.051111
-0.045876
0.154319
-0.023495
0.012498
0.208296
0.272730
-0.231086
-0.380382
-0.411823
-0.378286
0.030513
0.053305
-0.357197
-0.045059
0.012511
0.251351
0.186509
0.109684
0.160479
0.180631
0.020520
-0.163000
-0.390348
0.230895
0.312791
-0.043431
-0.074412
0.013810
0.197943
0.084494
0.192769
0.120758
-0.131734
-0.044851
0.104810
-0.116382
-0.030189
-0.031056
-0.190244
-0.131895
0.200017
-0.021407
-0.319085
-0.145118
0.009427
0.100713
0.081403
-0.100968
-0.133017
-0.003994
0.101296
0.226543
-0.019375
-0.093516
0.068583
0.216727
0.237653
-0.077121
-0.374996
-0.328138
-0.040759
0.223284
0.259294
-0.086595
-0.144833
0.096835
0.086503
0.058358
0.266877
0.150124
-0.121694
-0.089466
0.031707
-0.099257
-0.249025
-0.117621
0.181765
0.422661
0.371422
-0.082190
-0.369532
-0.317625
-0.061029
-0.244089
-0.227316
-0.258862
-0.049273
0.087566
0.132092
0.115056
-0.177461
-0.059643
0.248749
0.096550
0.077994
0.190306
0.082331
-0.043306
-0.172999
-0.038253
-0.082424
0.062838
0.246732
0.174012
0.240663
0.368669
0.301446
-0.000963
0.147419
0.345394
0.224649
0.014294
0.000000
-0.197996
0.116743
-0.279743
-0.648598
-0.818946
-0.500454
-0.399093
-0.586397
-0.621636
-0.193363
0.001299
-0.170175
0.062269
0.115420
0.252476
0.373892
0.463208
0.327063
0.301800
0.420676
0.431430
0.279243
0.258094
0.132622
0.162908
0.348807
0.151992
0.089331
0.368366
0.205620
-0.128399
-0.303460
-0.515995
-0.391371
-0.273488
-0.184688
-0.029318
-0.046788
-0.261548
-0.269517
-0.226740
0.066389
0.087256
-0.210908
-0.192012
-0.142269
0.027460
0.082261
-0.340498
-0.354582
-0.177016
0.087153
0.129289
0.080910
0.194148
0.228046
0.066045
0.225221
0.143809
0.201511
0.162449
0.013433
0.325344
0.374586
0.106143
0.203007
0.286609
0.298546
0.116272
-0.349780
-0.344251
-0.359397
-0.042132
-0.023126
0.025811
-0.193624
-0.204067
-0.137142
0.000712
-0.055634
-0.057239
-0.064776
0.038148
-0.020668
-0.135603
-0.212768
-0.262091
-0.145844
-0.066727
0.007103
-0.088748
0.263618
0.300347
0.181109
0.253821
0.382497
0.138685
-0.005677
-0.159820
-0.103818
-0.129635
-0.164706
-0.081003
0.002404
-0.069403
-0.203154
-0.216956
-0.072923
0.125786
0.205677
0.155066
0.161923
0.145212
0.303074
0.147981
-0.094121
-0.031170
-0.290397
0.128524
0.183343
0.113693
-0.020725
0.146316
0.039595
-0.000888
-0.171121
-0.251489
0.053427
0.067929
-0.172381
-0.094443
-0.030138
-0.320540
-0.185954
-0.190288
-0.285888
-0.170032
0.153757
-0.011115
-0.133956
-0.084228
0.042455
0.169136
0.287311
0.490734
0.245041
0.237032
0.470809
0.177160
-0.087332
-0.005981
0.024402
-0.129094
-0.199347
-0.368744
-0.097582
-0.035410
-0.208959
-0.147109
-0.128072
-0.153584
-0.101825
-0.007208
0.047837
0.050496
-0.066447
-0.052466
0.112546
0.243096
0.267119
0.240286
0.163893
0.035152
0.127574
0.096489
0.034215
0.057914
0.057184
-0.111441
-0.188722
-0.169828
-0.138222
-0.005439
0.088311
0.071582
-0.115916
-0.189344
-0.180586
-0.105345
-0.142012
-0.241976
-0.174870
-0.088113
-0.117645
0.082088
0.109562
0.213707
0.168250
0.162390
0.121656
0.162495
0.401036
0.336958
-0.170943
-0.296260
-0.081550
0.085956
0.020571
0.053234
-0.228394
-0.341573
0.050895
0.097818
0.187716
0.229275
0.098522
-0.010213
-0.300522
-0.148523
-0.076885
-0.127565
-0.041370
0.211483
0.047028
-0.111127
0.214139
0.016099
-0.036994
-0.007093
-0.029545
-0.010739
-0.002531
0.048257
-0.204474
-0.231942
-0.035264
0.008137
0.135008
0.356936
0.489947
0.301022
0.029393
-0.174514
-0.081311
-0.201929
-0.375561
-0.350073
0.031710
-0.202189
-0.044052
0.121750
0.018216
-0.100706
-0.050435
-0.082900
-0.037071
-0.008002
-0.158688
-0.017936
0.065062
0.101855
0.125292
0.025503
0.451685
0.434630
0.321159
0.128585
0.035805
0.018904
-0.202079
-0.056831
-0.146480
0.173317
-0.029605
-0.148790
-0.130493
-0.225960
-0.087838
0.035691
0.161853
0.082238
-0.290837
-0.138704
-0.204296
-0.261793
-0.055820
0.002034
-0.002105
0.033794
-0.044669
-0.049086
0.065204
0.292846
0.240576
0.056093
-0.146133
-0.165319
0.287750
0.307086
0.163570
0.098995
-0.037575
0.061205
-0.075626
-0.415327
-0.326597
-0.163146
-0.044145
0.076719
0.054502
0.075641
0.077195
0.116682
0.086714
0.109667
0.178797
0.041485
0.294601
0.209701
-0.078288
-0.377163
-0.235344
-0.011832
0.021071
-0.285609
-0.196366
-0.202963
-0.099024
-0.108993
0.137092
-0.015193
0.129313
0.357312
0.284883
0.252635
0.230471
0.175412
-0.130188
-0.194941
-0.246136
-0.143668
-0.086346
0.145629
-0.154611
-0.306575
-0.009577
0.183661
0.125684
-0.039837
0.135034
-0.067365
-0.148004
-0.160999
-0.299178
-0.298093
-0.095733
-0.014127
0.079949
0.200226
-0.040599
0.052445
-0.023797
0.347330
0.451218
0.404985
0.399856
0.363054
0.231820
0.049574
-0.260316
-0.400065
-0.222663
-0.127142
-0.008286
-0.134499
-0.123650
-0.040523
-0.062278
-0.272756
-0.155754
-0.315700
-0.055346
0.037258
0.163082
0.155300
0.082580
-0.141176
-0.054302
0.106651
0.047711
-0.154616
-0.236314
-0.021717
0.243466
0.395609
-0.020316
-0.013919
0.159041
0.047870
-0.085382
-0.106074
-0.194264
-0.042916
-0.011868
0.204313
0.192120
0.232360
0.133182
0.093765
-0.154142
-0.249947
-0.340880
-0.083957
-0.021887
0.068476
0.197575
0.237907
0.044368
0.224688
0.256088
-0.098745
0.088201
0.127039
-0.220490
-0.492790
-0.097202
0.031404
-0.116065
-0.222267
-0.047597
-0.195503
-0.040185
0.031715
-0.126075
0.082435
0.017831
0.026038
0.073128
0.115758
0.038090
-0.036247
0.014248
0.128715
0.130329
0.108261
-0.060156
0.033120
0.247593
0.043835
0.041682
0.000242
-0.081278
0.142283
-0.266135
-0.345186
-0.165938
0.085981
0.150558
0.088306
0.165587
-0.002965
0.026160
-0.097585
0.094806
0.006814
-0.097862
0.045658
0.039217
-0.218902
-0.086740
0.023077
0.087019
0.219058
0.002201
-0.040777
0.158232
0.050691
-0.214256
-0.098088
-0.019946
0.043473
0.184589
0.122712
-0.295800
-0.285451
-0.123844
-0.033360
-0.006875
-0.102207
-0.137229
-0.190456
-0.019666
0.197593
0.274162
0.237006
-0.017356
-0.129776
-0.081070
0.054014
0.237191
0.148159
0.040968
0.273556
0.187899
-0.021865
0.064783
-0.014499
-0.078831
-0.117839
0.037887
-0.188309
-0.083053
0.110098
0.005860
-0.231043
-0.044225
0.109981
-0.213281
-0.111461
0.011078
0.014734
0.020471
0.001514
-0.141575
-0.100505
-0.010281
0.154946
0.017324
-0.234020
-0.180045
-0.155659
0.079043
0.085748
0.005935
0.205310
0.306033
0.299392
0.230034
0.229079
0.158652
-0.105945
0.138362
-0.121367
0.000000
-0.021417
-0.130850
0.031798
-0.038863
-0.427282
-0.491789
-0.323217
-0.199939
-0.111526
0.009481
0.188387
0.038335
0.146935
0.113196
0.052284
0.107682
0.337298
0.008264
-0.077201
0.102219
0.069325
0.252040
0.061187
0.019767
0.074460
0.082969
-0.012061
-0.073822
-0.095588
0.154051
0.031199
-0.034147
-0.113379
-0.189115
-0.421469
-0.345566
0.076091
0.078947
0.062622
-0.000613
-0.164836
-0.232482
-0.028255
-0.024019
0.035364
0.096601
0.235080
0.247583
0.310830
0.228786
-0.206608
-0.112173
-0.132488
0.108303
0.295433
0.275839
-0.034557
-0.379976
-0.268614
-0.270169
-0.104341
0.071989
0.125668
0.187261
0.134119
0.173236
-0.049993
-0.089118
-0.160781
-0.153159
0.034460
0.119933
