0.000000
0.000000
-0.133382
-0.213114
0.287714
0.037387
-0.012472
0.107355
-0.049134
0.352074
0.762216
-0.119452
-0.398213
-0.046467
-0.125474
0.070152
-0.354049
-0.274577
-0.666877
0.238311
0.045301
0.165764
0.129267
-0.018664
0.031140
0.092377
0.174539
0.515899
0.026031
-0.157557
-0.503856
-0.896527
-0.413094
-0.346712
0.307788
-0.615851
0.337298
0.514057
0.817637
0.303299
-0.280405
0.822966
0.300381
-0.529919
-0.142211
0.056528
0.385273
0.302269
0.008735
-0.612115
0.766168
-0.121298
-0.081741
0.518892
-0.039266
0.140679
-0.495791
-0.532458
0.622633
-0.356633
-0.169784
0.033022
-0.544430
-0.118520
-0.104382
-0.604948
0.274271
0.072448
-0.129175
-0.286542
0.089107
-0.498860
0.924614
0.242864
0.007879
-0.152072
-0.183125
-0.580858
-0.457938
-0.113698
0.018710
0.035399
0.161543
0.574932
0.530536
0.107743
0.017522
0.915416
0.369427
-0.558243
0.219332
-0.094038
-0.481279
0.053934
-0.171011
-0.490285
0.484770
0.202401
-0.062534
0.446685
0.420670
-0.125161
0.665719
0.359514
-0.315484
0.128783
0.427485
-0.669319
-0.861265
-0.262558
-0.815473
0.023724
0.343429
0.023581
-0.292393
-0.254803
-0.701909
-0.815021
0.392539
0.258202
-0.116474
0.504254
0.037383
-0.072937
-0.022144
0.359198
0.164269
0.199353
-0.099196
-0.095962
-0.248543
-0.432412
0.092927
0.173781
-0.023349
0.929223
0.107250
0.110791
0.347504
0.120995
0.490555
0.581603
-0.184174
-0.505471
0.029203
0.360505
-0.438808
0.225538
-0.239329
-0.392117
0.211350
0.117207
-0.003940
-0.289775
-0.067807
-0.169509
-0.257056
-0.208990
-0.328511
-0.223143
0.133752
0.141410
-0.148131
0.371261
-0.216232
0.294455
0.209438
-0.295474
-0.389719
0.025295
0.184894
-0.055837
-0.674931
0.070397
-0.081525
0.234196
-0.157373
-0.065659
-0.009905
-0.208217
-0.120323
0.344359
-0.050697
0.305372
0.997478
0.297803
0.128183
0.281985
-0.210842
0.356462
0.248754
0.035550
0.031450
-0.122050
-0.307481
0.229304
0.278319
-0.502135
-0.179886
-0.164851
-0.469918
-0.097948
0.080183
-0.015188
-0.227453
0.166767
0.029420
-0.193192
-0.360495
-0.153965
0.129276
0.411355
0.379603
0.070679
0.198000
0.022272
-0.645014
-0.096368
0.009430
-0.634412
-0.308180
-0.292374
-0.028345
0.273256
-0.013599
0.164327
-0.255740
-0.150733
-0.180951
0.537889
0.695036
0.494443
0.362525
0.232854
0.009356
0.388862
-0.064793
0.119989
-0.010959
-0.081718
0.134757
-0.269405
0.055634
0.174438
-0.524293
-0.232570
0.189032
-0.300028
-0.159617
-0.750365
-0.183623
0.419286
-0.062493
0.107431
-0.067887
-0.019050
-0.065719
-0.430600
0.193102
0.577571
-0.038933
0.067283
0.371107
-0.300017
0.009286
-0.152800
-0.044325
-0.037672
0.039747
0.268567
0.405103
0.806259
-0.371764
-0.209394
0.133304
-0.470024
0.033664
-0.160085
-0.695494
-0.283454
-0.652784
-0.225753
0.302994
0.470712
0.171122
0.077176
0.242552
0.045797
-0.120925
0.495488
-0.078419
-0.049762
0.213315
0.082487
0.289165
0.627947
0.074616
-0.245518
-0.321591
0.077461
-0.014798
0.203189
-0.340214
-0.320230
-0.179088
0.115975
-0.181983
0.428956
-0.211672
-0.181307
-0.307506
0.277574
-0.327388
-0.099662
-0.580635
-0.183433
0.143427
-0.149130
0.192898
0.704944
0.284121
0.151372
0.170533
-0.073283
0.449468
-0.021908
-0.146844
-0.197945
0.070388
-0.333534
0.091612
-0.030198
-0.326128
0.199652
0.102606
-0.010920
-0.302528
-0.250577
0.589195
0.071062
0.000000
0.000000
-0.521381
-0.322394
-0.039425
0.289795
-0.462792
-0.019892
0.225892
0.481715
0.217890
0.214326
0.394498
0.297502
0.180313
-0.612775
-0.238796
-0.256238
-0.058409
-0.084167
-0.119312
0.236048
-0.054547
0.259859
0.125990
0.237121
-0.263234
0.108356
-0.216402
0.418120
-0.391457
-0.240473
-0.351311
0.355785
-0.385406
-0.477966
-0.141764
0.263239
0.085215
0.464168
0.189589
-0.145868
0.011096
0.356890
-0.266390
0.232820
-0.027664
-0.076559
-0.183793
0.077811
0.003893
-0.028766
0.207908
0.123707
0.265760
0.034359
0.295882
0.101311
-0.254708
-0.412858
-0.169956
-0.482258
-0.270735
0.060888
0.300426
0.106105
0.038852
-0.055476
0.019225
-0.051017
-0.337698
0.238166
-0.055309
-0.082211
0.293818
0.052195
0.137678
-0.094739
-0.228371
-0.236965
0.328903
0.383950
-0.100283
-0.309865
0.289300
0.000807
0.210170
-0.120084
0.257596
0.449086
0.053476
0.026755
-0.230524
0.097891
-0.091454
-0.249962
-0.412743
-0.446297
-0.136006
0.106374
0.184308
0.006478
-0.125650
-0.101052
0.156222
0.118893
0.077571
0.049500
0.052983
-0.283359
0.319001
-0.033869
-0.347472
-0.029119
0.208329
-0.169537
-0.081465
-0.320687
-0.197145
-0.099355
0.047506
0.546380
0.215400
-0.283225
-0.104856
0.408291
0.587140
0.370970
-0.066919
0.223210
0.079381
0.145711
-0.045187
-0.130886
0.107723
-0.214679
-0.020741
0.192328
-0.212247
-0.191892
-0.212050
-0.068704
0.028608
0.150703
-0.459986
0.013606
-0.307003
-0.205926
-0.216786
-0.267905
-0.247230
-0.187001
-0.019959
0.047795
0.017714
0.244179
0.026714
0.405823
-0.045479
-0.151339
0.090979
0.061317
0.082544
-0.134591
0.391473
0.514409
0.173353
0.225242
0.029951
0.124237
-0.137467
-0.042562
-0.158884
0.469296
0.103093
0.306931
0.010856
-0.370044
0.177585
-0.003934
0.033563
0.535659
0.000000
0.303964
0.185881
-0.302990
-0.837250
-0.406348
-0.676687
-0.420524
-0.970607
-0.837565
-0.379849
-0.021357
0.122683
-0.051185
-0.415234
0.375891
0.414631
0.621565
0.276924
0.274140
0.196520
0.669696
0.481448
0.163549
0.468495
0.159827
0.104221
0.041091
0.218803
0.088491
-0.366819
0.537390
0.247603
0.030132
-0.302447
-0.282336
-0.065641
0.347409
-0.539879
-0.391787
-0.647430
0.117689
-0.000895
0.019358
-0.414048
-0.246440
-0.434534
-0.013240
-0.124601
-0.531450
-0.243411
0.161999
0.148370
-0.300325
0.363680
0.705139
-0.094884
-0.346242
0.531827
0.402833
0.458875
-0.002224
-0.026038
-0.078222
0.695366
0.059937
0.310739
-0.089894
0.072719
0.275205
-0.190504
-0.548274
-0.315267
-0.041850
-0.636437
-0.202698
0.313163
-0.200688
-0.439145
0.239128
-0.201864
0.358510
0.099491
0.272337
0.005323
0.317106
-0.181889
-0.185829
0.051180
-0.084154
0.100092
0.243134
0.381122
0.246117
0.033802
-0.094819
-0.086852
-0.100345
0.160568
-0.298696
-0.036149
-0.098363
-0.270808
-0.449196
-0.128622
-0.419501
-0.272986
-0.039983
0.060515
0.160255
0.168347
-0.079665
-0.001902
0.041078
0.263878
0.448474
0.153533
-0.257768
0.251148
0.236515
0.028395
0.317791
0.606302
0.187285
-0.199515
-0.089121
0.107873
-0.236616
-0.243524
-0.008278
-0.435282
-0.228737
-0.175855
0.100322
0.226823
-0.189959
0.184973
-0.288502
-0.223332
0.166839
-0.374604
0.154391
0.317651
0.027292
-0.295877
-0.242657
0.189118
0.279962
-0.110499
0.340128
0.043546
0.112933
-0.183990
0.325277
0.126503
-0.102142
-0.633118
0.324397
-0.206918
0.223452
-0.223186
-0.500544
-0.019408
0.066884
-0.162374
-0.133379
0.093036
0.135751
0.189751
0.228191
0.145881
0.212094
0.184061
-0.031494
0.136504
0.347396
0.449846
-0.057922
-0.202404
0.031784
-0.106684
-0.423104
-0.473905
0.011463
0.437620
-0.262957
0.269817
-0.243721
-0.235063
-0.294451
-0.039921
0.017011
-0.132408
-0.365055
0.062924
0.334658
0.125937
-0.084356
-0.186044
0.124466
0.180069
-0.087333
-0.050109
-0.022360
0.102198
0.171612
0.008201
0.170090
0.190509
0.246212
-0.091176
-0.101647
0.061327
0.331555
-0.321287
-0.052475
0.225829
-0.248275
-0.209143
-0.197784
0.216666
-0.072761
-0.218933
0.216180
0.016531
0.220789
-0.207058
0.008571
-0.117283
-0.231958
-0.098439
0.479260
-0.150067
0.461621
0.100686
-0.414112
0.056895
-0.092228
-0.282392
0.552737
0.270316
-0.148200
-0.191140
-0.247281
0.088451
-0.473515
0.242981
0.043123
0.081352
-0.051100
-0.163905
0.227334
-0.124418
0.088376
-0.180074
-0.200015
0.044195
-0.158154
0.024558
0.137838
0.567132
0.263978
-0.080007
-0.251416
0.177105
-0.331646
-0.140624
-0.019777
0.294601
0.533434
-0.172666
-0.285159
-0.520321
0.419747
0.225594
-0.247987
0.125647
0.030565
0.081842
0.164251
0.423783
-0.096576
-0.072669
0.041991
-0.250356
-0.178904
-0.217613
-0.399913
0.193331
-0.084925
-0.585144
-0.327755
0.046128
0.011159
0.691229
-0.171287
0.209356
0.221311
-0.527228
0.318209
0.243474
0.027072
0.033809
-0.012041
0.362267
0.119151
-0.288816
-0.207807
-0.065690
-0.068910
-0.137678
0.124962
0.061099
0.353288
-0.123960
0.180823
0.059366
0.177137
0.067514
-0.285482
-0.187298
-0.011683
0.864928
-0.035351
0.066748
-0.430616
-0.731721
0.300787
0.413982
0.110051
-0.617169
0.102667
-0.477295
0.046503
0.043791
-0.556597
-0.076862
0.239518
0.224288
-0.009183
-0.239294
-0.139394
0.351949
0.317111
-0.216471
0.171358
0.145290
0.038250
0.259802
-0.200024
-0.014136
0.406954
-0.165327
-0.326399
0.223539
-0.592740
-0.400557
-0.023545
-0.238414
0.245749
-0.182808
0.477249
0.745172
0.636378
0.144561
0.196074
0.205356
0.143186
-0.096732
-0.272197
-0.304173
-0.556186
-0.053396
-0.015334
0.318222
-0.276546
0.137194
-0.249063
-0.354175
-0.308470
0.107219
0.174127
-0.180033
-0.107656
-0.004475
-0.119301
0.300616
-0.340180
-0.410447
0.383483
0.027874
0.029532
-0.276821
0.330399
-0.044367
0.101598
0.046608
-0.737312
0.586109
0.352950
0.017584
0.632460
-0.044194
0.342372
0.320934
-0.220030
-0.025113
0.361212
0.013798
0.156549
-0.138700
-0.363411
-0.537504
-0.160560
-0.057868
0.105428
-0.188548
0.075737
-0.347677
-0.487641
0.283057
0.638751
0.246122
0.359794
0.194566
-0.407600
-0.234892
-0.067057
0.108012
-0.274695
-0.405040
-0.446167
-0.549855
0.106408
0.198766
0.078831
0.169344
0.493276
0.075759
0.087348
-0.132752
-0.054284
0.132026
0.217495
-0.261124
-0.022266
0.193248
0.103509
0.474722
-0.236763
-0.110050
0.446134
0.024750
-0.505918
-0.466395
-0.084752
0.285939
0.567631
0.399781
-0.028490
0.155856
0.247445
-0.228631
-0.608515
-0.235511
-0.002710
-0.078722
0.537872
0.280748
-0.690499
-0.608657
0.017533
0.158751
0.072419
-0.042353
0.196123
0.211642
0.355674
-0.472434
-0.647743
0.001075
-0.492750
-0.039090
0.472741
0.010415
0.151044
-0.317243
0.151594
0.285846
-0.450428
-0.082077
0.351462
0.306302
0.168748
0.434141
0.264589
-0.137882
0.331341
-0.029644
0.052989
-0.148416
0.177794
-0.061491
-0.339643
-0.009122
-0.174782
-0.294010
-0.064826
0.153482
0.208261
0.098696
-0.241350
-0.187766
-0.011192
0.233502
-0.042993
0.306883
-0.071850
-0.100530
-0.169384
-0.040322
0.273316
-0.318932
-0.367742
-0.190875
-0.406510
0.411157
-0.332226
-0.103736
0.298651
-0.191868
-0.043170
-0.408392
0.339143
0.301413
0.215814
0.355243
0.145215
0.494391
0.484434
-0.015242
-0.335880
0.334751
-0.371117
0.000000
0.267177
0.092401
-0.203339
0.175178
-0.171572
-0.121686
-0.476329
-0.332123
-0.246974
-0.224605
-0.135273
0.222486
-0.238432
0.163524
0.041342
0.143217
0.245600
-0.196233
-0.162271
0.229018
-0.097036
0.152321
-0.518559
0.221970
0.126070
0.760690
0.748768
0.249561
-0.163126
0.029597
0.035971
-0.458394
-0.123447
-0.491194
-0.300474
0.126360
-0.336546
-0.099644
-0.118741
-0.291979
-0.202484
0.248969
0.200366
-0.304141
0.126527
-0.021953
0.384953
0.109024
0.385792
0.423343
0.072708
0.077179
-0.525620
0.116908
0.267342
0.273278
-0.162275
-0.240404
0.213272
-0.333226
-0.064505
0.133017
-0.206543
-0.164092
-0.342568
0.092970
0.022991
-0.119263
-0.177514
0.303361
0.331337
-0.069670
