0.000000
0.000000
-0.343490
0.025251
-0.109917
-0.617492
-0.021219
0.526924
0.061786
0.083437
0.472164
0.090040
0.337714
0.638362
0.386688
0.118742
-0.335971
0.090846
-0.039208
-0.006616
0.100523
-0.313827
-0.347844
-0.815467
-0.153731
-0.276700
-0.766195
-0.138580
0.156262
-0.220873
0.265048
0.359366
0.417986
0.500712
-0.044885
0.083654
-0.011389
-0.261599
-0.312385
0.348967
-0.806672
-0.409047
-0.299038
-0.477317
-0.386870
0.847296
0.335072
0.911919
0.318615
-0.671664
0.243067
-0.043787
0.376783
1.092429
0.569058
0.196254
0.116838
0.214227
0.172096
-0.122179
-0.258549
-0.199724
0.172291
-0.249011
0.083038
-0.025994
0.028851
-0.947279
-0.045317
-0.298671
-0.767958
-0.409466
0.547748
-0.688412
-0.946852
-0.187387
0.025684
0.377604
0.392892
-0.024261
-0.273709
0.209310
0.169488
0.337664
0.098887
0.304507
-0.089724
0.341718
0.337425
-0.146460
0.259321
-0.115000
0.133112
0.180359
-0.678560
0.556577
-0.133224
-0.779988
0.172825
0.670931
0.326745
-0.094584
-0.119440
0.129708
0.239391
-0.493892
0.500931
-0.194745
0.351052
-0.374711
-0.315136
-0.510699
0.051314
0.257072
1.155147
1.040133
-0.155255
-0.383850
-0.387098
-0.349707
0.015867
-0.404792
0.115370
-0.745985
-0.139033
-0.706993
0.187886
-0.010664
0.143960
0.064514
0.077543
-0.360145
-0.321279
-0.610944
-0.002883
0.133964
-0.191976
-0.210081
-0.176499
-0.085877
0.223610
0.698605
0.971900
0.425752
0.473071
0.456295
0.473095
0.266577
0.178682
-0.189085
-0.475917
0.028944
0.004203
-0.184407
-0.047705
0.218222
-0.659231
-0.690316
-0.259407
0.089407
0.416302
0.152228
0.532832
0.263751
-0.453797
-0.161658
0.006195
0.162271
-0.227191
0.301376
0.244632
-0.044594
-0.669535
-0.670564
-0.147455
0.443832
0.026970
-0.553840
-0.322562
0.795411
-0.127488
-0.264176
-1.299868
-0.090997
-0.058801
-0.034157
0.397028
0.055180
0.178509
0.452726
0.612547
0.486989
0.277934
0.370947
0.676552
-0.078991
0.009273
-0.847646
-0.047966
-0.384490
0.110795
-0.301163
0.137271
0.185848
0.247628
0.718971
0.183903
0.204605
-0.008214
-0.416723
-0.013160
-0.201826
-0.079244
-0.002720
-0.657596
-1.409686
0.281852
0.582771
-0.743548
0.207371
0.263763
0.012956
-0.006300
-0.175578
-0.052292
0.864584
0.350197
-0.043450
-0.486956
-0.241435
-0.163072
-0.183555
0.815520
0.328592
0.002232
0.266223
0.500112
-0.030683
-0.438300
0.150238
-0.182540
0.137560
-0.328466
-0.629980
-0.486781
-0.461389
-0.458624
-0.292976
-0.096405
-0.236291
-0.096680
0.795440
0.705685
0.028339
0.157946
0.620359
-0.230336
0.340068
0.903208
0.284482
-0.149647
0.263299
-0.075557
0.248952
0.939030
0.340238
-0.246839
-0.701975
-0.403383
-0.045584
-0.547719
-0.786140
-0.573590
-0.467237
-0.060003
0.414303
-0.202133
-0.203742
-0.261607
-0.191735
0.524640
0.102203
0.258515
0.160501
-0.047531
-0.195262
-0.449525
-0.252673
0.016829
0.624177
-0.049037
0.122150
0.244139
0.246502
0.504094
0.290489
-0.032882
-0.124305
-0.165541
-0.785804
-0.486148
0.654884
0.634533
0.086011
-0.152494
0.148193
-0.132993
-0.164387
0.198314
0.546750
-0.212159
0.010258
-0.174017
-0.375782
0.614683
0.310386
-0.203492
-0.477193
0.101896
0.060230
-0.287550
-0.699321
-0.321260
0.104450
0.152125
-0.242241
0.097554
-0.099823
0.143211
0.040703
0.314819
0.057414
0.427462
0.243494
0.062470
-0.686261
0.081094
0.163997
0.437930
0.010131
0.000000
0.000000
-0.589740
-0.339813
-0.188482
-0.279022
-0.044289
-0.023354
-0.343207
0.180906
0.010491
0.658758
0.242589
0.189770
0.513434
0.165844
-0.094381
0.017496
0.326388
-0.156922
-0.603115
-0.208039
-0.999547
-0.184004
-0.217971
0.342058
0.498272
0.753684
0.138325
-0.842813
-0.274684
-0.393406
-0.251104
0.446716
0.825322
0.580032
0.729585
0.115466
-0.009246
-0.105813
0.550016
-0.023522
-0.072996
-0.065306
0.414423
-0.031418
-0.059677
-0.410139
-0.633432
-0.218318
0.568930
-0.633995
-0.475165
-0.424531
-0.095689
-0.043300
-0.082444
-0.464426
0.408585
0.245152
-0.330053
-0.409077
-0.568632
-0.490074
-0.208326
-0.009211
-0.240923
-0.434852
0.431223
0.388155
0.426885
0.480320
-0.161295
-0.175919
0.918933
1.160218
1.036452
0.411646
0.571506
0.423541
0.283913
0.035995
0.309602
-0.437593
-0.482695
-0.358823
-0.447232
-0.257991
0.034381
-0.298588
-0.051053
-0.527119
-0.276808
-0.491720
-0.289133
-0.020187
-0.198481
-0.276735
-0.166672
-0.197956
-0.144203
-0.225346
-0.204786
0.249118
-0.000967
0.712993
0.618343
-0.025850
-0.582124
-0.454125
0.049452
-0.180419
0.088351
0.390888
0.364250
0.315682
-0.115756
0.171381
-0.008208
-0.564180
-0.109658
0.740346
-0.428356
0.325845
0.592160
0.507080
0.311575
0.292063
0.185899
0.827195
0.410475
-0.218607
-0.088192
0.136976
-0.048204
-0.143263
0.037429
-0.932441
-0.735266
-0.292013
-0.381734
-0.396932
-0.335127
-0.796423
-0.308114
0.284618
-0.015155
-0.088083
-0.079526
-0.140455
0.026298
0.242000
0.510438
0.179531
0.120381
-0.265529
-0.326999
0.108690
-0.257110
0.050796
-0.283959
-0.463913
-0.200305
1.051400
0.427760
0.028034
0.212114
-0.000881
0.634727
0.455603
0.933788
0.261203
0.452418
0.657473
0.003370
0.020086
0.135081
0.173878
0.012920
0.300796
-0.180485
-0.753209
0.000000
-0.230226
-1.286942
-1.084011
-0.942805
-0.562829
-0.448000
-0.404950
-0.196174
-0.202639
0.265842
-0.054421
-0.250082
-0.163250
-0.469612
0.420866
-0.006306
0.510236
0.732382
0.778138
1.151568
1.354897
0.130334
-0.357037
-0.024161
-0.027714
0.427849
0.224694
-0.263731
-0.591583
-0.052931
-0.179332
0.225964
0.068766
-0.358963
0.098165
0.815041
-0.190884
-0.312599
-0.355074
0.027243
-0.208903
-0.290470
-0.513793
-0.086797
-0.028086
0.132859
-0.147383
-0.524803
-0.372080
-0.340061
0.237436
0.129534
0.219329
-0.015263
0.491939
0.048958
0.120747
0.623553
0.648838
0.061541
-0.285433
-0.299779
-0.001066
-0.192972
0.035155
-0.390838
-0.002333
0.047992
0.428805
0.062168
0.032811
-0.006615
0.088733
-0.249179
-0.146520
-0.116559
-0.264629
-0.110521
-0.081482
-0.261743
0.019137
0.146211
-0.738213
0.613058
0.121029
0.407339
0.509838
0.190221
0.142354
0.083862
-0.303328
-0.441535
0.463586
-0.751573
0.085923
0.806264
0.200183
0.234451
-0.190175
0.481099
0.080179
-0.166078
-0.617797
-0.422056
-0.505433
0.030490
-0.369770
-0.201786
-0.061189
0.275613
0.185358
0.538507
0.653852
0.479628
-0.068768
-0.568587
-0.734092
-0.555357
-0.629377
-0.356744
-0.003368
0.319238
-0.234327
0.199707
1.063969
0.317658
-0.166245
-0.084614
0.045796
0.360308
0.341449
-0.155922
-0.377650
-0.326761
0.063429
0.554833
0.379938
0.234303
0.025368
0.079628
0.121268
-0.272827
-0.063561
0.028209
-0.120326
-0.507107
0.049514
0.252803
0.446594
0.143153
0.311094
0.227887
0.030352
-0.492110
-0.289612
-0.889373
-0.310173
-0.122862
-0.583819
-0.088842
0.035997
-0.306203
-0.284348
-0.330095
-0.037710
-0.226519
-0.071143
0.146821
1.108124
0.623850
0.600862
0.645513
0.030426
0.347846
0.340093
0.060264
-0.149801
0.059388
-0.308641
-0.413878
-0.321110
-0.002180
-0.009354
0.358426
-0.165102
-0.475296
-0.115296
0.066508
-0.095482
-0.162402
-0.232031
-0.424210
0.127097
-0.005335
-0.151932
0.110435
1.094233
0.791100
0.209800
-0.160234
-0.318459
-0.047450
0.366393
0.382150
-0.901057
-0.386164
-0.300251
-0.261757
-0.058337
-0.096528
-0.228668
-0.079362
0.358697
-0.161780
0.455168
0.162869
-0.277274
-0.280477
0.222942
0.103847
-0.104525
0.301529
0.369000
-0.333190
0.035261
-0.119737
-0.436858
-0.229736
0.044586
-0.642510
0.475531
0.234767
0.101183
0.287756
-0.247533
0.494699
0.040615
-0.210475
-0.188962
0.196532
0.384706
0.428294
0.760911
-0.063705
-0.495150
-0.243691
0.346810
0.221789
0.284816
-0.222603
-0.042727
0.062090
0.185684
-0.540793
-1.151195
-0.099225
-0.444671
-0.491191
0.202942
0.368443
0.154785
0.567911
-0.018139
-0.238422
-0.046828
-0.263730
-0.149722
0.215545
-0.169155
0.066625
0.002206
0.287522
0.197158
0.329804
-0.012371
-0.143474
0.114323
0.119043
0.028671
-0.057723
-0.361693
0.088128
-0.111029
0.000882
-0.298916
0.206736
-0.279072
-0.533118
-0.268008
-0.170362
0.128571
0.521383
0.706917
0.225761
0.053904
-0.067801
-0.083864
0.053287
0.941313
0.679751
0.376718
0.189553
-0.352901
-0.348930
0.304673
-0.151282
-0.466750
-0.281571
-0.162499
-0.519183
-0.395022
0.278667
-0.011482
-0.132062
-0.360231
-0.235591
-0.586998
0.483888
-0.287978
-1.075881
-0.636505
-0.601616
0.267719
1.207123
0.601598
0.422325
0.156287
0.412828
-0.022326
-0.496685
0.233623
0.407744
0.284975
0.563339
0.166422
0.062601
-0.103790
0.035227
-0.088566
-0.212627
-0.196781
0.119852
0.196113
0.271118
0.189851
0.239757
-0.345411
-0.169336
0.285021
-0.549393
-0.644347
0.351865
0.450482
0.336322
-0.113338
0.169349
-0.116690
-1.288942
-0.662540
-0.457667
-0.566129
-0.173785
0.084139
0.221771
0.321214
0.658308
-0.138064
0.157542
-0.129634
0.173215
-0.297303
0.046020
0.604578
0.198617
-0.316937
0.404577
0.659269
-0.114382
0.136157
0.346663
0.353206
0.191730
0.147575
-0.622592
-0.485653
-0.164678
-0.382567
-0.216819
-0.319653
-0.401341
-0.129526
0.231718
-0.168686
0.319238
0.458762
0.411422
-0.149931
0.097705
0.684503
0.567336
-0.084183
-0.174331
-0.186437
-0.074448
0.079376
-0.173542
-0.205060
-0.186982
-0.171575
-0.480938
-0.177464
-0.105229
0.424731
-0.101655
-0.223947
0.157633
0.132672
0.042982
-0.177359
-0.021931
-0.735366
-0.407105
-0.098347
-0.050093
0.493049
0.307330
0.351819
-0.064582
-0.278661
0.026148
0.454698
0.372439
0.111389
0.074484
-0.011269
-0.193948
0.302803
0.003386
0.129354
0.727149
0.515415
0.119503
0.033003
-0.608539
-0.184641
-0.647606
-0.145125
0.157309
-0.361077
-0.470152
0.283847
-0.097188
0.075362
0.311737
0.174759
0.053393
-0.196737
-0.224449
-0.201304
-0.032649
0.046803
0.042927
-0.656935
-0.427346
0.409387
0.056807
0.104527
0.406497
-0.095428
-0.217373
0.041901
-0.107039
0.454629
0.413830
0.076489
-0.039398
0.134588
-0.241432
0.216619
-0.136633
-0.329051
-0.192774
-0.439350
-0.001486
-0.519227
0.030585
0.580675
0.174385
0.216106
0.360663
0.528214
0.078956
-0.048635
0.169182
-0.185417
-0.318747
-0.097188
0.056725
0.448450
0.423438
-0.124770
0.396013
-0.013374
0.054575
-0.165180
-0.280315
-0.628513
-0.240518
0.153719
-0.192615
0.190434
0.009291
-0.437323
-0.121024
-0.051802
-0.140243
-0.417863
-0.816594
-0.183783
-0.568001
0.054520
0.117171
0.282672
0.423543
0.304339
0.137901
0.463794
0.090632
-0.436403
0.012447
0.094878
0.149324
0.470498
0.533629
0.669006
0.583848
0.102671
0.250972
0.330710
-0.214456
-0.133657
-0.016601
-0.314839
0.000000
-0.186510
0.391281
-0.112952
-0.340343
-0.419489
-0.331496
-0.304226
-0.026046
0.003357
-0.092281
-0.283751
-0.672097
-0.695645
-0.670769
0.030784
0.174226
-0.206174
0.335322
0.446247
-0.017656
0.523967
0.580812
-0.001887
0.193417
-0.097081
-0.039800
-0.480041
-0.008300
-0.086296
-0.017837
0.429568
0.413044
0.574252
0.581237
0.010640
0.243604
0.168344
-0.160893
-0.150101
-0.338416
-0.439422
-0.390976
0.011757
-0.258507
-0.289542
0.515523
0.428195
0.423769
0.531716
-0.676916
-0.529205
-0.129064
0.022741
-0.028910
0.181146
-0.156543
-0.046233
-0.085632
-0.342159
-0.171120
-0.021917
0.154903
-0.191285
0.212367
0.499995
-0.116162
-0.387402
-0.136191
0.028740
0.042427
-0.049749
0.481284
