0.435349
-0.278658
0.046790
0.249415
-0.071820
-0.115932
-0.070200
-0.164958
-0.244924
-0.068602
0.140772
0.052596
-0.146718
-0.121234
0.137113
0.249159
-0.002643
-0.010337
0.155953
0.012492
-0.273544
-0.182881
-0.168295
-0.438440
-0.239036
-0.016593
0.249021
0.493014
0.382002
0.295694
0.169115
0.316971
0.382071
0.226985
-0.021540
-0.300547
-0.123719
-0.270685
-0.466943
-0.465964
-0.180946
-0.159587
-0.043634
0.145195
-0.067665
0.159744
0.126968
-0.172011
-0.062027
0.104701
0.030687
0.140456
0.232287
0.089197
-0.187649
-0.078575
0.074477
0.000464
0.196599
0.137524
0.057582
0.217547
-0.069291
-0.221393
-0.045657
0.164176
0.211526
-0.063042
0.092228
-0.001943
-0.005151
-0.055662
-0.435707
-0.187999
0.038945
-0.071350
-0.194110
-0.066833
-0.133011
-0.060716
-0.028303
-0.088204
0.314041
0.150911
-0.009795
-0.127815
-0.044187
0.019865
0.028541
0.334713
0.326145
-0.043215
0.003595
-0.039378
-0.082185
0.123791
0.318177
0.140022
0.266733
0.195956
-0.235264
-0.285435
-0.344664
-0.273107
-0.204255
-0.120536
-0.085283
-0.008449
0.076712
-0.240479
0.037557
0.169437
-0.053392
0.127265
0.114165
-0.063423
0.020998
0.184543
0.194220
0.053012
-0.022969
0.066867
0.061218
-0.119337
-0.214744
0.202261
0.135449
-0.039925
-0.094804
-0.288589
-0.176015
0.034756
-0.266752
-0.193461
0.124714
0.174030
0.160036
0.064161
0.085400
0.278524
0.460939
0.331352
0.055118
-0.256182
-0.331698
-0.272217
-0.117051
0.071819
0.168452
-0.054756
-0.075490
-0.187122
-0.244000
-0.153152
-0.051351
-0.140046
-0.026054
0.018762
-0.137135
-0.220030
0.083663
0.199974
0.299890
0.245222
0.288320
0.435790
0.345006
0.389974
-0.003667
-0.307586
-0.269258
-0.143409
-0.106946
-0.232460
-0.457750
-0.143652
-0.003377
-0.082316
0.077160
0.577998
0.105658
-0.286115
-0.060968
-0.487642
-0.180826
0.157693
0.018165
-0.012790
-0.005982
0.032473
0.179930
0.269519
0.143290
0.000583
0.005544
0.020896
-0.073364
0.119275
0.158035
0.057783
0.162580
-0.089207
0.087808
0.069941
-0.255721
-0.257543
-0.022875
0.025833
-0.158670
-0.194816
-0.045220
0.226168
0.317325
-0.233321
0.066959
-0.148685
-0.023121
0.036133
0.150889
-0.161387
0.122717
-0.383407
-0.323999
0.189904
0.427957
0.162860
0.020484
-0.076751
-0.171783
-0.243384
-0.048943
0.123748
0.032527
0.009611
0.092547
0.148673
0.009990
0.092712
0.201837
-0.244498
-0.250083
0.205436
0.114319
0.151728
0.135334
0.119754
0.079842
-0.011827
0.057038
0.140567
-0.356615
-0.274958
-0.175606
-0.146880
-0.214747
-0.145440
-0.167279
0.053324
0.152030
0.013809
-0.133321
0.021014
0.172750
0.136591
0.197584
0.003233
0.007378
0.147814
0.164115
0.245055
0.045308
-0.074151
-0.127762
-0.187418
-0.156989
-0.133049
-0.015308
-0.120524
-0.203020
0.208734
0.234890
0.012508
0.073715
0.029680
-0.098962
0.155776
-0.107342
-0.101993
0.088178
-0.039500
0.270516
0.018182
-0.163791
0.016568
0.333549
0.029568
-0.098855
-0.082773
-0.299203
-0.252732
-0.373216
0.026213
0.003614
-0.156122
-0.027923
0.128041
0.417672
0.306296
0.199285
0.178048
0.033812
-0.187940
-0.025471
0.160429
0.061953
-0.115659
-0.021453
-0.111608
-0.213071
-0.159470
-0.189152
-0.108265
-0.026081
-0.177176
0.202603
0.314596
0.011560
-0.125646
0.019595
0.148221
-0.001789
0.192018
-0.201690
-0.047652
0.118590
0.051673
-0.105394
-0.116841
0.085005
0.073641
0.048331
0.160111
-0.039847
0.083417
0.139374
0.102312
0.223675
0.194973
-0.084212
-0.347024
-0.310645
-0.077681
-0.232860
0.051660
-0.015488
-0.416411
-0.249292
-0.259106
-0.061608
0.322116
0.270937
-0.121998
-0.126453
0.084381
0.258703
0.239876
0.282155
0.384128
0.026916
-0.021231
0.107887
0.186367
-0.218070
-0.403983
-0.189436
0.000000
0.000000
0.242621
0.205541
-0.054203
-0.124675
-0.073602
0.256836
0.067483
-0.155759
-0.275545
-0.185652
-0.401748
0.014331
-0.109571
-0.089129
0.146916
0.224294
-0.028577
-0.002828
0.228655
0.337984
0.141116
-0.131929
-0.194917
-0.143609
-0.128547
0.018444
0.073445
0.201199
0.399470
0.090528
-0.205653
-0.224091
-0.239348
-0.183920
-0.088555
0.092280
-0.251065
-0.107550
0.151461
0.249300
0.302434
-0.056304
-0.171662
-0.054881
0.170989
0.237665
0.147859
0.310746
0.124418
-0.037499
0.019495
-0.114364
-0.135892
-0.095171
-0.274801
-0.016345
-0.105576
0.397973
-0.004088
-0.458268
0.044957
0.113792
-0.120689
-0.069520
-0.021280
-0.170785
-0.000189
0.020323
-0.196761
-0.132475
0.083441
0.193903
0.277256
0.295021
-0.194809
-0.170701
-0.060659
-0.025238
0.157405
0.048221
-0.337428
-0.335243
-0.011489
-0.009571
-0.054035
0.099620
0.300622
0.367166
0.311314
0.418084
0.300918
0.063608
-0.062011
-0.184153
-0.240693
-0.405801
-0.185364
-0.092808
-0.055652
-0.164261
0.023301
0.004613
0.003237
-0.234072
0.041410
0.429375
0.397202
0.342782
0.065097
-0.240770
-0.360888
-0.155617
-0.138150
0.083573
-0.008349
0.297538
0.255374
-0.083741
-0.404162
-0.265913
-0.147969
-0.157068
0.095650
0.151274
0.051003
-0.155710
-0.137160
0.025253
-0.068090
-0.076878
-0.087595
0.046272
0.219412
-0.041783
0.013911
0.305249
0.378354
0.295767
0.020064
-0.018088
-0.153889
0.205614
0.246272
-0.048004
-0.158119
-0.087795
-0.219819
-0.142287
0.171984
0.082711
-0.050182
0.047058
-0.140498
-0.389701
-0.095398
-0.170666
0.000000
0.000000
-0.323090
0.221768
0.200520
0.297572
0.192215
0.055264
0.156765
0.024643
0.137614
0.184142
-0.081923
-0.230527
-0.383295
-0.345684
-0.265717
0.104287
-0.056353
-0.095728
0.107251
-0.111373
0.035286
0.201375
0.156634
0.251786
0.375903
0.191227
0.013228
-0.335707
-0.098969
0.027316
-0.239771
0.105564
-0.149034
0.131759
0.015751
-0.596888
-0.368539
-0.208104
0.087921
0.201722
0.295850
0.294875
0.324888
0.531513
0.090010
0.126093
0.306890
0.207254
-0.106515
-0.211422
-0.321200
-0.105464
-0.057218
-0.125446
-0.313627
-0.151480
-0.118980
-0.204498
0.194231
0.212259
0.101735
0.063578
-0.007820
-0.375451
-0.147010
-0.482780
-0.331581
-0.193063
-0.029798
0.302581
0.157780
-0.019357
0.090990
0.212263
0.081669
0.326633
0.516713
0.221859
0.189205
0.293007
0.247200
-0.174183
-0.318588
-0.037879
-0.308698
-0.232761
0.051061
0.079837
-0.033050
-0.201300
0.054481
-0.014383
0.032592
0.262562
0.071011
-0.394043
-0.483824
-0.430916
-0.336885
0.000495
0.245187
0.239226
0.273350
-0.008646
0.271690
-0.026255
-0.141722
0.112996
0.241248
0.500656
0.089772
0.189285
0.298088
-0.170773
-0.236209
0.142549
-0.077973
-0.307528
0.095397
-0.111752
-0.313785
-0.178209
-0.135175
-0.050653
-0.202871
-0.081292
-0.048012
0.049725
-0.326576
-0.449748
0.143499
0.000000
0.000000
0.231282
0.321636
0.070755
0.198985
0.127074
0.148007
0.057896
0.138265
0.431178
0.301216
0.035842
0.124791
-0.067109
0.103796
0.013638
-0.257145
-0.278170
-0.298343
-0.316845
-0.283231
-0.163474
0.082804
0.192819
0.155817
0.132744
0.228960
-0.029647
0.033482
0.284806
-0.304384
-0.387435
-0.229352
-0.445870
-0.228136
0.061626
0.344769
0.402513
0.322395
0.463762
0.181045
0.011182
-0.334232
-0.194557
-0.207765
-0.508076
-0.301138
-0.251945
-0.056635
0.197435
-0.055150
-0.022384
0.321097
0.496798
0.553624
0.085816
-0.032144
0.199980
-0.049533
0.088930
0.000000
0.000000
-0.301855
-0.247054
-0.315325
-0.105185
0.201358
0.069788
0.214152
-0.352796
-0.125250
0.096814
0.153809
0.000000
0.000000
-0.058514
0.168139
0.103732
-0.018324
-0.299509
-0.168925
0.167374
0.006379
-0.141730
-0.054516
-0.180796
-0.120133
0.441935
0.445022
0.178257
0.140464
0.019432
-0.042227
-0.206631
0.198053
-0.097457
-0.342121
-0.061741
0.019044
-0.005628
-0.104484
-0.281666
0.154533
-0.030360
-0.198586
-0.190516
-0.288562
0.054820
-0.124938
0.183452
0.616732
0.411455
0.211123
0.014115
0.036339
-0.037099
-0.193455
-0.458107
-0.141829
0.220326
-0.020979
-0.186962
0.036382
0.190365
-0.207986
-0.225574
0.021075
0.143709
0.135571
-0.009420
0.038785
0.304859
0.184583
-0.065713
-0.029059
-0.137320
-0.087933
0.224411
0.227772
0.221932
0.342364
-0.019358
-0.098414
0.285887
-0.050098
-0.281103
-0.339031
-0.430700
-0.453837
-0.171073
-0.215440
-0.182552
-0.307945
-0.174484
0.193883
0.272707
0.122802
-0.006638
0.133120
0.164923
0.082360
-0.123426
-0.034395
0.031237
0.275480
0.312460
0.547206
0.436489
-0.002073
-0.151140
-0.104594
-0.292866
-0.086676
0.009701
-0.059243
0.260728
-0.069233
-0.221905
-0.232220
-0.055658
-0.000210
-0.132468
0.029255
-0.115273
0.189082
0.218274
-0.117393
-0.016123
0.063239
-0.176170
0.075367
-0.004448
-0.161512
-0.075412
0.158599
-0.016443
0.129102
0.438545
0.024868
-0.291835
-0.113823
-0.193485
-0.156722
-0.338264
-0.351296
-0.192887
0.018142
0.007239
0.015620
0.364329
0.466435
0.306972
0.212870
0.246878
0.212071
0.033911
0.001708
0.034415
-0.205387
-0.216269
-0.224775
-0.301542
0.336325
0.000000
0.000000
0.000000
-0.247751
0.096179
0.029208
0.137435
0.203798
-0.351478
-0.342635
-0.234545
-0.233924
-0.027433
0.152824
0.404410
0.191730
0.226429
0.324975
0.238910
-0.131585
-0.151132
-0.106944
-0.087169
-0.099577
-0.074865
0.024775
0.162388
0.037314
-0.147282
-0.214383
-0.468547
-0.240879
-0.145385
-0.102994
0.000000
0.000000
0.234027
0.356528
0.178626
0.238090
0.332161
0.022611
0.069253
0.069147
-0.114968
0.171468
-0.227371
-0.002212
-0.037429
-0.019000
0.029806
0.021206
0.142820
-0.266253
-0.313189
-0.135186
-0.116375
-0.404855
-0.193562
-0.042397
0.254991
0.346025
0.331037
0.117209
0.366137
0.291562
0.161867
-0.094384
0.072338
-0.135658
-0.087451
0.000963
-0.083913
-0.160591
-0.064466
-0.147036
-0.277658
0.115073
0.146967
-0.392217
-0.218445
0.121670
-0.245096
-0.334400
-0.148224
-0.161667
0.330512
0.082395
0.081917
-0.149886
0.139603
0.209142
0.038435
0.018623
0.279029
0.262880
-0.038258
0.460210
0.415224
0.268240
0.037651
-0.275616
-0.016759
-0.082929
0.118070
0.014237
-0.093215
-0.323162
0.076065
-0.232509
-0.104937
-0.336106
-0.342541
0.060458
-0.044198
0.139686
-0.028200
-0.065130
-0.147410
-0.208080
-0.033269
0.018390
-0.262251
0.228841
0.361256
0.038069
0.043691
-0.086999
-0.166057
0.000644
0.433480
0.258581
0.059581
0.060866
0.188840
0.087995
-0.053364
-0.180813
-0.015332
0.007004
0.178418
0.102889
-0.312820
-0.269265
-0.072974
0.137818
0.273325
0.130302
-0.105813
-0.321271
-0.177834
-0.179366
-0.241360
-0.065947
-0.321243
0.047234
0.257933
0.329626
0.247822
0.024655
0.084137
0.088737
0.380797
0.023142
-0.122056
-0.004792
0.139394
-0.185955
0.023152
0.105328
-0.216262
-0.172288
-0.305496
-0.030292
-0.212455
0.076163
0.256458
0.178268
-0.336132
-0.137096
0.412257
0.476773
-0.085637
-0.325798
-0.161984
-0.226738
0.000000
0.000000
0.000000
-0.350072
-0.119350
-0.003221
0.215939
0.135749
0.164675
0.113661
0.109514
0.015426
0.180386
0.236859
0.302513
0.183176
0.007921
0.023095
-0.104223
-0.080067
-0.353582
-0.166866
-0.324391
-0.287503
-0.130985
0.163755
0.363770
0.086304
-0.349625
-0.187956
0.155113
0.074437
0.094615
0.147128
-0.072305
0.286018
0.384707
0.166449
0.038564
-0.266267
-0.451338
0.000000
0.000000
-0.542214
-0.280178
-0.325848
-0.276166
0.016489
0.468470
0.517954
0.141072
0.231020
0.088449
0.118806
0.300706
0.206836
0.084912
-0.361842
-0.242338
0.002564
-0.282471
-0.169417
0.206123
