0.353795
0.142958
-0.188886
0.043599
-0.289337
-0.102138
-0.177827
-0.045524
-0.094623
-0.056246
0.410543
-0.086750
-0.283193
0.218794
0.193906
-0.208863
0.129822
-0.037232
-0.013848
0.037951
0.050477
-0.125770
-0.152452
0.113137
0.147704
0.116080
0.165929
-0.075805
0.049383
0.224843
0.084103
-0.076559
-0.091468
-0.220586
-0.262195
-0.137011
0.110981
-0.146240
0.182452
-0.120338
-0.039672
0.220778
0.190264
0.113905
-0.081007
-0.209611
0.164623
-0.135689
-0.050214
-0.077298
-0.124115
0.100759
0.100246
-0.319387
0.014533
0.343939
0.120071
-0.058531
0.021179
-0.160254
-0.075449
-0.111561
-0.108672
-0.050802
-0.017548
0.229042
-0.100074
0.380230
0.367630
0.175679
0.038617
-0.014746
-0.175271
-0.184922
-0.018265
0.081292
0.076772
-0.251109
0.026287
0.005828
-0.006781
-0.357007
0.226788
-0.119338
-0.338783
0.064184
0.115562
-0.025174
-0.066109
0.007968
-0.080996
0.127647
0.005002
0.196759
0.003507
-0.137941
-0.129219
0.208687
-0.211958
0.157163
0.002069
0.232130
0.302954
0.072706
-0.019240
-0.228124
0.063856
0.031967
-0.311434
0.117305
-0.110700
-0.143300
0.146722
-0.151906
0.313232
0.229062
-0.168354
-0.069266
-0.156228
0.186111
-0.323783
0.241353
0.273319
-0.091863
-0.257223
0.075013
0.167046
-0.120015
-0.459151
-0.181585
-0.202047
0.152932
-0.087417
0.183963
0.238449
0.272118
0.374754
-0.019683
0.045808
-0.087030
-0.168324
0.048194
-0.069827
-0.266514
0.067680
0.100077
-0.112666
-0.464872
0.252143
0.108416
-0.335897
0.136164
0.028326
0.142898
0.172973
-0.067733
0.148482
-0.251852
0.313095
0.154618
-0.181419
0.299965
0.273263
-0.346315
-0.158268
0.004979
-0.086434
-0.074745
-0.200841
0.084177
0.368101
0.219159
0.003394
-0.164772
-0.255964
-0.296542
0.052158
-0.284163
0.201490
-0.067756
0.162517
-0.026925
0.047432
-0.065120
0.029537
-0.144090
0.223970
-0.115823
-0.045843
-0.096437
-0.145622
-0.113929
0.026501
0.016824
0.336235
0.058172
0.267413
0.039381
0.252266
0.101206
0.348427
0.097122
0.145898
-0.017391
-0.323716
-0.310094
-0.155056
-0.200786
-0.320590
0.073492
0.123882
0.033017
-0.017200
-0.517454
0.035010
0.068962
0.055044
0.092917
0.003634
0.011987
-0.005484
-0.001847
0.048187
-0.143682
0.223072
0.104755
-0.133459
0.251534
-0.002224
0.319174
0.135875
-0.178395
-0.062192
0.156493
-0.310553
0.050655
-0.243390
-0.036713
-0.138910
-0.023192
-0.128786
0.012322
0.165077
0.257912
0.094166
0.001224
0.192354
0.010473
-0.238050
-0.002745
-0.023038
-0.147164
0.093365
-0.054520
0.150541
0.028318
-0.277036
-0.045863
0.134433
0.230594
0.144246
-0.032904
0.183266
-0.091965
-0.343601
-0.200611
-0.273499
-0.102130
-0.010634
0.195532
0.122562
0.368757
0.007548
-0.142128
-0.104343
-0.270373
-0.061331
-0.003185
0.128882
0.465738
-0.067970
0.182116
0.144013
-0.216245
-0.099427
0.030853
-0.073355
0.156755
-0.322029
0.072771
0.196178
0.164292
0.027421
-0.319422
-0.047758
-0.360414
0.195536
0.016868
0.140984
-0.075626
0.047671
0.046059
0.100893
-0.191205
-0.036103
0.126416
0.216285
-0.017268
0.250158
-0.005492
-0.222177
-0.235892
-0.092510
-0.023442
-0.301951
0.059376
0.092549
-0.131696
0.280064
-0.100140
-0.289265
-0.008519
0.051180
0.427428
0.263511
0.205645
-0.074996
0.067242
0.021159
-0.018737
-0.085050
-0.130916
0.004853
-0.167193
0.153661
-0.057161
-0.100337
-0.150130
0.185094
-0.302472
-0.048160
-0.222807
-0.050860
0.187809
-0.028562
0.156389
0.157786
0.049764
0.269475
0.392153
-0.035137
-0.006294
-0.102694
-0.035613
-0.375962
-0.116600
-0.204844
-0.058793
-0.032841
-0.087045
0.036605
0.104526
-0.258088
0.329051
0.156327
-0.014687
0.046080
0.213735
-0.083956
0.129345
0.095944
-0.006128
-0.124422
-0.324214
0.123249
0.000000
0.000000
0.023935
-0.089682
-0.073336
-0.118175
0.145744
0.044341
0.219243
0.003104
0.016797
-0.208368
0.069246
0.036907
-0.210635
-0.060602
0.315101
0.312120
0.140894
-0.181034
-0.265042
-0.326685
-0.037785
-0.044622
0.052205
0.077748
0.108242
0.060368
0.008374
0.222893
-0.044425
-0.070607
-0.495730
0.124410
0.254448
-0.130110
-0.065343
0.147233
0.167527
0.117640
0.044833
-0.185727
0.029439
0.143002
-0.018777
0.075651
-0.010142
-0.307508
-0.306149
-0.040642
-0.206129
-0.003465
-0.108602
-0.111830
0.377680
0.175475
0.105490
0.028786
0.029329
-0.205956
0.139346
-0.015901
0.477343
0.161123
-0.153986
-0.210200
0.311053
0.181634
-0.274648
-0.087458
0.057451
0.022386
-0.255864
0.164149
-0.214616
-0.153809
-0.011237
0.156996
-0.091525
0.148682
-0.006118
-0.042543
-0.073543
-0.175624
0.259915
-0.109550
0.040408
0.062181
-0.308646
0.068860
0.067923
-0.039236
-0.030156
0.083263
-0.305191
-0.275997
-0.145153
-0.046572
0.320855
0.079173
0.638993
0.085448
0.157883
0.130091
0.061770
-0.192855
-0.123663
0.047444
-0.176637
0.015528
-0.123933
0.005157
-0.038128
-0.058388
-0.068265
-0.131769
-0.019676
-0.067085
0.223450
0.104224
0.209734
0.176145
-0.116561
0.113946
0.052652
0.002750
-0.102907
0.168107
-0.521874
-0.064508
0.335074
-0.057591
0.081503
-0.073957
-0.144380
-0.136470
-0.164274
-0.151307
0.125963
-0.052534
-0.249071
-0.251831
0.141284
0.052308
0.109620
0.058480
0.234300
-0.049300
0.213750
0.140886
0.150919
0.019131
-0.111652
0.226227
-0.177510
-0.134036
0.055799
-0.165380
0.000000
0.000000
0.222146
0.179010
0.073982
-0.095097
-0.026372
0.180984
0.004145
0.241616
-0.235745
-0.404706
-0.136949
0.025587
0.055942
-0.029657
0.135038
-0.151718
-0.057841
-0.158544
0.101494
0.236964
-0.335719
0.071073
-0.076603
-0.057728
-0.380460
-0.121806
0.264379
0.136364
0.021624
0.132208
-0.066077
0.188797
0.388904
-0.036854
-0.000095
-0.176104
0.084631
0.345950
0.134629
-0.171264
-0.122708
-0.155480
-0.250059
0.141452
0.382368
-0.387132
0.044208
0.070206
0.039405
-0.016976
-0.084371
-0.337708
-0.188840
0.032416
0.139225
-0.244050
0.137794
0.174859
-0.102708
0.362386
0.263576
-0.023994
-0.130227
-0.055465
-0.287409
-0.052650
-0.086938
-0.102760
-0.084925
0.529165
-0.306841
0.262935
0.006015
0.398499
0.203188
-0.032874
0.059331
-0.173924
-0.115167
-0.135885
-0.038601
-0.063066
0.139635
0.032813
0.141958
-0.437278
0.023039
-0.433284
-0.198692
-0.042339
0.159251
0.009874
-0.114937
0.211520
0.384873
-0.106556
0.042470
-0.335974
-0.146052
0.061675
-0.038596
0.313087
0.027110
0.099877
0.449328
0.180266
0.044489
-0.234314
0.114380
0.161809
0.120738
-0.354013
0.072045
0.137851
-0.377385
-0.037393
-0.044019
-0.094990
0.031049
-0.021717
-0.121490
-0.129060
0.026710
0.171010
-0.211109
-0.105291
0.144745
-0.226989
-0.025202
0.197354
0.015073
0.000000
0.000000
0.018213
0.185584
0.039559
-0.205842
0.120514
0.002753
0.111427
0.113798
-0.187719
0.185586
0.062936
0.026639
-0.126440
-0.174683
0.075545
-0.088066
0.022091
0.087777
-0.336997
0.026087
0.315195
0.138049
-0.108173
-0.115168
-0.051766
0.066660
-0.008145
-0.022177
0.022487
0.036121
-0.053564
-0.039763
-0.101249
-0.135430
0.070729
0.435639
0.105995
0.233044
-0.077152
-0.052728
-0.030859
-0.088659
-0.119339
-0.013325
-0.002495
0.006344
-0.221341
-0.173717
-0.091449
-0.242562
-0.034867
0.303729
0.183519
0.194869
-0.170072
-0.041615
0.197022
0.014820
-0.342030
0.000000
0.000000
0.130322
-0.185808
0.307862
0.321044
0.083299
0.181052
-0.149082
-0.435650
-0.169090
0.133586
0.048158
0.000000
0.000000
0.053550
-0.274304
0.264607
-0.032318
-0.329617
-0.267045
0.110052
0.532314
0.305840
-0.160213
-0.326840
-0.003766
0.173296
0.234150
0.138421
0.240579
0.080226
0.133894
-0.167811
-0.336806
-0.324846
0.014962
-0.107179
0.218183
-0.392854
-0.092765
-0.360095
-0.009010
0.060282
-0.193923
0.752824
-0.261290
-0.174307
0.013242
0.009621
0.271764
-0.077063
0.049485
0.059717
-0.212605
0.124369
0.145385
0.142361
0.117834
0.131377
0.130309
0.098978
0.286207
-0.104294
0.096805
0.049930
0.158594
-0.143515
-0.149757
-0.435848
-0.140414
-0.234349
-0.085318
0.164095
-0.377109
0.211689
0.014593
-0.196768
-0.241356
-0.009416
0.131022
0.131568
0.222986
0.001423
0.090505
-0.471947
-0.208521
0.111464
0.300782
0.072840
0.058021
0.199412
0.129079
0.266246
0.279852
0.138642
-0.266905
-0.059149
0.134440
-0.315574
-0.160739
-0.152049
0.256974
-0.101629
-0.343229
-0.176282
0.251493
-0.269528
0.009678
0.001366
0.150961
0.253617
-0.015599
0.012518
0.054849
-0.501644
-0.060449
-0.018711
0.263798
0.147456
0.026485
0.540724
-0.075723
-0.080243
0.135419
-0.062915
0.029003
0.127090
-0.145685
-0.141538
-0.300898
-0.170072
0.123100
-0.025817
0.077381
0.091136
-0.426316
-0.315515
0.303045
0.577215
0.323782
-0.155110
-0.106946
-0.426031
0.023061
0.008542
-0.029477
-0.122188
-0.170117
-0.187765
-0.047751
0.213990
0.169567
-0.343004
0.290118
0.353954
0.179297
-0.096212
0.294970
-0.011607
0.387079
-0.381674
-0.260221
0.000000
0.000000
0.000000
0.289629
0.216524
0.115038
-0.235413
-0.510205
-0.014317
-0.017946
-0.022818
-0.129386
0.230468
-0.100310
-0.023331
0.059637
0.020779
0.012241
0.148909
0.273188
-0.070676
-0.472880
-0.407964
-0.142072
0.147207
0.329025
0.268099
-0.043745
-0.036998
-0.055386
-0.231750
-0.095026
-0.073920
0.225733
0.000000
0.000000
-0.402044
0.188421
0.563243
-0.003462
-0.217824
0.009463
0.306371
0.286639
-0.064297
-0.052185
0.051136
-0.231799
0.140859
0.245686
0.094335
-0.347060
-0.302345
0.359192
0.007143
-0.208608
0.104943
-0.325623
-0.144981
0.229803
0.103194
0.012896
-0.116673
-0.171082
-0.142583
-0.028016
0.037183
0.010701
-0.282683
-0.013487
-0.015611
0.316716
-0.133735
-0.300096
-0.071631
0.140235
0.281310
0.178114
0.091106
-0.095906
0.416409
0.320829
0.055976
0.018490
-0.217581
-0.008936
-0.220603
-0.040776
0.000851
0.009298
-0.012787
0.031113
0.036718
0.121245
-0.043581
-0.114536
0.016558
-0.190829
0.027085
0.044085
-0.217942
-0.060514
-0.206250
0.102774
-0.152155
-0.160814
0.152870
0.356035
-0.111258
0.040276
0.063465
-0.192206
0.084678
0.272776
0.045605
-0.190363
0.341720
0.299819
-0.161292
-0.548539
0.011359
-0.074982
-0.107299
0.262916
0.045199
0.051253
0.022794
-0.025264
0.392453
-0.010363
0.383488
-0.048788
-0.259807
-0.302012
-0.477108
-0.065767
0.038481
-0.097888
-0.120117
0.048633
0.052101
-0.051413
0.182471
0.127101
0.462113
0.432293
-0.000861
-0.420027
-0.218664
-0.150773
-0.206319
-0.091027
-0.073973
-0.115044
-0.289407
0.233940
0.367977
0.190400
0.294158
-0.197525
0.062094
0.033561
0.362190
-0.048548
0.263366
0.065436
-0.099371
-0.229999
-0.004374
-0.261630
-0.121314
-0.023849
0.157257
-0.120842
-0.152851
-0.007175
-0.020873
-0.021788
0.031742
-0.342121
0.072075
-0.389485
0.157773
-0.029494
0.104473
0.163477
0.000000
0.000000
0.000000
0.011136
0.210518
-0.029517
0.064724
0.318705
0.319456
0.210935
-0.368802
-0.303145
0.107404
0.085351
-0.055066
-0.200719
0.073861
0.584643
-0.073378
-0.438030
-0.106882
0.006702
-0.103492
0.243720
0.099286
-0.017346
-0.267632
0.002259
-0.272709
-0.128474
-0.105559
0.207188
0.187636
-0.047979
0.029777
-0.068079
0.239405
0.050566
-0.292412
-0.107194
0.128169
0.000000
0.000000
-0.089766
0.081588
-0.216573
0.133904
-0.003974
0.368145
0.390982
-0.133396
0.202077
-0.362650
-0.163402
-0.258428
0.078680
0.364322
0.032380
0.015489
-0.408618
-0.127356
0.160352
0.090903
