-0.172135
-0.371707
-0.227895
0.172053
0.115630
0.127596
0.315274
0.286571
0.208745
-0.031490
0.023442
-0.131685
0.077623
0.052254
0.080055
-0.128180
0.004749
0.111648
0.005053
0.016396
-0.102384
-0.303741
-0.202523
0.069624
-0.026379
-0.039772
-0.125404
-0.024156
0.085366
-0.206117
-0.085415
-0.128518
-0.143284
-0.237682
0.020497
0.181329
0.049067
-0.021690
0.279599
0.506184
0.117025
-0.183970
0.315417
0.225943
-0.153183
0.066390
0.099778
-0.145543
-0.208132
0.073252
0.217715
0.035326
-0.031742
-0.389258
-0.046030
-0.417628
0.119989
0.020797
-0.290037
0.671352
0.081569
-0.233758
0.165454
0.060041
-0.151806
-0.051478
-0.011608
0.292785
-0.223608
0.065651
0.195264
-0.013423
0.048123
-0.070959
-0.348600
-0.042194
-0.311037
0.044355
-0.137806
-0.330064
0.055739
-0.012576
-0.061391
0.026128
-0.045709
0.254357
0.019237
0.072752
-0.225899
0.055585
0.460874
0.315662
0.214669
-0.068742
0.260487
0.344481
0.014899
0.116732
0.202810
-0.028175
0.179000
-0.010345
-0.257509
-0.276000
-0.454244
-0.135890
-0.065154
-0.084297
-0.082190
-0.043888
-0.413030
-0.145236
-0.046279
-0.039607
0.165428
0.050977
-0.117366
-0.095652
0.081398
0.070652
-0.152306
-0.438242
0.121498
-0.021521
-0.088214
0.442300
0.434316
0.413914
0.108716
-0.035711
-0.074676
0.320471
0.323704
0.283595
0.022486
0.054580
-0.085835
-0.434800
-0.197167
-0.010416
0.159737
-0.009423
-0.233194
-0.479308
-0.183271
-0.169033
0.081249
-0.111796
0.359979
0.057257
0.112450
0.137849
-0.141858
0.011088
-0.157436
0.019592
-0.014907
-0.398162
0.021474
0.141496
-0.081332
0.127870
-0.078593
-0.188504
0.299610
0.344901
-0.034998
0.009004
0.354849
-0.233419
-0.380632
0.310128
-0.029612
-0.080340
0.110872
0.029919
-0.026853
-0.134821
0.022242
0.308825
-0.017784
-0.035556
-0.196195
-0.221838
0.079012
-0.080008
0.068134
0.207166
0.414218
0.300086
-0.345071
-0.407734
0.024567
-0.098804
-0.125302
-0.132445
-0.173388
0.301559
0.238734
-0.064475
0.236043
-0.188588
0.108819
0.083439
-0.353467
-0.413649
0.101221
0.178315
0.159794
0.125165
-0.188458
0.000189
0.153081
-0.135725
-0.085422
0.117119
-0.085081
-0.082190
0.047137
0.005089
-0.085763
0.615126
-0.072002
-0.013181
-0.191673
0.003837
0.271758
-0.168985
-0.438782
-0.148385
0.162014
0.148534
-0.047805
-0.040068
0.248989
0.177080
0.007593
0.115078
-0.197473
0.082110
-0.071231
-0.041193
-0.148888
0.074429
0.284727
-0.167078
-0.048758
0.174956
0.141676
0.205323
-0.055316
-0.363121
-0.389505
-0.112617
-0.160201
-0.386512
-0.310261
0.429851
0.354641
0.412045
-0.031603
-0.206152
-0.111382
0.145044
0.169663
0.043903
0.075104
-0.117908
-0.136941
0.021080
0.058170
-0.095311
-0.025438
-0.154669
-0.265781
-0.051894
0.365172
0.113157
0.195036
0.477093
0.164774
0.291760
0.142323
0.023135
-0.080727
-0.271607
-0.317514
-0.219484
-0.307681
0.079738
-0.103356
-0.166878
-0.037312
-0.301815
0.151320
-0.073601
-0.056493
-0.393079
-0.051754
0.235688
0.162158
0.308328
0.054972
0.117107
0.203407
0.021360
0.074153
0.427171
0.073220
-0.210079
-0.331876
-0.198706
-0.306044
0.153441
0.042454
0.219798
0.241359
0.267685
-0.008065
0.139688
0.081800
-0.301135
-0.410821
-0.042430
0.040517
-0.238226
-0.196547
-0.259061
-0.128171
0.064537
0.224712
0.256745
-0.053092
0.219298
0.215580
0.172264
0.029074
-0.173518
-0.025646
-0.411253
-0.078374
-0.082138
0.061494
0.198466
0.326970
0.620003
0.134364
-0.305380
-0.193641
-0.129348
-0.038052
-0.150082
-0.303908
0.019530
0.095657
-0.199683
-0.232791
-0.095680
-0.079116
0.115505
0.465879
0.014081
0.182841
0.117842
0.229411
0.109863
-0.035169
-0.288805
-0.399258
0.028506
-0.062248
0.056756
0.017859
-0.052091
0.175493
0.000000
0.000000
0.103417
0.073345
0.118944
0.131573
-0.023183
-0.022655
0.133296
0.215027
-0.166859
-0.261251
-0.288420
0.117012
-0.303942
-0.437004
0.191737
0.049588
0.094180
-0.119901
-0.156150
-0.133721
-0.017821
0.144083
-0.013573
0.086501
0.088556
-0.018892
-0.229106
0.129228
0.135169
0.243589
0.274233
0.124077
-0.182098
0.074059
0.074649
0.122323
0.020708
0.090628
0.144852
0.188460
0.245221
-0.120036
-0.284324
-0.389589
-0.194416
-0.330215
0.063253
0.034290
-0.025930
0.116961
0.096285
0.292957
0.065600
-0.044259
-0.161216
-0.076837
-0.288505
-0.260764
-0.116789
0.013821
0.368295
0.309795
0.489011
-0.130947
-0.131681
-0.006379
-0.345150
-0.440763
-0.225947
0.114573
0.287774
-0.038463
-0.005111
0.035036
0.114126
0.136381
0.122855
-0.070063
-0.287942
-0.040234
0.026805
-0.046330
-0.069764
0.116483
0.059333
-0.250270
-0.103195
0.413875
0.154282
0.268870
0.684694
0.452856
-0.258894
-0.230330
0.051964
0.227162
-0.279286
-0.394815
-0.274624
-0.128533
-0.268578
-0.428933
-0.014881
-0.127448
-0.049068
-0.111774
0.394426
0.360974
0.276242
-0.125520
-0.072179
0.105963
0.092698
-0.312648
0.181337
0.400776
0.227016
-0.108462
-0.229248
-0.226089
-0.199371
-0.380837
0.040810
0.032395
-0.075737
0.048790
-0.062564
0.163269
-0.103912
0.063949
-0.057932
0.027069
0.082225
0.227219
0.136676
0.273591
0.339632
0.159915
0.216188
-0.135937
-0.134399
0.017970
-0.278184
-0.116143
-0.175521
-0.050384
-0.023090
-0.108199
-0.009750
-0.050501
-0.277090
-0.197890
0.322403
0.271104
-0.293973
-0.205160
0.000000
0.000000
0.224500
-0.114684
0.049615
-0.106280
0.169824
0.017782
-0.063268
0.490218
-0.060269
0.063919
-0.026898
0.002360
0.078447
-0.218399
0.128983
-0.070307
0.066503
0.229832
0.045663
0.073331
0.012782
-0.055915
-0.130370
-0.296363
0.011987
-0.008349
0.115503
-0.186329
-0.223309
-0.123080
-0.312603
-0.224882
0.016376
-0.045301
0.061692
0.260085
-0.068798
0.107040
0.292407
0.191864
0.047970
0.070726
-0.142329
0.284395
0.198132
-0.110948
0.155497
0.110320
0.164567
0.020339
-0.256469
-0.094660
-0.024011
0.110084
0.179725
-0.110351
-0.006447
-0.186501
0.022717
0.020633
0.048881
-0.158258
-0.077848
-0.811694
-0.385717
0.174990
0.221716
0.083141
-0.011844
0.079320
-0.169492
0.245539
-0.287245
0.062184
0.242676
0.286367
-0.104100
0.294137
0.092413
-0.067068
0.180646
0.083720
-0.247376
-0.134121
0.165630
0.402737
-0.009098
-0.282810
-0.609193
-0.068641
0.127676
-0.045095
0.263697
0.117183
-0.077307
0.001186
0.008354
0.068491
-0.055663
-0.162816
0.077441
0.036411
-0.046866
-0.109851
-0.012540
0.229230
0.112151
0.186255
0.421234
-0.155870
-0.294513
-0.148793
-0.014854
-0.061008
-0.180703
0.332368
0.137993
-0.075729
-0.040279
0.070850
-0.018388
-0.097460
-0.182062
-0.209720
-0.323367
-0.097640
0.263077
0.215848
-0.222446
-0.306892
-0.265476
0.000000
0.000000
0.257624
-0.239032
0.172553
0.104244
0.358892
0.034211
0.253568
0.327892
-0.229250
0.126819
0.237069
0.049077
-0.102659
-0.146622
0.232960
0.460652
-0.170906
-0.277176
0.034665
0.206143
-0.381621
-0.219433
0.218661
0.098354
0.143229
-0.173786
-0.277626
-0.063024
0.175865
-0.366691
-0.400285
-0.017236
0.133043
-0.237141
-0.144408
-0.044598
-0.039116
0.056849
0.375687
0.386558
-0.212192
-0.050786
0.117520
-0.120194
0.005328
-0.070342
-0.015926
0.109127
0.582516
-0.026886
-0.270321
0.113793
0.114829
-0.155851
-0.170447
-0.048788
0.242654
-0.247406
0.172230
0.000000
0.000000
-0.014954
-0.095192
-0.073928
0.228795
0.167045
0.061553
0.076404
-0.296104
-0.140806
0.014671
-0.000796
0.000000
0.000000
-0.538445
0.498261
0.199114
0.023291
-0.038991
0.321456
0.071626
-0.367652
-0.120218
-0.061374
0.297654
-0.052400
-0.031072
-0.165016
-0.002676
-0.275869
-0.064389
-0.058078
0.012543
-0.030176
-0.078733
0.309244
0.337568
0.153581
0.151253
-0.183085
-0.317984
0.009209
0.326441
-0.154170
-0.020372
0.528452
-0.284885
-0.486844
-0.376520
-0.158892
-0.169158
-0.357579
0.040136
0.358307
0.323924
-0.313909
0.108012
0.024505
0.591373
0.502567
0.269010
-0.181757
-0.120031
0.459844
0.274435
-0.281959
-0.465263
-0.136788
0.149941
-0.005221
-0.224536
-0.060192
-0.155929
-0.368810
-0.277645
0.188635
0.141663
0.074612
0.314710
0.330270
-0.027131
-0.164082
-0.150935
-0.286863
0.103000
0.132157
0.016891
-0.005117
-0.175933
-0.165169
-0.329412
-0.082485
0.038010
0.534939
0.203119
-0.100923
0.188046
-0.083550
0.009967
-0.035508
-0.071502
-0.213701
0.232297
0.234234
-0.019413
0.010720
0.004456
0.020714
0.098225
-0.050714
-0.117116
0.174595
0.079285
0.315961
-0.124754
-0.295031
-0.046176
-0.277972
-0.120293
0.220238
-0.271004
-0.551625
-0.444055
-0.011728
0.180013
0.093844
0.100279
0.441340
0.124538
0.296464
-0.055962
-0.155788
0.327767
0.302439
0.757972
0.532329
0.104809
-0.217570
-0.390219
-0.659950
-0.273380
-0.094202
-0.303867
-0.108503
-0.175068
-0.243947
-0.040131
-0.411843
-0.265796
-0.086922
0.100009
0.360939
0.122911
0.135639
0.417105
0.389443
0.139522
0.050207
0.088799
0.398950
-0.024438
-0.160025
0.000000
0.000000
0.000000
-0.077214
0.077770
-0.068952
0.104544
-0.043679
-0.383065
-0.307282
-0.224630
0.010092
0.167397
0.043611
0.198473
-0.083361
-0.573981
-0.167303
0.040692
0.062695
0.055491
-0.146674
-0.031945
0.074330
0.122057
0.384648
0.337448
0.080144
0.032123
0.008330
-0.358911
-0.102499
0.403953
0.182312
0.000000
0.000000
0.460957
-0.134460
0.275799
-0.283662
-0.426224
0.017392
0.163333
-0.485843
0.049326
0.088233
-0.481222
-0.149276
0.092474
0.314426
0.016245
0.246969
0.283182
-0.093224
-0.354390
-0.138392
-0.316848
-0.330601
-0.362603
-0.055813
0.196917
-0.149458
0.058806
0.274088
0.345068
0.194635
0.418208
0.672247
0.265637
-0.232669
-0.266564
-0.217722
-0.127280
-0.017811
0.098485
-0.212728
-0.293475
0.080286
0.101750
-0.005290
0.217992
0.278365
0.350495
0.001833
-0.239933
-0.156698
-0.018079
0.042554
-0.055594
-0.242550
-0.098062
-0.116831
0.200993
0.091588
-0.269491
-0.045379
-0.162642
-0.170087
-0.195308
0.078480
0.009005
-0.184143
-0.122886
0.178522
0.342729
0.069428
-0.290659
-0.393255
0.160851
-0.119862
0.221577
-0.014895
0.038926
0.158190
0.117279
0.029815
0.276259
0.328349
0.020743
0.488194
0.153181
0.051312
-0.007444
0.057163
-0.184610
-0.109304
-0.299328
-0.054017
0.606650
0.206796
0.071004
-0.058491
-0.285745
-0.258968
-0.209784
-0.472618
-0.238233
0.244831
-0.082362
-0.231565
-0.057894
-0.437257
-0.277164
0.027163
0.071861
-0.131990
0.102244
0.058086
0.083407
0.107704
-0.266527
-0.156770
0.158256
-0.040339
-0.083010
-0.113606
-0.042044
0.052199
0.520388
0.629877
0.458986
0.535328
0.652708
0.521521
0.022806
-0.201191
-0.147902
-0.280503
-0.214421
-0.176958
-0.303574
0.303494
0.154985
-0.267880
-0.289889
-0.102992
-0.077337
-0.085013
-0.215879
0.045177
-0.175169
-0.261848
-0.431909
-0.216754
0.064759
-0.200425
0.000000
0.000000
0.000000
-0.264140
-0.534216
0.109725
0.138539
-0.111787
0.186817
0.271643
-0.043126
0.228822
0.209417
0.246208
0.368465
0.315385
0.612891
0.688549
0.293687
-0.072248
0.188671
0.088979
-0.185767
-0.439389
-0.235605
0.016061
-0.325123
-0.295111
0.051178
0.210284
0.058516
-0.205738
-0.404936
-0.246327
0.108337
0.089991
-0.050536
-0.333211
-0.264265
-0.325178
-0.247727
0.000000
0.000000
-0.049522
-0.108218
0.002813
-0.203888
0.286586
-0.075082
0.408141
0.166913
0.503820
0.314679
0.118436
0.407486
0.570520
0.204186
-0.062161
-0.390175
-0.497835
-0.452949
-0.131886
0.081096
