-0.433136
0.101737
0.295095
0.267228
0.234761
0.214674
0.002211
-0.026195
0.134060
-0.119212
-0.036886
-0.033513
-0.301282
-0.283933
-0.111566
-0.068503
-0.666004
-0.467711
0.141443
0.174756
0.280537
0.100465
0.097392
0.089449
0.232887
-0.055189
-0.288149
-0.109173
-0.015665
-0.074771
0.164572
0.323524
0.423610
0.301307
-0.085257
0.091169
0.038039
0.012530
0.125060
0.200461
0.045467
-0.116872
-0.053784
0.074940
-0.092545
-0.123671
-0.384753
-0.089958
0.096145
0.112837
-0.075176
-0.185323
-0.080474
-0.124741
0.014520
-0.251928
-0.112560
-0.252534
-0.208756
0.084846
0.108886
0.018546
0.078864
-0.039307
0.090703
0.023060
0.306400
0.000000
0.000000
0.512883
0.275717
0.699037
0.548132
-0.220199
-0.710007
-0.435507
-0.321944
-0.334365
-0.240465
-0.065817
0.083364
0.101095
-0.233372
-0.046762
-0.016670
0.156267
0.132624
-0.007306
0.057472
0.122564
0.208276
-0.040850
-0.098078
0.040885
0.164726
0.022438
0.055784
0.309228
0.079650
0.013986
0.151964
0.110990
0.161382
0.061426
-0.169193
0.263740
-0.084279
-0.345096
-0.153805
-0.366049
-0.380378
-0.267854
-0.212032
-0.030936
0.031123
-0.055862
0.041534
-0.041562
0.219893
0.239277
-0.315760
-0.097752
-0.074258
-0.169554
-0.028020
0.367075
0.184931
0.039354
0.105914
0.242719
0.522967
0.236461
0.017208
-0.132528
0.083189
-0.098029
-0.153302
-0.165441
-0.323954
-0.161542
0.115824
-0.135412
-0.075526
0.101230
-0.081077
-0.151270
0.096394
0.243435
0.197605
0.270591
0.182087
-0.008836
-0.016968
0.065115
0.151322
0.275183
0.225949
-0.049705
-0.446781
-0.336232
-0.366670
-0.170806
0.063734
-0.088121
0.058929
-0.185099
-0.314580
-0.152387
-0.167631
-0.286074
-0.095605
0.031529
0.121370
-0.058047
0.312953
0.014881
0.212326
0.004099
0.137790
0.364439
0.290660
0.213640
0.219190
0.332444
0.196271
0.048963
-0.357435
-0.155644
0.163361
-0.067874
-0.156053
-0.380887
-0.206046
-0.138645
0.031296
-0.212130
-0.295986
0.059507
-0.001164
0.277698
0.282835
0.132784
0.139515
0.152450
0.031410
0.112630
0.023050
-0.243388
-0.076457
0.029846
-0.153241
-0.206497
-0.096940
0.076951
0.064790
0.057629
0.031237
-0.112535
-0.157573
-0.187719
-0.056658
0.445949
-0.054033
0.235762
0.326921
-0.114864
-0.982344
-0.724688
-0.029074
0.169840
0.185967
0.210648
0.093278
0.264590
0.068012
-0.138624
-0.250611
-0.003499
0.399401
0.563723
0.323958
0.186365
0.153993
0.132585
0.139646
0.069644
0.112992
-0.253934
-0.305746
-0.016023
-0.190802
-0.117199
-0.069992
0.006462
-0.144065
-0.143872
-0.185604
-0.443420
-0.288167
-0.081949
0.083391
0.005255
0.320202
0.422769
0.259190
-0.049518
0.063403
0.046683
-0.209963
-0.400501
-0.054502
-0.049539
-0.214703
0.026328
0.236258
0.138633
0.257786
0.112092
-0.064744
-0.205409
-0.371311
0.074566
0.243471
0.096156
0.003763
0.108017
-0.132476
-0.387580
0.011331
0.283660
0.122355
0.153408
0.250166
0.137245
0.178549
0.122555
0.081344
-0.037266
-0.173564
-0.146478
0.025677
0.053989
0.171747
0.073240
-0.044107
-0.067153
-0.053893
-0.175282
-0.488159
-0.253286
-0.263717
-0.264240
-0.012195
0.323167
0.003907
-0.257973
-0.352136
-0.034698
0.091378
0.222531
0.300230
0.185119
0.277651
0.344943
0.171319
-0.212075
-0.055775
0.229325
0.235744
0.143618
0.213668
-0.479736
-0.448679
-0.391886
0.079482
0.192402
-0.055313
0.000000
0.000000
0.000000
0.000000
0.000000
0.000000
0.000000
0.000000
0.000000
0.000000
0.156419
0.191131
0.186243
-0.096665
-0.349749
-0.208646
0.126352
-0.015048
-0.356040
0.075164
0.443590
0.317211
0.077075
-0.236188
-0.202755
0.000000
0.000000
0.000000
0.430697
-0.100166
0.063193
0.103020
0.145323
0.103931
-0.515982
-0.610116
-0.043775
-0.241627
0.303296
0.272982
-0.034719
-0.250908
-0.186029
0.056643
-0.077901
0.017727
0.204808
0.171002
-0.091141
0.115344
-0.038743
-0.142708
0.057135
-0.089293
0.076155
0.072057
0.024365
0.276067
0.196418
0.285967
0.252972
0.444702
0.287454
0.063652
-0.025216
-0.494932
-0.435328
-0.380126
-0.151108
0.125560
-0.224572
-0.125300
-0.225927
-0.147202
-0.123870
-0.109655
-0.084647
-0.130624
-0.319076
-0.025133
0.315726
0.328714
-0.124697
0.055471
0.267811
0.045222
0.017755
0.291388
0.266696
0.230965
0.252544
0.219980
-0.165952
-0.236336
-0.136418
-0.059325
0.142306
0.003339
-0.035172
0.250322
-0.125776
-0.259150
-0.301543
0.329550
0.176529
0.016153
-0.106613
-0.285820
-0.053089
-0.177561
-0.318855
0.024329
0.001036
-0.057390
0.152049
0.048574
0.101651
0.117628
0.280966
-0.091515
-0.011090
-0.093158
-0.377700
-0.446888
-0.322376
-0.239465
0.074316
0.282415
0.524395
0.344451
0.249026
0.123347
0.355442
0.083294
0.174397
0.141655
-0.058612
-0.211587
-0.108993
-0.005958
0.147189
0.101739
-0.301025
-0.087988
0.121135
-0.186340
-0.024261
-0.176868
-0.373767
-0.330339
-0.213134
-0.103260
0.180361
0.078347
0.161382
0.241697
-0.241611
-0.504654
-0.173581
0.146262
0.344022
-0.028255
0.068132
0.244943
-0.063401
0.203830
0.416094
0.330709
-0.086026
-0.076311
-0.072058
0.100501
0.403581
0.033572
-0.045818
0.046295
-0.028689
-0.124193
-0.155280
-0.290700
-0.147686
0.031557
-0.064414
-0.338902
-0.268210
-0.052077
-0.077968
-0.151858
-0.069410
0.200627
0.239114
0.109929
0.235439
0.034776
-0.056551
0.024060
-0.031909
0.017005
0.030720
-0.095288
0.330342
0.308704
0.093248
-0.150945
-0.076684
-0.015499
0.063650
-0.142966
-0.443248
-0.273186
-0.240071
0.002146
0.062342
0.169643
0.014981
0.176572
-0.160591
0.035448
0.189493
0.182236
0.367851
0.288342
0.172966
0.086600
0.123903
-0.267096
-0.565971
-0.322078
0.069264
0.053265
0.161114
0.162011
0.365663
-0.107643
0.453836
0.107004
-0.531104
-0.496702
-0.344905
-0.207931
-0.137666
-0.375630
-0.511791
-0.344843
-0.014537
0.223897
0.460568
0.473160
0.260812
0.116093
0.153812
0.078137
0.234287
0.228593
0.268379
-0.031698
0.146865
0.197445
0.168388
0.271344
-0.208533
-0.081475
-0.156220
-0.369211
-0.326679
-0.502850
-0.082471
-0.316434
-0.171857
-0.079809
-0.032757
0.286899
0.286472
0.281454
0.155701
0.073548
-0.139887
0.014003
0.260604
-0.062890
-0.073458
-0.048679
0.084291
0.000000
0.000000
0.000000
-0.029842
0.468606
-0.073720
-0.799133
-0.287654
-0.233685
-0.058949
-0.037541
0.129606
0.355924
-0.157546
-0.130423
-0.039945
-0.141946
-0.158090
0.185699
0.363948
0.101430
0.278449
0.148973
0.614339
0.651747
0.186599
0.331504
0.042334
-0.577245
-0.528242
-0.131421
-0.050239
0.092407
0.339712
0.019385
-0.351245
-0.498865
-0.673664
-0.235629
-0.431706
-0.382324
0.172698
0.246401
-0.110767
0.046791
-0.083965
0.231383
0.125475
0.310848
0.252369
0.173563
0.201454
-0.114445
-0.107327
0.067016
0.199726
-0.091217
-0.258572
0.270612
0.340488
0.134834
0.202887
0.182848
0.040736
-0.019816
0.282206
0.299933
0.069916
-0.205688
-0.342841
-0.770527
-0.807072
-0.291274
-0.386323
0.009824
-0.022502
0.145688
0.126613
0.188264
0.294355
0.460255
0.125562
-0.084769
-0.045058
0.063856
0.052160
0.249442
0.363070
0.021410
-0.261875
-0.343336
-0.238140
0.056622
-0.025873
-0.076066
-0.057274
0.041085
0.315238
-0.211209
-0.115425
0.086295
-0.084528
0.092748
-0.096657
0.078560
0.235670
0.000000
0.000000
0.000000
0.000000
0.000000
0.000000
0.000000
0.000000
0.000000
-0.073547
0.169288
-0.133911
-0.154863
0.034498
0.048610
-0.339329
-0.208219
0.103702
0.210322
0.387457
0.139798
-0.024630
0.081510
-0.178255
-0.173795
0.000000
0.000000
0.720745
0.045925
-0.144450
0.064271
-0.431132
-0.419250
0.120581
-0.064989
-0.044541
0.192165
-0.006058
-0.235087
-0.123763
-0.050536
0.154345
0.244612
0.036866
-0.291085
-0.069646
-0.117645
-0.248642
-0.117141
-0.139632
-0.062603
-0.097225
0.176473
0.422973
0.554215
0.493478
-0.024089
0.159716
-0.241324
0.236832
0.258378
0.067873
-0.034996
-0.205639
-0.373435
-0.687388
-0.384045
-0.305227
0.049047
0.291392
0.288830
0.006038
0.122734
0.160832
0.283616
-0.012406
-0.003967
0.255526
0.298218
-0.079231
-0.011764
-0.075736
0.000198
-0.092029
-0.002900
0.002246
0.170431
-0.221772
-0.290975
-0.084007
-0.129268
-0.105519
-0.066119
-0.102277
-0.233618
-0.335575
-0.196161
-0.094074
-0.100702
0.137958
0.192705
0.342370
0.122186
0.064306
-0.095377
0.016012
0.062734
0.405326
0.463925
0.351871
0.237054
-0.199873
-0.669857
-0.359347
-0.104082
0.000000
0.000000
0.368830
0.752552
0.605604
-0.027846
-0.461850
-0.360343
-0.037472
0.004225
0.064901
-0.290163
-0.134174
0.058719
-0.218734
0.032433
0.126031
-0.075379
-0.111277
0.141679
-0.131695
-0.172380
0.098893
0.025495
-0.186932
-0.140314
0.052307
-0.073555
-0.110138
-0.275162
-0.086053
-0.027570
0.097100
0.204677
-0.242341
-0.069824
0.413953
0.053635
0.131051
0.104371
0.244460
0.023937
-0.271995
0.121435
0.265797
-0.209477
0.186011
0.351844
0.254268
-0.007980
-0.093839
-0.155574
-0.175513
-0.107454
-0.011688
-0.112629
0.137361
0.385687
0.288409
0.144482
-0.051686
0.278569
0.344647
-0.149655
-0.388348
-0.447177
0.000000
0.000000
0.254392
-0.184363
-0.509538
-0.739156
-0.961837
-0.455054
-0.332971
-0.466918
-0.193194
0.130674
0.300988
0.133281
0.446252
0.470585
0.693298
0.473057
0.172011
0.100871
0.116747
0.435876
0.475960
0.487622
0.128357
0.184515
0.243911
-0.077340
0.103208
-0.241735
-0.389632
-0.614647
-0.300399
0.151593
0.539348
-0.114779
-0.116088
0.186403
-0.152470
-0.960832
-0.836955
-0.522996
-0.176859
-0.225926
-0.082690
-0.026079
0.295791
-0.004297
0.107283
0.474133
0.487871
0.499515
0.108815
0.137063
0.137620
0.171246
0.019317
0.024569
-0.066333
-0.193689
-0.256035
-0.496833
-0.135119
0.145863
-0.065925
0.191839
0.110100
0.230003
0.202167
0.004624
0.039624
-0.109340
-0.069237
0.067077
-0.072639
-0.224318
-0.337335
-0.038862
0.009148
0.052038
0.035171
-0.268001
0.173339
0.438507
0.354344
0.433666
0.264100
0.193703
0.114377
-0.264626
0.173253
-0.062921
-0.292519
-0.133546
-0.354221
-0.336165
-0.166111
-0.249821
-0.268876
-0.334234
-0.299175
0.054831
-0.245559
0.031006
0.273932
0.167506
-0.009303
-0.021395
0.110753
0.117478
0.027028
0.327526
0.261039
0.615579
0.430524
0.242778
-0.021113
-0.244986
-0.452356
-0.458529
-0.038503
0.202169
0.165124
-0.146919
0.067051
-0.056257
0.063685
0.077198
0.089199
0.005819
-0.043549
-0.163694
-0.167599
0.061046
-0.045394
0.107883
0.021629
0.289814
0.124282
-0.352374
-0.192772
-0.129730
0.116668
-0.192838
-0.081612
-0.181864
0.000000
0.000000
0.000000
0.000000
0.337657
-0.461255
0.000000
0.000000
-0.094820
0.297201
0.229451
-0.163710
-0.198438
-0.054707
0.224441
-0.124782
-0.021655
0.227288
0.628145
0.495447
0.247576
-0.003138
-0.161539
-0.024452
0.144337
-0.241536
-0.320980
-0.538426
-0.492958
-0.303963
-0.123640
-0.101951
-0.199638
0.362562
0.271917
0.241701
0.333594
-0.049876
-0.028621
0.194908
0.224668
0.417172
0.391014
0.077420
-0.321896
-0.161001
-0.180253
-0.203087
-0.069043
-0.133178
-0.108319
0.135742
0.481335
-0.435426
-0.784674
0.409031
0.006563
-0.804281
-0.184686
0.193115
0.133595
0.049000
0.000000
0.000000
-0.048187
0.069542
0.334617
0.113727
0.393774
0.011456
-0.036503
-0.068589
0.019684
0.358037
0.305080
0.078808
0.004062
0.014877
-0.138604
-0.134698
-0.191263
-0.348867
-0.256216
0.094313
0.087446
0.121640
-0.021762
