-0.474058
0.274867
0.074824
0.893834
0.350708
0.386547
-0.186993
-0.530107
-0.230348
-0.160105
0.576551
-0.042878
-0.208853
-0.366294
-0.215165
-0.383932
-0.790170
-0.114026
-0.248025
0.139455
0.246407
0.215374
0.516194
0.252184
-0.338261
0.297061
-0.422018
-1.151692
-0.478280
-0.322613
0.327930
0.294720
0.937135
-0.167432
-0.097770
0.888384
0.266712
-0.197337
0.057242
0.596901
0.193468
0.280899
0.841786
0.560112
0.456876
-0.394053
-0.402242
0.098916
-0.214798
0.039182
0.104715
0.466332
-0.687388
-0.730682
-0.233531
0.005838
-1.194721
0.008639
-0.482433
0.407455
-0.531576
-1.674039
-0.724609
0.727017
0.059813
0.364457
0.614471
0.000000
0.000000
-0.002704
-0.005709
1.865419
0.616965
0.023517
-0.245080
-0.065314
0.222939
0.063986
-0.477013
-0.438735
-0.445514
0.248976
-0.066832
0.412040
0.261682
0.312772
-0.116130
-0.009800
-0.265696
-0.096790
0.466182
0.748535
-0.116997
-1.370569
-0.290246
0.554800
-0.270413
-0.535854
-0.226306
0.430654
-0.322973
-0.312754
0.256750
0.622038
-0.166569
0.586151
0.735943
0.346078
-0.053168
-0.556980
-0.128981
-0.025057
0.043802
-0.307524
0.513418
-0.165071
-0.004375
-0.572466
-1.198597
0.559070
0.305733
0.095675
0.080888
0.259103
-0.672488
0.076920
-0.062253
-0.919649
0.149636
-0.287010
-0.053299
0.944544
0.175915
-0.018010
-0.332532
-0.447033
0.262907
1.099366
-0.530794
0.171222
1.434187
0.030486
-0.475662
0.154480
-0.487992
-0.187573
0.205079
-0.483364
0.376840
0.337920
-0.641530
-0.136877
-0.087910
0.196173
0.758947
0.457088
0.676305
-0.755762
0.034611
-0.504954
0.207653
-0.012521
-0.788612
0.065632
0.055322
0.102898
0.037889
-0.677909
-0.319328
-0.435052
-0.750074
0.654946
-0.209625
-0.048039
0.225997
1.286639
0.334882
-0.225552
0.867737
-0.135831
-0.852988
-0.341946
-0.484283
-0.413555
0.714642
-0.335807
-0.162262
0.746318
0.625500
0.576460
0.819501
-0.149677
-1.328600
-0.645711
-0.541911
0.188467
-0.382690
-0.500841
-0.055586
-0.031755
1.213100
0.538662
-0.384325
0.288987
0.016973
0.518723
0.296642
0.156382
-0.676480
1.548895
-0.030084
0.045724
-0.090839
-0.513682
-0.423959
-0.492724
1.364124
0.122758
-0.194310
-0.845201
-0.327069
-0.204898
-0.281965
0.383132
0.284186
-0.925828
-0.907258
-0.289393
-0.177549
-0.412744
-0.177083
-0.189511
-0.074501
0.581735
0.076011
-0.719299
0.893490
0.225019
1.277627
-0.447366
-0.005009
0.143348
0.366932
0.474478
1.962723
0.225663
0.033596
-0.687214
-0.627846
-0.196995
-0.567881
-0.735134
-0.647051
0.734158
0.037062
0.937394
-0.250097
-0.671509
-0.055931
0.389417
-0.332900
-0.606032
-0.748351
0.741084
1.249646
0.538067
0.365031
0.340490
0.480754
0.060572
-0.029787
-0.152140
-0.235778
0.472745
-1.062415
-1.181967
-0.820281
-0.973092
-0.153593
-0.575109
-0.054137
-0.251226
0.385301
0.780380
-0.385502
-0.773552
0.309829
0.083077
0.118784
0.237774
0.915533
1.306209
0.042543
0.703382
-0.482976
-0.104798
0.091505
-0.061508
-0.504280
-0.161575
-0.111962
-0.042231
0.774229
0.323253
-0.211647
-0.301781
1.463715
0.296206
0.516277
-0.450817
-0.206689
-0.358635
0.464495
0.647647
0.193037
-0.010943
-0.300558
-0.660321
-0.338850
-0.937402
-0.314014
-0.616407
-1.243824
-0.640955
-0.009802
-0.430702
0.081518
-0.693063
-0.384066
0.303510
0.076437
0.247677
0.000508
0.636027
1.920862
0.838274
0.482592
0.000000
0.000000
0.000000
0.000000
0.000000
0.000000
0.000000
0.000000
0.000000
0.000000
0.505663
-0.200602
0.623127
0.162651
-0.313876
0.415401
-1.358431
-1.613579
-0.039502
-0.472887
0.109883
0.220117
1.438670
-0.105335
-0.185563
0.000000
0.000000
0.000000
0.066115
-0.862974
-0.224692
0.426985
0.436792
-0.093443
-0.204769
0.040328
0.071539
-0.125946
0.822284
0.714312
-0.694248
-0.008754
0.360460
-0.691623
-0.131787
0.060962
-0.274935
-0.265914
0.225587
0.630030
0.754157
-0.600793
-0.621905
0.290235
-0.273548
0.335929
-0.509385
-0.577102
0.564008
0.499487
0.077115
0.196826
-0.105135
0.070365
-0.147511
0.442460
0.543898
-0.183334
0.000739
0.607467
0.407635
-0.784159
-0.579573
-0.360376
0.386678
-0.273422
-0.758783
-0.890903
-0.274523
0.016273
-0.406561
0.561912
0.842979
0.050556
-0.906155
-0.256116
-0.047484
0.587930
0.793419
0.094004
0.995749
-0.088850
-1.291557
-0.327476
-0.430481
-0.217656
0.837949
0.360910
0.156963
0.587619
0.593908
0.103521
-0.160115
-0.223201
0.298373
0.540791
-0.241964
-0.500351
0.191380
-0.078948
-0.400976
-0.726981
0.487934
0.845184
-0.338472
0.069886
0.333966
0.036054
0.552049
-0.512298
-0.379001
-0.923618
-1.291462
-0.993205
-0.356875
-0.897228
-0.566944
0.625964
0.923930
1.071209
0.577101
0.615859
0.596906
0.549335
1.041346
0.311239
0.011178
-0.431517
0.029617
-0.697846
-0.318342
-0.411676
-0.817035
-0.441826
0.060350
0.542390
0.249554
-0.027545
-0.047539
-0.260662
-0.438859
0.432614
-0.118346
0.271279
-0.024474
0.513104
0.014110
-0.067025
-0.263926
-0.691988
1.055400
-0.711581
-0.424411
0.110885
0.623087
0.509274
-0.248369
0.511174
0.389919
-0.194504
0.476164
-0.182841
0.021544
-0.012624
-0.973226
-0.060108
-0.605465
0.328514
0.854088
-0.178972
-0.729234
-0.745856
0.365136
1.036984
0.583145
-0.137329
-0.771603
-0.514739
-1.072728
-0.627799
0.123318
-0.394686
0.262851
0.807869
0.290497
-0.267624
0.254042
0.486071
-0.581325
-0.437000
0.502735
0.599930
0.226521
0.822358
0.535991
0.784256
1.134335
0.549147
-0.459951
-0.559006
-1.146396
-0.663941
-0.223605
-0.806423
0.470506
-0.027451
-0.290452
-0.829736
-0.871641
0.268252
1.113518
0.730353
0.846874
0.172115
-0.140766
-0.414565
-0.645476
-0.487096
-0.430636
-0.764788
-0.150521
-0.707428
0.659559
0.881875
1.041220
0.908044
-0.610147
-0.074909
-0.227089
0.129350
-0.220165
-0.511971
0.011529
-0.923009
-0.610241
-0.024459
0.584423
-0.306960
0.092429
0.588989
0.333756
-0.035026
0.698004
0.443766
0.172160
0.093929
-0.202289
1.069389
0.943404
-0.011644
0.306681
-0.508993
0.139278
0.244598
-0.118249
-0.566014
-0.694630
-0.655393
-0.820719
-0.331342
-0.807042
0.043219
-0.024241
-0.340660
0.332871
0.997733
-0.402814
-0.308763
-0.373137
-0.710363
0.313297
0.676023
0.510470
0.000000
0.000000
0.000000
0.128989
0.662128
0.239613
0.752575
0.618106
-0.486156
-0.985270
-1.170836
-0.744005
-0.020145
0.318032
-0.406770
-0.350347
-0.278931
-0.723517
0.230883
0.955460
0.772558
0.651380
1.090563
1.708912
1.140039
0.451391
-0.477529
0.594621
0.893282
-0.362626
0.252277
-0.621804
-1.082838
-0.345058
-0.012306
-0.707956
-1.104871
-0.845838
-1.742311
-0.894587
-0.774189
-0.269512
-1.077127
-1.008153
-0.781557
0.548207
0.583147
1.159785
1.487178
0.873097
1.673441
0.367813
-0.307458
0.183537
0.490400
-0.157317
-0.275933
-0.082028
0.205200
0.042357
0.056043
-0.144427
0.703957
0.349239
0.572235
0.443292
1.459657
0.236249
-0.189739
-0.105600
-0.876401
-0.331873
-0.875032
-1.377040
-0.823006
-0.577190
-0.207348
0.810908
-0.162716
0.252729
-0.385412
0.311999
0.233886
0.087701
0.322153
-0.433869
-0.009348
-0.021655
-0.526560
0.013123
-0.632011
-0.836644
-0.080203
-0.897889
0.019726
0.500842
-0.983397
0.518071
0.640016
0.562012
0.871020
0.751272
1.060944
0.628360
0.339331
1.016333
0.000000
0.000000
0.000000
0.000000
0.000000
0.000000
0.000000
0.000000
0.000000
-0.836111
-0.364271
-0.734454
-0.754565
0.125729
-0.119124
-1.108515
-1.020982
0.465016
0.049866
-0.430963
0.492528
0.434675
-0.095136
-0.126609
1.343429
0.000000
0.000000
-0.017598
0.001651
0.277476
0.892644
-0.106019
-0.926601
1.073464
0.077257
-0.282132
-0.675237
-0.029474
0.400850
-0.068416
-0.083187
-0.187320
-2.115422
0.066457
0.022855
0.050288
0.239311
0.399783
0.146850
0.880475
-0.002909
-0.621654
-0.171008
-1.104032
0.427020
0.732115
0.850407
-0.236833
-0.356826
0.161028
-0.226056
0.358213
0.566250
0.943348
-0.243224
0.769895
0.324764
-0.735811
0.175446
-1.024499
-0.037915
0.861210
0.324475
-0.475321
-0.421098
-0.209606
-1.507753
-0.309435
-0.498383
-0.023197
0.438083
-0.322251
0.314164
0.759784
0.268825
0.292262
-0.078387
-0.620275
-0.383117
-0.372616
-0.253549
0.153790
0.528297
1.077193
0.793565
0.188864
0.465380
-0.072410
-0.005761
0.001679
-0.243682
-0.305051
0.146829
-0.511357
-0.503207
-0.080286
-0.035476
-0.288817
-0.134789
0.710645
0.231778
-1.044797
-0.519807
-0.080274
0.361548
0.000000
0.000000
-1.279606
1.092502
0.497505
0.094278
0.352405
0.015833
0.059649
0.390850
0.145959
0.107581
0.332741
-0.401116
-0.531573
0.419960
0.177272
-0.330056
-0.644762
-0.001387
0.710260
0.399522
-0.557512
-0.020802
-0.302711
0.141904
0.606714
-0.634823
-0.476117
-0.034139
0.005351
0.431925
0.322715
0.375608
0.439410
-0.071397
-0.725155
-0.715966
0.350386
0.674372
-0.151961
-0.467281
-0.335081
-0.240032
0.243743
-0.586609
-0.429083
-0.801271
0.696556
0.403848
0.255631
-0.590151
-0.153081
0.547189
0.525453
0.377049
0.565436
-1.228467
-0.264598
0.288614
0.797932
0.581968
0.139387
0.954769
0.732173
0.197377
0.000000
0.000000
-0.081861
0.729602
-0.010447
-1.581061
-0.553105
-0.509742
-0.838545
0.139280
-0.519745
-0.126608
-1.041204
-0.624936
-0.456865
-0.684703
0.023925
1.058969
0.104275
-0.438356
0.531370
-0.215077
1.282791
0.108525
0.573133
0.806905
0.721042
0.088717
-0.174866
-0.028319
0.084508
0.391259
0.100881
0.189431
-0.098938
-0.290756
-0.070445
0.090684
-0.452187
-0.228976
0.047413
0.081208
0.417743
0.093560
-0.076839
-1.596599
-0.267063
-0.836246
0.337724
0.027951
0.230507
0.057513
0.604299
0.095877
-0.015347
-0.017437
-0.093562
0.227348
-0.334097
-0.570163
-0.465540
-0.667384
0.332421
1.025418
0.609437
0.412854
0.166068
-0.123886
0.699695
-0.572500
-0.474704
-0.215882
0.099842
0.391197
0.031933
-0.519836
0.619588
-0.413286
0.591177
0.493760
-0.881935
-0.859358
-0.238415
0.554057
0.561083
0.816329
-0.197324
-0.453532
-0.596937
0.451430
-1.053207
1.000878
0.217714
0.620360
-0.657695
-0.263287
-1.271092
0.757745
0.872149
-0.542218
-0.324829
0.834493
0.449851
-0.175591
-0.135479
-0.268672
-0.270880
-0.654205
-0.876300
0.518149
-0.037611
-0.251499
0.482877
0.061291
-0.211453
0.138634
-0.909377
0.834929
1.505365
0.332651
0.761417
-1.085845
-0.264899
0.642233
-0.805846
-0.477335
0.236294
-0.043845
0.430715
0.835927
-0.428657
-1.351929
0.521217
0.625719
0.485798
-1.092707
-0.895886
0.486241
1.349324
0.684498
-0.249847
-1.493662
-0.467130
-0.354961
-0.469324
0.249013
0.000000
0.000000
0.000000
0.000000
0.950533
1.028995
0.000000
0.000000
-0.278924
-1.068601
-0.160759
0.490721
1.232125
-0.355359
-0.418249
0.529657
-0.327811
0.074294
0.829324
0.692294
-0.533136
-1.179948
-0.305247
-0.089215
0.636397
-0.351699
-0.562530
-0.811720
-0.790444
-0.472203
0.083206
-0.098600
1.090846
0.165803
0.868595
0.989450
-0.469530
1.077923
-0.005115
-0.801474
-1.665111
-0.383801
0.076209
0.116657
0.836839
0.708053
1.479352
0.825257
0.517777
-0.162740
-0.031472
0.035018
-0.852994
-0.521704
-0.452372
0.153174
-0.852698
-0.303685
-0.869935
-0.608594
-1.297383
-0.152580
0.000000
0.000000
1.706174
1.313813
0.563652
0.003119
-0.533845
-0.690886
0.057484
-0.613072
0.006305
-0.285319
1.017350
0.088404
-0.358436
0.565346
0.070741
0.494023
-0.115085
0.557325
0.055016
0.524961
0.466116
-1.143261
-0.824140
