-1.098009
0.476095
0.440184
0.485035
0.540535
0.289709
-0.030045
-0.084259
-0.565237
0.075000
-0.196514
-0.288233
0.231560
-0.346139
-0.088301
0.507122
-0.625639
-0.712661
-0.213072
0.352788
0.471851
0.278770
-0.356350
-0.381632
0.220789
0.090794
-0.308030
0.383559
-0.094593
0.010347
-0.476559
0.315497
0.100079
0.696199
0.068203
0.153466
0.233744
0.247091
0.036514
0.023848
-0.330061
0.143047
0.151397
0.291205
-0.271558
-0.452312
-0.227290
0.122297
0.187810
0.166697
-0.215810
-0.459373
-0.017382
0.368568
0.284060
-0.101461
0.013161
-0.298651
-0.026385
-0.267674
0.204528
0.017405
-0.242265
-0.703151
-0.475685
0.221026
0.665927
0.000000
0.000000
0.013995
0.361238
0.121445
0.066400
-0.198347
-0.645647
-0.473371
-0.624284
-0.191292
-0.007486
0.338430
-0.216615
0.346374
0.007092
0.372578
0.598772
0.822717
0.484568
0.246208
0.707661
0.662769
0.109686
-0.470713
0.227568
-0.508016
-0.337415
-0.298838
0.430344
0.580195
-0.198655
-0.343529
-0.428941
-0.592716
-0.334051
-0.276526
-0.184657
0.105257
-0.512891
-0.222565
-0.413555
-0.135872
-0.288505
-0.278119
-0.039768
-0.054566
0.431308
0.511648
0.093791
0.001010
-0.003146
0.155716
0.053419
-0.074791
0.427157
0.504971
-0.157042
0.545624
0.156513
-0.059304
0.175245
-0.156047
0.061024
0.208864
-0.015472
0.278444
-0.077792
-0.070865
-0.138861
-1.261477
-0.109843
-0.271674
0.237079
0.266764
0.164975
0.633730
0.339872
0.070881
-0.466557
0.543401
0.494951
0.837653
-0.750920
-0.415314
-0.480821
-0.097848
0.097499
-0.213176
-0.297092
-0.543506
-0.531300
-0.271464
-0.008484
0.048832
0.101769
0.217848
0.161144
0.048194
-0.220829
-0.123049
0.025713
-0.355469
0.073362
-0.117012
0.209207
-0.361258
0.336762
0.582571
0.478482
0.419691
0.630964
0.053823
0.412030
0.855226
-0.200055
-0.072429
-0.455004
-0.290262
-0.430166
-0.253052
-0.121209
-0.333726
-0.084014
-0.449560
0.030615
-0.398024
0.203095
-0.081255
-0.146142
0.078058
-0.188387
0.090167
0.103936
0.323061
0.525764
0.204547
-0.020149
0.015898
0.604891
0.114912
0.212144
0.177068
-0.011408
0.250455
-0.183923
-0.924303
-0.380203
-0.071823
-0.554214
-0.071667
0.040476
0.023553
0.551493
0.860980
-0.378419
-0.680808
-0.276032
-0.283441
-1.326134
-1.282595
-0.213109
0.174977
-0.118849
0.295504
1.402496
0.784734
0.649466
0.305713
0.319409
1.422618
0.528660
0.293253
-0.574114
-0.238984
0.088905
0.276689
-0.093636
-0.072533
-0.410192
0.114585
-0.529333
-0.416349
-0.500475
-0.360540
0.063773
-0.554746
0.136586
0.327252
0.205632
-0.117445
0.078290
0.327227
-0.016894
-0.975796
0.455000
0.213628
-0.144162
-0.006221
-0.397546
0.356662
0.110232
-0.225443
-0.161314
-0.968476
-0.328070
-0.412917
0.092854
0.156966
0.666868
0.381543
-0.060563
0.290615
0.061358
-0.349925
0.403952
0.547540
0.149530
0.583651
-0.084421
0.653798
0.492233
0.255928
0.065200
-0.324374
-0.179223
-0.306450
0.266978
0.503538
-0.480532
-0.477233
-0.051109
-0.354116
-0.143166
-0.295918
-0.212775
-0.118608
-0.315014
-0.712279
-0.535064
-0.064993
-0.859736
0.099281
0.570916
-0.226585
0.852668
0.938654
0.207604
-0.256631
0.499700
0.697473
-0.089586
-0.264283
0.027882
-0.375878
0.621696
0.051291
-0.380124
-0.166668
-0.440189
0.008873
0.103703
0.106331
0.391025
-0.492074
-0.316586
0.013889
-0.169819
0.392491
0.190921
0.000000
0.000000
0.000000
0.000000
0.000000
0.000000
0.000000
0.000000
0.000000
0.000000
0.022877
0.202436
0.216715
0.371686
0.000357
-0.429479
-0.275574
-0.213908
-0.356474
0.204526
-0.247056
0.020630
0.027345
0.170937
0.243268
0.000000
0.000000
0.000000
0.249068
-0.124265
-0.667908
0.139110
0.066878
-0.504009
-0.481955
0.480627
0.556895
-0.047786
0.337897
0.375202
0.173483
-0.136568
-0.067499
-0.223910
0.002214
0.221242
0.885145
0.138085
-0.288116
-0.172911
-0.368137
-0.233750
-0.073758
-0.145912
-0.316462
0.140752
-0.170635
-0.273776
0.026364
0.124956
0.183277
0.168385
0.271676
0.559632
0.233212
-0.495416
0.022776
0.280386
-0.409249
-0.777125
-0.383238
-0.559190
-0.457576
0.117064
0.125828
-0.720976
-0.260778
0.121244
-0.156455
0.394648
1.174365
0.978673
0.819383
0.413072
0.599763
0.228017
-0.239874
-0.059954
0.046465
0.595093
0.177496
0.166962
-0.208916
-0.805604
-0.573478
-0.124834
-0.390182
-0.491717
-0.265556
-0.018776
-0.447819
-0.695338
-0.916966
0.205267
0.042328
-0.029452
-0.108949
0.138873
0.157670
0.313263
0.033197
-0.092163
0.544291
0.326556
0.804476
0.373389
-0.241681
-0.188193
0.161819
0.043579
0.621583
0.092659
-0.066601
-0.710256
-0.227658
-0.390269
-0.024329
0.125282
0.838236
0.358382
0.342176
0.752561
0.179619
0.009934
-0.284160
-0.136071
-0.227492
-0.743596
-0.529276
-0.466762
-0.288416
-0.474936
-0.552087
-0.321834
-0.073030
0.158178
0.364018
0.164903
0.050242
-0.311934
-0.133890
0.910542
0.514552
-0.025163
-0.074683
0.175044
0.344478
0.642421
0.329508
-0.205948
-0.230958
-0.326198
-0.472023
0.055562
-0.262968
-0.346020
-0.103785
0.676651
0.012970
-0.251555
-0.219784
-0.273492
0.469736
0.563181
0.128155
-0.520660
0.183451
0.406415
0.164048
-0.020586
0.306116
0.178736
-0.007152
0.090056
-0.072041
0.430432
-0.264724
-0.915193
-0.276836
-0.759701
0.244163
-0.019440
0.224061
-0.339165
-0.587154
-0.122397
-0.382140
-0.134373
0.127417
0.185590
-0.029142
0.152488
0.216382
0.935363
0.048329
0.307088
-0.032941
0.021028
-0.067507
0.346814
-0.211499
0.245262
0.193358
-0.189744
0.085590
0.042522
-0.139251
0.225432
0.282770
-0.444169
0.075861
0.373288
0.073612
0.189261
-0.331744
-0.683847
-0.269366
-0.174110
-0.183791
-0.323910
-0.323464
1.169557
-0.415590
-0.501206
0.456826
0.241250
0.202591
-0.857694
-0.117128
0.141946
0.061710
0.007347
-0.101731
-0.231507
0.555897
0.199515
0.311783
0.478168
-0.443972
0.260677
0.277652
-0.047664
-0.027058
-0.144229
-0.453990
-0.158965
0.308870
-0.309441
0.469940
0.007204
-0.616011
-0.384095
0.525559
0.307705
0.166319
0.256825
-0.706734
-0.338847
-0.043129
-0.241377
-0.198146
0.508506
0.008192
0.493233
0.196616
0.352533
0.504067
-0.103805
0.337950
-0.330402
-0.204732
-0.210870
0.031578
0.000000
0.000000
0.000000
-0.305737
-0.619232
-0.136097
0.071330
-0.167040
0.034676
-0.068185
-0.306179
-0.496934
0.031148
-0.002885
-0.378916
-0.172480
-0.175199
0.326751
0.246570
0.638592
0.855185
0.305876
0.202749
0.779691
0.701428
0.300422
-0.030889
0.259260
-0.401385
-0.753569
-0.224508
-0.407856
-0.205985
-0.023084
-0.004011
-0.392023
-0.476169
-0.292016
0.212719
-0.132332
-0.527719
0.320733
0.081307
0.056567
-0.128121
-0.274391
-0.232717
0.319578
0.092943
0.393197
0.161077
-0.238877
-0.033723
0.361062
0.359377
0.382932
0.429055
-0.189498
-0.146246
-0.108143
-0.146978
0.010529
-0.463586
0.180713
0.558693
0.520891
-0.286607
-0.255304
-0.437144
-0.126361
-0.310453
-0.122042
-0.121234
-0.012571
-0.041038
0.172736
-0.129498
-0.197849
0.552882
0.483387
-0.377594
-0.128575
-0.075302
-0.212635
0.454538
0.134484
0.407567
0.659204
0.217598
-0.364152
-0.319975
-0.223741
-0.003268
-0.521507
-0.251689
-1.097152
-0.117470
-0.279259
0.142426
0.486889
-0.021313
0.519062
1.106227
0.118481
-0.035275
-0.087710
0.000000
0.000000
0.000000
0.000000
0.000000
0.000000
0.000000
0.000000
0.000000
-0.432366
0.084755
0.221274
0.197148
0.559821
-0.172803
-0.869244
-0.419371
-0.496741
0.096604
0.056290
0.279072
0.176950
-0.081860
-0.114303
0.454682
0.000000
0.000000
0.574146
0.476617
-0.010716
0.107635
-0.462188
-1.194079
-0.182222
0.211478
0.254975
0.262406
-0.146331
-0.325196
0.156504
0.418093
0.451292
0.220920
-1.188928
-0.448106
-0.308257
0.386907
0.644069
0.004674
0.187337
0.357286
0.052103
-0.511410
-0.293477
-0.161226
-0.338817
0.453991
0.104353
-0.482786
0.538925
0.107893
0.271117
-0.382056
-0.412151
-0.197657
0.294950
0.034931
-0.212440
-0.005224
0.297376
-0.083525
0.039655
0.223762
0.701936
0.416731
0.049589
-0.080368
0.193244
0.487391
-0.053731
0.051958
0.452945
0.120754
-0.517625
-0.623306
-0.644528
-0.263425
-0.032129
-0.044930
-0.656412
0.045809
-0.465360
-0.521330
-0.126754
0.487346
0.348622
-0.814614
0.128568
-0.343676
0.116335
0.910651
1.226054
0.519154
0.661250
0.179918
-0.225674
-0.684093
-0.563487
0.290444
0.299416
0.097886
-0.446316
-0.742057
-0.288856
0.039458
0.000000
0.000000
0.023362
-0.206365
-0.379783
-0.338530
0.084748
0.148327
-0.243660
0.321142
0.331463
0.025454
0.102305
0.964317
0.992214
0.749078
0.128469
-0.331650
-0.248902
0.247056
-0.128484
0.088506
0.475056
0.038424
0.103052
-0.551840
-0.382859
-0.590659
-0.638881
-0.260446
-0.495432
-0.435220
-0.059203
0.339444
-1.182495
-0.785968
0.181653
-0.137909
-0.250555
-0.459434
0.061262
0.606329
0.032885
0.127141
0.680285
0.359492
0.549868
0.812826
0.810177
0.261664
0.445175
0.320954
0.580057
-0.162734
-0.398485
-0.033839
-0.264148
0.330520
0.162698
0.160115
0.315829
0.059955
-0.489789
-0.089386
-0.297114
-0.945285
0.000000
0.000000
-0.197810
0.100554
-0.490149
-0.394676
-0.821875
-0.987309
-0.479833
-0.562790
-0.208146
-0.199386
0.101583
0.326751
0.657331
0.730821
0.593487
0.725915
0.374594
0.431626
-0.501439
-0.158947
0.874830
0.417318
0.113255
0.560889
0.787689
0.442203
-0.374422
-1.395797
-0.509619
-0.276081
0.392715
0.366945
0.122033
-0.182739
-0.731418
-0.909172
-0.688158
0.153510
-0.122885
-0.254302
0.531632
0.481534
-0.656661
-0.392119
-0.080435
0.611031
0.684007
0.300371
0.360833
-0.096940
-0.075739
0.196544
0.788430
0.996387
0.443260
-0.539019
-0.511084
-0.109641
-0.277392
-0.878565
-0.472011
-0.457676
-0.016457
0.549643
-0.159718
0.140735
-0.202807
-0.473035
-0.885100
0.208442
-0.037957
-0.280975
-0.031451
0.196832
-0.343309
0.021814
0.240880
0.249474
-0.066960
0.185390
1.133532
0.844254
0.199206
0.472756
0.717090
0.405932
0.141364
0.129953
-0.155916
-0.602771
-0.182984
-0.091688
-0.626175
-0.743293
-0.604040
0.110418
-0.156231
0.073929
0.204207
0.137960
-0.492439
0.003914
0.020970
0.017932
0.526967
-0.266306
-0.278013
-0.516896
0.268019
0.596883
-0.262607
-0.024923
-0.209536
0.220888
-0.372071
-0.092823
-0.012046
-0.195828
-0.032378
0.145867
-0.412063
0.526568
-0.120722
-0.692149
0.800237
0.475599
0.253959
0.144781
-0.191453
-0.261979
0.217278
0.602552
0.783491
0.532926
0.320453
0.261011
-0.101746
-1.066345
-0.416063
-0.040669
-0.094641
-0.121155
0.134507
-0.204169
0.000000
0.000000
0.000000
0.000000
0.474096
-0.830482
0.000000
0.000000
-0.476621
-0.453029
0.060471
-0.831108
-0.345968
-0.010459
0.212186
-0.099894
0.688524
0.153900
0.370128
0.737458
0.817525
-0.063570
-0.319619
0.218810
0.081396
-0.174181
-0.403324
-0.704330
-0.702219
-0.386241
0.057029
-0.525052
-0.772721
0.735576
1.231613
0.776688
0.579448
0.661250
0.775786
0.425417
-0.044733
-0.363757
0.178357
0.137281
-0.818917
-0.545514
-0.201981
-0.106193
-0.250333
0.027719
-0.592064
0.660425
1.302080
-0.157586
-0.555754
0.158862
-0.421799
-1.018718
-0.647391
-0.914023
-0.968434
-0.767453
0.000000
0.000000
0.394711
0.392911
0.061863
0.739052
0.487918
0.894101
0.504432
0.430776
0.880609
0.388643
0.431444
0.421897
-0.147768
-0.611054
-0.589238
-0.332092
-0.328644
-0.458320
-0.056548
0.006199
-0.268774
-0.077924
0.335971
