0.035648
0.033084
-0.105646
-0.065548
-0.246570
0.021340
0.237420
0.075074
-0.021158
-0.047302
-0.030397
-0.094874
-0.055076
0.121263
0.037837
-0.011272
-0.025181
0.121199
0.055077
0.041803
0.180929
0.048233
-0.007909
0.070193
0.030059
-0.015815
-0.218319
-0.013328
-0.029340
-0.056006
-0.001439
0.064485
-0.022737
-0.015952
0.072300
0.009958
-0.003691
-0.011176
-0.082400
-0.040472
0.125772
0.113848
0.020277
-0.176285
-0.407735
-0.163586
-0.003348
0.070976
0.052978
0.207078
-0.013098
0.082758
0.064893
-0.209098
-0.217196
0.102054
-0.010292
0.011143
-0.191878
-0.020367
0.041832
0.027041
0.191287
0.139770
0.215126
0.161586
0.095251
0.176469
0.098064
-0.041745
-0.114086
-0.048993
-0.111759
-0.032707
0.194802
0.169124
0.099486
-0.090778
-0.240124
-0.021823
-0.241348
-0.091612
-0.256275
-0.106064
-0.182238
-0.156070
-0.238855
-0.051630
0.291502
0.301284
0.186053
0.125131
0.026656
-0.145716
0.160181
0.108905
-0.042189
0.084657
0.116626
-0.173014
0.117002
0.107020
-0.096425
-0.103060
-0.030030
-0.084089
-0.041907
-0.219022
-0.108407
0.018086
0.210946
0.048636
0.078110
0.016286
0.085384
-0.207408
0.063198
-0.084280
-0.115836
0.146689
-0.012469
0.114103
0.143966
0.222223
0.110966
-0.213952
-0.381444
0.168678
0.227141
-0.093700
0.008513
0.006371
0.191654
-0.006457
-0.109941
-0.192294
0.131742
0.180871
0.032728
-0.130217
-0.225550
-0.258291
-0.174244
-0.117820
-0.087765
-0.096178
-0.080048
-0.062688
-0.005898
-0.141651
0.132729
0.363434
0.379152
0.326111
0.266154
0.140142
-0.022278
-0.063761
0.063343
-0.103587
-0.099741
-0.383101
-0.115144
-0.003077
0.003535
0.059015
-0.061187
0.075591
-0.096241
0.040298
0.155500
0.160951
-0.144013
-0.081411
-0.081448
0.078593
-0.024923
-0.156689
0.005398
-0.071669
-0.013500
-0.082909
0.177919
0.226592
0.008161
0.111111
0.037335
0.012146
-0.038695
-0.120786
0.026000
0.080837
0.029846
-0.230946
-0.054414
0.081039
-0.013731
-0.037486
0.193415
-0.171750
-0.180508
-0.170744
-0.149198
-0.004587
0.134132
0.250340
0.177072
-0.104507
-0.155129
-0.165368
-0.088171
0.156667
0.017179
-0.045457
-0.044249
0.071487
0.185540
0.256108
0.045993
0.126188
0.007715
0.008183
0.234062
-0.143449
0.019065
0.057075
-0.258427
-0.276159
0.112980
0.313025
0.107202
0.099240
0.063710
0.279087
0.004009
-0.367516
-0.335699
-0.171778
-0.025248
-0.182877
-0.192979
-0.160380
-0.422444
-0.233143
-0.029200
-0.032558
-0.101953
0.085619
0.010202
0.299880
0.267716
0.183284
0.205008
0.326090
0.415919
0.175733
-0.029496
-0.071899
0.007481
-0.090921
-0.050625
0.146641
-0.132843
-0.063459
-0.124966
-0.292643
-0.048304
0.305282
0.243392
0.233388
0.225754
0.118807
-0.064713
-0.239260
-0.240867
-0.345991
-0.068974
-0.186425
0.025721
-0.117015
-0.143401
-0.203370
-0.199855
-0.115323
-0.119406
0.098718
0.148634
-0.111499
-0.240181
-0.122105
0.269306
0.360387
0.515323
0.434685
0.078056
0.186357
0.065968
0.081231
-0.133029
-0.042993
-0.061799
-0.264211
-0.284032
-0.068491
0.117366
0.148123
0.005636
-0.002696
-0.178079
-0.123676
-0.129137
-0.227425
-0.005279
0.029308
0.225770
0.125279
0.082625
-0.021841
0.049917
0.261226
0.239093
0.289263
0.283325
0.179820
-0.092484
-0.137661
-0.377949
-0.426359
-0.698228
-0.189149
-0.023831
-0.368351
-0.045560
0.133234
0.172056
0.224097
0.145046
0.053335
0.029781
0.079936
-0.027357
0.008568
-0.066139
-0.033564
-0.101048
-0.007533
0.266509
0.095517
0.136156
0.281729
0.220149
-0.002988
-0.057594
-0.020173
-0.138150
-0.042440
0.257891
0.167166
0.069285
0.169075
-0.223242
-0.036199
-0.111509
-0.128261
-0.309041
-0.359496
-0.167948
0.017584
-0.206550
-0.007209
0.369851
0.062077
-0.157303
-0.206253
0.151012
0.193412
0.049264
0.137359
0.167241
0.081171
-0.049118
-0.038933
-0.116049
-0.115373
-0.212597
0.062798
0.054087
-0.088087
0.401662
0.074611
-0.225888
-0.230050
-0.186190
-0.202449
0.027551
0.219266
0.230974
0.166684
0.096162
0.070496
0.194226
0.175745
0.114279
0.040472
-0.141619
-0.146679
-0.124899
-0.016833
-0.140677
-0.107441
-0.274392
-0.337320
-0.148265
-0.050349
0.249819
0.348671
0.131831
-0.096002
-0.112873
0.274044
-0.007130
0.175074
0.160579
0.128858
0.131924
-0.188994
-0.215787
-0.188026
0.028234
0.100664
-0.197980
-0.081885
-0.083281
0.052761
0.032973
0.128651
-0.000489
-0.251157
-0.099626
0.147176
0.153148
0.060462
0.026839
-0.170612
-0.087302
0.007547
-0.010025
-0.029248
0.266518
0.038369
-0.100240
-0.168310
0.079794
-0.001341
-0.149085
-0.031796
0.195879
0.279538
0.533682
0.292001
-0.218895
-0.260706
-0.285950
0.109765
-0.021347
-0.044690
0.212469
0.159998
0.058377
-0.278401
-0.069359
-0.178348
-0.166619
-0.324149
-0.270966
0.121916
0.008430
-0.188904
-0.177155
-0.030172
0.194406
0.143401
0.219590
-0.031933
-0.017438
0.030705
-0.121562
-0.184194
0.118783
0.261771
0.184074
0.002968
0.315016
0.254157
0.140718
0.072147
-0.057246
0.114774
-0.021839
-0.153078
-0.181548
-0.261827
-0.243342
0.004615
0.078746
0.138924
-0.044630
0.054381
0.279218
0.040787
-0.199633
-0.173951
-0.026524
0.038679
0.019731
0.151754
0.115127
-0.103355
-0.264450
-0.153434
-0.339975
0.006090
-0.191420
0.123764
0.171561
0.042888
-0.073798
-0.133474
-0.179590
-0.013083
-0.057481
0.093987
0.020061
0.093855
0.045292
-0.044763
0.162256
0.099324
0.290370
0.323702
0.076522
-0.088879
0.021351
0.223648
0.323102
0.351554
0.180675
0.013779
-0.009741
-0.032102
-0.035679
-0.216637
-0.243178
-0.165133
-0.409065
-0.313501
-0.318671
-0.243141
-0.356187
-0.278795
-0.092812
-0.036430
0.163271
0.330672
0.381542
0.186897
-0.129460
-0.034570
-0.075260
-0.024192
-0.026385
0.002121
0.181095
0.315587
0.001423
-0.182046
0.312229
0.234596
0.015569
0.120713
0.293735
0.121766
-0.184510
-0.191232
-0.174905
0.068799
-0.013976
0.049155
-0.053574
-0.072722
0.016270
0.000000
0.000000
0.187142
0.018063
-0.326913
-0.364221
-0.314341
-0.018807
-0.197170
-0.140816
0.020497
-0.045513
0.192297
0.323221
0.216564
0.164133
0.216938
0.159163
0.228268
0.241085
0.084261
-0.074673
-0.011077
-0.064020
-0.123706
-0.496580
-0.545500
-0.207140
0.024233
0.013162
0.068129
0.027619
-0.116950
-0.207192
-0.095617
0.025486
0.060008
0.106887
0.253364
0.359365
0.174707
-0.091705
-0.054370
-0.003263
0.131257
0.329766
0.281791
-0.118889
-0.184437
-0.004091
0.088204
0.365027
0.114592
-0.134556
-0.138616
-0.198861
-0.081483
-0.220900
0.057476
0.048584
-0.235802
-0.083477
-0.119445
0.023745
0.072207
-0.059770
-0.233177
-0.143432
-0.064429
-0.088178
-0.069757
-0.101182
-0.049286
0.222758
0.194734
0.036142
0.138380
0.026518
0.038063
-0.023153
0.012724
0.071208
0.187973
0.106304
-0.000137
0.106346
0.068216
0.100096
-0.128402
-0.102321
0.059112
0.106086
0.008318
-0.106664
0.099241
0.017438
0.167886
-0.023268
0.040516
0.121958
-0.100915
-0.172760
-0.240897
-0.192666
-0.044935
0.018069
-0.185123
-0.007715
-0.046747
-0.295760
-0.005327
0.097239
0.102006
0.089646
-0.189873
-0.037329
0.097658
-0.118868
-0.125548
0.092908
0.078353
0.069989
0.116012
0.275490
0.086706
0.207528
0.111049
0.161303
0.198107
0.073187
0.128833
-0.014518
-0.166996
-0.249869
-0.162194
-0.141028
-0.234636
-0.224833
0.116342
-0.088920
-0.069929
0.333806
0.208742
-0.093241
-0.244670
-0.286261
0.056387
-0.125904
0.107102
-0.068802
0.018896
0.224294
0.163779
-0.133959
0.074332
0.153175
0.060639
0.151241
-0.068236
-0.119383
-0.093696
-0.090705
0.122248
0.029761
0.050130
-0.041339
0.033417
-0.041722
-0.030808
-0.052608
0.083417
-0.009206
0.024990
0.192314
-0.273468
-0.018668
-0.202039
0.030997
0.068458
0.117199
0.121839
-0.208084
0.119787
-0.066939
-0.326377
0.085570
-0.017414
0.023404
0.067154
0.270343
0.201162
-0.113189
-0.274381
-0.174520
0.009124
0.150100
-0.167115
0.066005
0.302249
0.399819
0.000000
0.000000
0.421802
0.023432
0.077517
-0.202144
-0.335289
-0.167775
-0.146385
-0.218526
-0.289490
-0.186536
-0.109686
0.031547
-0.041524
0.084797
0.200005
0.010056
-0.126193
0.062035
0.069058
0.079728
0.189347
0.000000
0.000000
-0.033481
0.250589
0.186395
0.076058
0.168294
0.057131
-0.139818
-0.115242
-0.142058
-0.037557
-0.049095
0.202129
0.124683
-0.172198
-0.153991
-0.126644
-0.204295
-0.204249
0.151511
0.180101
-0.096805
0.167608
0.010659
0.084074
0.310485
-0.063289
-0.222191
-0.076717
-0.045185
-0.038192
-0.043211
-0.113675
-0.109332
-0.172373
0.028749
0.032984
0.203846
0.050826
-0.015211
0.062870
0.117063
-0.089240
0.111733
-0.009641
-0.095234
-0.079150
0.097292
0.184913
-0.062088
-0.101090
0.048801
0.254830
0.122001
0.042329
-0.160892
-0.098328
0.014225
0.200798
0.420892
0.233165
0.104158
0.116087
-0.244799
-0.315387
-0.396852
-0.214027
-0.346383
-0.367963
-0.271450
-0.174818
-0.105014
0.100550
0.067048
0.043386
-0.192303
-0.110771
0.129319
0.237373
0.427875
0.384260
0.230121
0.128880
-0.002885
-0.045448
-0.115025
0.193363
0.447576
0.342360
0.214407
0.087759
0.119254
-0.070013
-0.097099
-0.180109
-0.266186
-0.221689
-0.196336
-0.479202
-0.341341
-0.185700
-0.288101
-0.178448
-0.309113
-0.017234
0.236766
0.161908
0.298602
0.230550
0.175608
0.197108
0.087231
-0.019285
0.332724
0.020449
-0.225232
-0.054816
-0.028688
-0.120168
-0.261400
-0.172282
0.054839
0.114189
0.132021
0.126408
0.339010
0.000000
0.000000
-0.064580
-0.134749
0.021611
0.142175
0.264146
0.126572
-0.022386
-0.126744
0.055120
0.000000
0.000000
-0.100483
-0.185258
-0.113676
-0.270583
-0.337708
-0.122775
-0.029704
0.314543
0.049414
0.001217
0.181654
-0.077512
-0.011608
-0.089245
-0.121381
0.149320
0.005289
-0.030543
-0.156720
-0.145280
0.117853
0.127083
0.063411
0.180867
0.177806
0.000000
0.220142
0.035874
0.125346
-0.022299
0.019033
0.022744
-0.200364
-0.406700
-0.162117
-0.150474
0.160236
0.140376
-0.114105
0.071046
0.076655
0.145998
0.129833
0.071023
-0.006300
0.278503
0.163078
-0.026601
-0.143312
-0.033519
-0.168284
-0.358955
-0.426620
0.000000
0.000000
0.238763
-0.047118
-0.036181
0.144533
-0.149353
-0.246080
-0.028700
-0.099169
0.217354
-0.071472
0.167554
0.095037
-0.080296
0.060359
0.050338
0.195727
0.173183
0.045107
0.168583
0.119991
-0.038293
0.035392
0.054184
0.180090
-0.214933
-0.171754
-0.196412
-0.161815
0.078574
0.274039
0.017540
-0.090836
0.007637
-0.018623
-0.102334
-0.247165
-0.376810
-0.080538
0.152317
0.103129
0.316541
-0.034566
0.023759
0.084830
0.022569
-0.122450
-0.132648
-0.043450
-0.015996
-0.053022
0.096435
0.118182
-0.130676
-0.159367
0.260903
0.000000
0.000000
-0.031403
-0.118244
0.339169
0.023778
-0.263022
-0.173465
-0.007036
-0.062646
0.088664
0.300664
0.386798
0.262983
0.038107
0.061497
0.099526
-0.072943
-0.209758
-0.295302
-0.267840
0.002473
0.031785
0.164133
-0.103127
0.017965
-0.048169
-0.075535
0.091934
-0.160538
-0.405044
-0.228917
-0.057473
-0.031989
-0.024841
0.218922
0.206456
0.052577
0.086144
0.118436
0.104978
-0.160631
0.019367
0.163552
-0.060189
0.080879
0.118735
0.223051
0.257620
-0.077086
-0.157004
0.240034
0.122041
-0.032512
0.032488
-0.309782
-0.528047
-0.193999
-0.100783
-0.029419
0.076749
0.140899
0.077112
0.103656
0.109491
-0.025080
0.021614
-0.093398
-0.092676
-0.034980
-0.002671
-0.047199
0.038026
0.046995
0.100594
