-0.199851
0.185040
-0.037591
0.038418
0.115090
0.054760
-0.286869
-0.085995
0.556212
-0.052977
-0.208210
-0.200919
0.221319
0.309156
0.113586
0.043943
-0.203473
-0.012092
-0.247125
-0.239520
-0.247708
-0.208603
0.047684
-0.088068
0.043945
0.215067
0.060522
0.239814
0.085331
0.201084
0.187280
-0.318609
0.010785
-0.318127
-0.115051
0.118979
0.148227
-0.061289
-0.029765
-0.122694
0.073768
-0.177459
0.272769
0.324186
-0.063812
0.009169
0.310163
0.330918
-0.111916
-0.186602
-0.031822
-0.078754
-0.281301
-0.021647
0.122933
0.102320
0.204861
-0.079062
-0.191029
-0.120922
-0.273723
-0.127248
-0.121921
0.152609
0.003415
-0.186744
-0.013345
-0.153143
0.039161
0.086244
0.249064
0.121853
0.088455
-0.114740
-0.138235
-0.258629
-0.037229
0.161083
0.184505
0.082647
0.278512
0.143323
-0.002406
-0.106112
0.037723
-0.008628
-0.089312
0.183461
0.197239
0.145842
0.100944
-0.021140
-0.121383
-0.163250
-0.172101
0.135173
-0.118607
0.034691
-0.303993
0.100125
-0.324244
-0.150921
-0.060760
0.125195
-0.377510
0.101114
0.143273
0.039577
-0.100807
0.068904
0.000346
0.254116
0.002675
0.035295
0.173856
-0.335733
0.030878
0.130671
-0.091547
0.483038
0.383587
-0.059266
-0.242731
-0.085795
0.138103
-0.173593
-0.335277
0.229320
-0.187573
0.172959
-0.280729
-0.160724
0.037254
0.150653
0.195623
0.253311
0.340883
-0.110475
0.067365
0.155305
-0.111911
-0.390196
-0.043836
-0.432049
-0.228071
-0.139612
0.083909
-0.118572
0.076142
0.255537
-0.079199
0.126991
-0.007256
0.039848
-0.084038
0.171752
-0.029971
0.116615
0.198002
-0.116076
0.080629
0.093386
-0.115674
0.245022
0.104257
0.149705
0.114762
-0.151901
-0.172616
0.049624
-0.317866
-0.170772
0.090145
-0.213403
-0.129000
-0.326364
-0.022880
0.021898
0.079786
-0.066241
0.284599
0.034281
0.283616
0.324664
0.143521
-0.093190
0.084771
-0.091124
-0.056971
-0.141247
-0.011856
-0.145063
-0.216283
0.199196
-0.028767
0.127928
0.042135
-0.056214
-0.134634
0.145606
-0.068760
0.057795
0.199492
-0.036354
-0.026762
0.069859
-0.256093
-0.212836
0.005533
0.106645
-0.392750
0.096820
0.310033
-0.205997
-0.236467
0.026717
-0.073206
0.114022
0.260981
0.097000
0.310932
0.224539
-0.239001
0.450444
0.031983
-0.115015
0.101785
0.087125
0.070544
-0.390549
-0.316943
-0.234403
-0.256260
-0.197147
-0.090562
0.000772
0.199185
0.119646
-0.083291
0.145583
0.000232
0.114166
-0.148869
0.091848
-0.007282
0.345266
0.145489
-0.097235
-0.088380
0.139134
0.028023
-0.296959
0.129332
0.531562
-0.127008
0.091468
-0.200304
0.008804
-0.407738
0.272212
-0.236434
-0.194831
0.097759
-0.157819
0.009239
0.188013
0.181948
0.014941
-0.143063
-0.260657
-0.221011
0.033360
-0.112848
0.086104
0.124239
0.250494
-0.011540
0.143072
-0.110094
-0.092428
-0.296670
0.013076
0.107259
0.287939
0.242146
0.206472
-0.007919
0.145313
0.232695
-0.207850
-0.044553
-0.377946
0.018849
-0.128191
0.176281
0.160522
-0.101119
0.089321
0.089494
-0.290234
-0.392339
0.194495
-0.094662
-0.216610
-0.072075
-0.137109
-0.152355
0.161146
0.158234
-0.024515
0.248013
0.205962
0.140489
-0.009445
-0.030448
0.095914
-0.064853
0.291476
-0.265309
-0.170572
-0.070211
0.067512
-0.107829
-0.676491
0.012131
0.213531
0.245421
-0.113842
0.347592
0.046099
-0.038906
0.074331
0.131285
0.483929
0.176303
-0.040283
0.308043
-0.045320
-0.352947
-0.077681
-0.045861
-0.239139
-0.293461
-0.150086
-0.108421
-0.076352
-0.523913
-0.132901
0.127988
0.239071
0.213391
0.293939
0.008373
-0.296268
0.179879
0.134335
0.153955
0.126576
-0.394961
-0.181121
0.073773
0.082390
0.161622
0.007541
0.267713
0.145517
-0.066828
0.096228
0.166740
-0.276722
-0.232880
0.220444
-0.184836
-0.191473
-0.168483
0.010181
0.140544
0.109126
0.354526
-0.370472
-0.032427
0.096816
0.154706
-0.356834
-0.411945
0.087733
-0.126901
-0.137463
0.283639
0.212446
0.131533
-0.198138
0.674308
0.192329
-0.095007
-0.194023
-0.351769
-0.118341
0.073409
-0.181506
0.299307
0.249198
0.001560
0.230085
0.004282
-0.146066
0.079678
0.089757
-0.162522
0.056827
0.067566
0.478571
0.020086
-0.036836
-0.161533
-0.330179
-0.466947
-0.086968
0.011785
-0.187700
-0.361160
0.191240
-0.078001
-0.179488
-0.202373
0.082038
-0.039091
-0.291852
0.030197
-0.050999
0.137913
0.128770
0.103092
0.365512
0.348607
0.443535
0.346160
0.119148
-0.002343
0.035749
0.135045
0.057535
-0.014538
-0.314578
0.039455
-0.091226
-0.094325
-0.104279
0.092224
0.119270
-0.076728
-0.334098
-0.286698
0.005528
-0.181855
-0.190520
-0.118840
0.096157
0.012116
-0.236252
0.161773
0.216945
0.042111
0.319114
0.102521
-0.115279
-0.026303
-0.333961
0.212538
-0.194098
-0.309382
-0.170680
-0.001878
0.346937
0.092295
0.125660
0.117618
0.052646
-0.038608
0.134207
0.136754
0.214006
0.031568
0.195266
-0.146477
-0.161584
-0.089145
0.187777
-0.087719
-0.120209
0.231291
-0.186559
-0.020045
-0.240429
-0.137869
-0.179329
-0.121558
-0.058264
0.103601
-0.076761
0.148709
0.307128
0.499944
0.095948
-0.210459
0.013450
-0.318137
-0.262690
0.033113
0.169286
-0.063741
-0.265730
0.159681
0.023325
-0.100304
0.069758
0.057189
-0.126127
0.104592
0.104600
0.003550
0.611541
-0.382597
-0.147731
-0.016843
-0.355281
0.034658
0.040382
-0.108084
0.184753
0.162444
0.043743
-0.296479
-0.018099
0.236303
-0.105391
0.045149
0.067270
0.159962
-0.153800
-0.061357
0.172774
0.243364
0.115047
-0.253365
-0.019141
-0.067955
0.131115
0.103487
-0.057670
-0.091334
-0.099725
0.234730
-0.021300
-0.367987
0.197104
-0.131981
-0.323493
0.060490
-0.295995
0.148493
0.135241
0.153901
-0.051461
0.322593
0.171893
0.022478
-0.211856
0.072004
0.347412
-0.618317
-0.406828
-0.220811
-0.277987
0.299587
0.355204
-0.005079
0.026774
0.102771
0.062367
0.437468
-0.022670
-0.151605
-0.335540
-0.318925
0.175600
-0.086253
0.195487
0.437388
0.468247
0.007823
0.000000
0.000000
-0.145997
-0.171566
0.005605
-0.098656
0.110861
0.196479
0.102669
-0.103962
-0.460814
-0.159539
0.058033
-0.244562
-0.103784
-0.106446
0.341687
0.038153
-0.464213
-0.340707
-0.204872
-0.101886
0.139806
0.243418
0.379393
0.371461
0.119091
-0.309185
0.001898
0.169126
0.076024
0.090209
-0.004081
0.338441
-0.021978
0.250858
0.049723
0.162114
-0.060514
-0.298398
-0.194982
0.034057
-0.244272
-0.030774
-0.185230
-0.177666
0.125320
0.013690
-0.014589
0.100681
-0.041237
-0.064010
-0.111768
0.239429
-0.165351
-0.063888
0.082992
0.181623
0.079915
-0.242550
-0.182472
0.038122
-0.134903
-0.461683
0.243987
0.417851
-0.100813
0.178166
0.183847
-0.012000
0.270936
0.186258
0.319318
0.142298
-0.261690
-0.170882
0.037027
-0.359093
-0.280747
-0.125897
-0.053689
0.121065
0.298200
0.032927
-0.206946
-0.044151
0.299531
-0.101546
0.271651
-0.258153
-0.214672
-0.051710
-0.264401
-0.077544
-0.169772
0.279976
-0.055447
-0.239137
-0.040769
-0.121490
0.117192
0.330770
0.473905
0.059964
-0.025826
0.116372
-0.133267
0.471440
-0.106356
-0.020323
-0.160325
-0.008099
0.151793
-0.157032
0.104225
0.147325
0.101428
0.019616
0.010183
-0.164742
-0.411652
-0.387415
-0.150388
-0.105826
-0.249787
0.013149
0.047445
0.526622
0.037614
-0.104924
0.115984
-0.213477
0.331580
0.176919
-0.075785
0.137387
-0.038748
0.125357
0.019592
-0.128244
-0.270886
-0.165286
-0.265153
0.305676
0.011458
0.004107
0.086132
-0.020280
-0.200613
0.019182
-0.007608
0.348921
-0.217279
-0.027235
0.342041
0.270111
0.113319
-0.023940
-0.019830
-0.028231
0.007407
0.091429
-0.069519
-0.009819
-0.154592
0.116199
-0.252226
-0.095715
-0.010957
-0.095520
0.049412
-0.335510
0.064690
-0.041637
-0.128342
0.072920
0.032998
-0.059513
0.023608
0.357360
0.225630
-0.154428
0.055479
-0.130366
-0.118870
-0.109717
0.008780
0.138115
0.243985
0.022525
-0.072734
-0.177974
0.105441
0.008961
-0.170886
0.133512
-0.106349
0.075638
0.188510
0.150306
0.000000
0.000000
-0.029958
-0.130880
-0.023390
-0.409607
0.066513
0.025918
-0.046108
-0.077917
-0.101034
-0.005383
0.047998
-0.102531
0.103961
0.172085
0.172435
0.191944
0.079687
-0.049359
-0.170762
-0.024222
-0.189197
0.000000
0.000000
0.132643
0.086216
0.054491
-0.073251
0.099384
-0.056959
0.159867
0.223685
0.281898
0.351829
-0.020867
-0.057165
-0.019763
-0.557605
-0.213315
-0.115181
-0.152446
-0.266503
-0.229904
-0.229591
-0.043417
0.275678
-0.095150
-0.070642
-0.072859
-0.166062
0.121128
0.112840
0.184149
0.034165
0.093840
0.310939
0.110177
0.219477
-0.235984
0.077219
0.697452
0.179563
-0.058464
0.184624
-0.076750
-0.371144
-0.241482
-0.041095
-0.117181
0.066320
-0.073055
-0.122197
0.108391
0.138021
0.078060
-0.169774
-0.312985
0.063968
-0.220731
-0.380011
-0.246715
0.370300
0.111015
-0.199492
-0.077726
-0.126423
-0.034205
0.136595
-0.143352
0.483019
0.332864
0.028966
0.197877
-0.087765
0.060234
0.434280
-0.102409
0.081664
-0.152680
-0.100519
-0.084502
0.165820
0.045432
-0.269861
-0.081767
-0.252539
0.004476
-0.184351
-0.007001
0.079784
-0.021676
0.311972
0.429604
0.086328
-0.025339
-0.618474
-0.317332
0.074007
-0.038027
-0.127548
0.362043
-0.124350
0.084419
-0.126550
-0.084880
0.248215
0.115064
0.133795
0.060466
-0.189725
0.189043
0.078128
-0.205757
-0.066218
-0.052761
-0.256137
-0.017921
0.110785
0.455965
-0.144915
0.017251
0.194675
0.145463
-0.227451
-0.016049
0.062970
-0.434438
-0.051479
-0.237772
0.000000
0.000000
0.030448
0.448410
-0.073941
-0.158729
0.442819
0.071560
-0.016191
-0.021330
-0.121473
0.000000
0.000000
0.146214
-0.159657
-0.298109
0.160359
-0.149332
0.010822
0.074870
0.153691
0.035628
0.113217
-0.234348
-0.213028
0.037631
-0.179119
0.158143
-0.194582
0.099901
0.080648
0.176735
0.031555
-0.075508
0.096076
-0.098434
-0.055069
0.128528
0.000000
-0.031383
0.248897
-0.224825
0.225212
0.339435
-0.074022
-0.052847
0.019747
0.072516
-0.011782
-0.166068
-0.282085
0.022978
-0.452554
-0.333545
-0.124022
0.099897
0.116259
-0.003064
0.131362
0.011839
-0.060462
0.146822
0.455899
0.271181
0.104771
-0.176819
0.000000
0.000000
-0.165155
0.039885
0.086284
0.054610
0.120906
0.054755
0.008963
0.022888
0.065557
-0.261303
-0.093946
0.021001
-0.217131
-0.059240
-0.227824
-0.334120
-0.186102
0.455986
-0.242867
0.070748
-0.016134
0.066337
-0.032499
0.343172
0.276147
-0.047572
-0.172391
-0.057335
0.101236
0.275506
-0.071905
-0.078303
0.208262
-0.078391
-0.046578
0.040430
0.124883
-0.246263
-0.014850
0.161319
-0.036480
0.182683
0.120197
-0.100146
-0.228951
0.044879
-0.041776
-0.092646
-0.184965
-0.170709
-0.205732
0.044301
0.011178
-0.091069
0.330673
0.000000
0.000000
0.342984
-0.238032
-0.009615
-0.015702
0.347399
0.099843
-0.239813
-0.467713
0.389084
-0.210778
0.160673
0.047143
0.168150
0.015761
-0.050308
0.027164
0.100562
-0.098327
-0.332668
-0.023902
0.367627
-0.161354
-0.180481
-0.012185
0.001519
0.154515
-0.115925
0.209540
-0.116305
0.134003
0.008230
-0.096239
-0.226508
-0.072797
-0.094992
0.296252
0.475967
0.146251
-0.122118
-0.119813
0.105068
-0.093853
-0.299247
0.032213
-0.234808
0.116120
0.209689
-0.097466
-0.105555
-0.207594
-0.186209
0.019674
0.198345
-0.021563
-0.136138
0.157757
0.314092
0.071996
0.007016
-0.222934
0.269752
0.126137
-0.437115
-0.102341
-0.004336
0.242965
0.009256
0.304084
0.036846
-0.181302
-0.143044
-0.021264
-0.021800
