-0.412282
0.178807
-0.050582
-0.136184
0.449003
-0.112765
-0.124767
0.256391
0.216296
-0.296606
0.176314
-0.024752
-0.176897
-0.340555
-0.322593
-0.003374
-0.047197
0.153749
0.225924
0.328740
0.494621
-0.332716
0.066359
0.018113
0.190946
0.331461
-0.381282
-0.015803
0.406222
0.634987
-0.063487
-0.139058
-0.355659
-0.074692
-0.059409
-0.194650
-0.000082
-0.248798
-0.017966
-0.369402
0.196881
0.428201
-0.020339
-0.312481
-0.146306
-0.086280
-0.251132
-0.385576
-0.241821
-0.185995
-0.416394
-0.222715
0.278942
0.361554
-0.330735
0.121840
0.296824
0.239382
0.401305
0.033201
0.080639
0.401237
0.021928
0.543266
0.366800
-0.293459
-0.137618
0.380032
0.155540
0.246914
-0.153332
-0.254274
0.002716
-0.030909
0.249529
0.176332
0.302357
-0.142441
-0.702330
-0.341359
-0.614676
-0.057880
-0.028846
0.118222
-0.133597
-0.517112
-0.568964
0.018242
0.428311
-0.214389
0.197676
-0.022419
0.256083
-0.054564
-0.089755
0.666590
0.585852
-0.005548
-0.191807
-0.285737
-0.036243
0.089493
-0.101907
-0.113633
-0.043713
-0.296250
-0.202144
0.182328
0.071861
-0.231489
0.379481
0.348768
0.154447
-0.297109
-0.199311
0.224726
0.642494
0.256679
0.223755
0.345795
0.242099
0.128776
-0.461180
-0.179704
0.056914
-0.284985
-0.174147
-0.360502
0.370938
-0.585848
-0.010080
0.024110
-0.120588
-0.111519
-0.183291
-0.073070
0.221252
0.442189
0.359195
-0.029141
-0.303463
-0.539161
-0.520604
-0.827528
-0.619667
-0.759552
-0.350528
0.356192
-0.112025
0.384619
0.582443
0.655097
0.974138
0.400152
0.451063
0.806128
0.113703
0.149918
0.486600
0.516566
0.364278
-0.189997
-0.468368
0.001324
0.195203
-0.202371
-0.335370
-0.326105
-0.551353
-0.220191
-0.348113
-0.063155
-0.017502
-0.437412
-0.766721
-0.282606
0.068077
-0.632235
0.189497
0.081063
-0.369227
-0.309789
0.076370
0.152500
0.180109
0.399594
0.407590
0.472102
0.243855
-0.195481
0.535688
0.470543
-0.262830
-0.088294
-0.179926
0.164530
0.226237
0.331527
0.242493
0.028873
0.025906
0.501773
-0.082421
-0.057933
-0.194005
0.173979
-0.171152
0.080102
-0.160146
-0.324224
-0.465380
-0.628817
-0.726997
-0.334702
-0.310090
-0.279767
-0.177090
0.407219
0.375489
-0.150524
0.308213
0.441881
-0.018289
0.008458
0.738701
0.579348
-0.323524
0.263374
0.770259
0.644528
-0.059946
-0.009823
0.077946
-0.366984
-0.626869
-0.099207
-0.772764
-0.371983
-0.067020
-0.079384
-0.359546
-0.307648
-0.092235
-0.233663
0.090809
0.209436
0.140306
-0.079600
-0.129613
0.531160
-0.033227
0.206148
-0.333449
-0.263393
0.490068
0.452511
0.329451
0.405741
0.350066
0.266785
0.195752
0.348470
0.042655
-0.074119
0.304860
-0.529926
-0.510423
-0.257536
-0.578844
-0.063901
-0.295731
-0.035779
-0.475586
-0.002059
0.093317
0.429355
-0.100692
0.140038
0.038593
0.126006
-0.063892
-0.444811
-0.090901
-0.401841
-0.404723
0.110493
-0.100814
0.351411
0.179277
-0.072635
0.280771
0.542687
0.202069
-0.141141
0.139138
-0.083374
0.472975
0.446761
0.038564
-0.153133
-0.301552
0.178088
0.147013
0.374813
-0.583299
-0.017979
0.217991
-0.425185
-0.075764
-0.112297
0.042629
-0.501461
-0.581236
-0.084836
0.029242
0.099111
0.061903
0.441792
0.191974
-0.029723
0.075021
0.100164
0.590578
0.126626
0.071935
-0.072278
-0.377484
-0.113610
-0.305811
0.402444
0.356289
-0.256678
-0.055811
-0.458082
-0.389836
-0.355035
-0.701880
-0.043438
0.257013
-0.000827
-0.018361
0.156720
0.072747
0.248635
0.010540
-0.159487
0.147110
0.672142
0.301032
0.541664
0.520046
-0.012786
0.571006
0.044998
-0.482624
-0.304740
-0.229402
-0.426565
0.216545
0.068886
0.124810
0.214236
-0.400539
-0.568946
0.077997
0.056109
-0.292511
-0.508090
-0.283756
0.338746
0.141710
-0.111395
-0.363399
0.107515
0.448669
-0.166185
0.200397
0.305269
0.575797
-0.127901
0.041709
0.373998
-0.141674
-0.293078
-0.513512
-0.106313
-0.042848
-0.290287
-0.465757
0.107409
0.106960
-0.049560
0.121998
0.188245
0.088540
0.346923
0.117175
0.266689
-0.125828
-0.352077
-0.023209
0.177621
0.595059
-0.110357
-0.097629
-0.334680
-0.016728
0.324022
-0.092041
0.114974
-0.121365
0.106503
0.088423
0.134099
-0.100383
0.132582
-0.206408
-0.150984
-0.554776
-0.060678
0.442002
-0.034792
-0.097075
-0.136112
-0.177870
-0.025043
-0.305325
0.210069
0.050823
0.090974
0.122236
-0.120217
0.288990
-0.227140
-0.083180
0.067478
0.363148
0.205515
-0.119496
0.014497
0.086971
0.507228
0.029149
-0.177321
-0.189056
-0.169428
0.063065
-0.417030
-0.346574
-0.270429
0.026929
0.244820
-0.137738
0.258280
0.114378
-0.222641
0.201956
0.233680
0.283611
0.227514
-0.058900
0.096365
-0.501421
0.289259
0.013561
-0.010965
-0.079230
0.162059
-0.062112
-0.501417
0.108730
-0.032445
-0.171785
0.349528
0.118113
0.151693
-0.012307
-0.401959
0.142563
-0.203557
0.254540
0.314918
-0.034137
-0.371143
-0.627686
-0.681033
-0.218173
0.139887
-0.169624
0.263820
1.011379
0.232841
0.337232
0.317872
-0.070771
-0.278642
0.012757
0.248748
0.197078
-0.249490
-0.670091
-0.349826
0.173563
0.080643
-0.058562
0.255882
0.232014
0.219418
-0.042885
-0.088996
0.077526
-0.204627
0.421382
0.100309
-0.037372
0.060837
0.113446
-0.216864
-0.312128
-0.430184
-1.148464
0.366141
0.275377
0.347363
0.158787
0.043167
0.102226
-0.189723
-0.054948
0.084087
-0.120109
-0.208883
-0.097559
-0.199147
-0.059571
0.221967
0.099675
0.080452
0.267150
0.213778
0.187510
-0.316713
0.176663
0.308326
0.194984
0.207827
0.317060
0.367368
-0.168098
-0.198609
-0.126402
-0.636522
-0.526374
0.021287
-0.126431
-0.059610
-0.280405
0.063536
-0.013819
0.246613
0.149817
0.379382
-0.136608
-0.240103
-0.020096
0.136382
-0.197139
-0.495730
0.083259
-0.341621
0.368108
0.048299
0.082573
-0.216697
0.395809
0.213647
0.547691
0.075877
0.244515
0.042730
0.549165
-0.006035
-0.313839
-0.174951
0.012926
-0.211692
-0.054373
-0.171724
-0.388844
-0.326326
-0.176169
0.000000
0.000000
0.174892
-0.289755
-0.166888
0.032848
-0.090255
-0.151918
0.023494
0.136748
-0.201337
-0.115970
0.209241
0.192679
0.103814
0.114703
0.621136
0.543695
0.544843
0.229960
0.152230
-0.128076
-0.205411
-0.328321
-0.312121
0.136003
0.129039
-0.184544
0.133337
-0.130484
-0.415600
-0.043951
-0.005208
-0.455693
-0.434492
-0.370954
-0.348493
0.315215
0.106921
-0.174946
-0.096205
0.195386
0.213422
0.011354
0.032169
0.539671
0.405895
-0.312134
-0.085182
0.243797
0.152374
0.369416
0.133594
-0.089995
0.288432
-0.192552
-0.425884
0.154225
-0.156948
-0.027877
0.005459
-0.191193
0.158861
-0.216057
-0.290202
0.507836
-0.003816
-0.218109
0.032538
0.275597
0.270865
-0.073761
-0.040148
-0.051091
-0.342125
-0.243675
-0.226895
-0.084906
0.268578
-0.171810
-0.184801
-0.436464
0.224047
0.261362
0.556794
0.144049
-0.017084
0.055727
-0.517375
0.125137
0.307715
0.291591
-0.045665
-0.147499
-0.393976
0.217707
-0.004189
-0.038601
0.019359
0.110662
-0.127926
0.083742
-0.162312
-0.350200
-0.093177
0.068603
0.027132
0.603741
0.036001
0.084468
0.081093
0.385592
0.074263
-0.327079
-0.088547
-0.442840
0.021221
-0.054625
-0.081854
-0.027144
-0.120815
-0.112458
0.062246
0.242729
-0.241241
0.314451
0.305526
-0.062766
0.064205
0.082211
0.173659
-0.357018
-0.221542
0.152123
-0.097354
-0.565606
-0.125695
0.158150
-0.149327
0.190933
0.005055
0.301585
0.266423
0.019319
-0.360455
0.081934
0.247806
0.009592
0.389081
0.327621
-0.657966
-0.182033
0.082337
-0.384582
0.357996
0.307806
-0.104334
-0.299093
-0.065318
-0.044389
-0.026326
0.224340
-0.204559
0.328020
0.250991
0.069388
0.018927
-0.486995
-0.391694
0.014600
-0.223630
0.291135
0.200123
0.369672
-0.253046
-0.035008
0.172977
0.057381
-0.290958
0.082485
0.643205
0.234029
0.086151
0.106709
-0.410451
0.142928
-0.200628
-0.206139
-0.449542
-0.211698
-0.090714
-0.427226
-0.257492
-0.261759
-0.203967
0.467999
0.292970
-0.451765
0.743723
0.244982
0.000000
0.000000
0.187276
-0.015848
-0.303536
0.063054
0.142512
0.012973
0.439928
0.046477
0.004451
0.201077
-0.092223
-0.666406
-0.119484
0.531407
0.336052
0.276564
0.155700
-0.005418
-0.049929
-0.305480
-0.204918
0.000000
0.000000
-0.170847
0.386592
-0.227593
-0.672997
-0.214389
-0.351678
0.229193
-0.175668
0.089720
0.221509
0.265347
0.159927
0.240856
-0.723226
-0.321151
0.227149
0.143102
-0.122774
0.285520
0.296478
0.178735
0.467657
-0.191979
0.095048
-0.172988
-0.548104
0.068951
0.091127
-0.123783
-0.164121
0.262367
-0.141252
-0.262224
0.118722
0.108106
0.305208
0.150248
-0.044118
-0.248054
0.183088
-0.008090
0.027684
0.203179
0.244024
0.242127
-0.250858
-0.197183
0.119332
-0.143968
0.074537
-0.120092
-0.073876
-0.131169
0.170339
0.058030
-0.369297
-0.034162
-0.073002
0.199548
-0.416442
-0.116005
-0.266229
-0.147963
0.197297
-0.067683
-0.061033
0.334935
0.025591
0.239231
0.044741
0.487145
-0.360193
-0.139974
0.135081
0.063866
-0.512529
0.104865
-0.189551
0.445218
-0.061900
0.448271
0.185502
-0.131075
-0.030108
0.568976
0.240107
0.173478
-0.170525
-0.196106
0.157229
-0.093112
-0.157216
-0.672590
-0.458749
0.158493
-0.169111
-0.268736
-0.555718
0.132565
0.226684
-0.160629
0.275992
0.388958
0.371396
0.585130
0.362989
-0.533543
-0.336015
-0.059803
0.255192
-0.137429
-0.262324
0.446180
-0.006367
-0.245661
-0.472719
-0.242646
-0.285279
-0.232142
0.173163
-0.095606
-0.004643
0.367171
0.293676
0.559094
0.000000
0.000000
-0.088577
0.179042
0.100171
0.271201
-0.276852
-0.021643
-0.031496
-0.075746
-0.050507
0.000000
0.000000
0.124968
0.252402
0.116928
0.331740
0.308935
0.353261
-0.418280
-0.212202
-0.666711
-0.304914
-0.067540
-0.277448
-0.312774
-0.504270
-0.450594
0.082725
0.275905
0.227444
-0.109517
-0.050803
-0.054234
-0.132970
-0.059889
0.744814
-0.019959
0.000000
0.670318
0.138104
0.062612
0.340418
0.230653
0.154181
0.360853
-0.263693
-0.195204
0.192626
0.327744
-0.031711
-0.080719
-0.756599
-0.226283
-0.383769
-0.612783
-0.058774
0.009962
-0.294609
0.403722
-0.279856
0.532630
0.043741
0.237851
0.164284
-0.116006
0.000000
0.000000
0.337899
0.191122
0.507717
0.331624
-0.259040
0.116656
-0.312539
-0.454361
-0.161677
-0.587695
-0.536243
0.028481
0.051873
-0.226366
-0.098850
-0.607865
0.144136
0.404725
0.358331
0.196331
0.410512
0.434530
-0.145671
0.211596
-0.357195
-0.329194
0.067903
0.428387
0.509936
0.406491
-0.344749
0.186272
0.190160
0.451850
-0.205522
-0.126441
-0.156330
-0.285889
-0.369114
-0.086709
0.026709
-0.002721
0.489792
-0.115568
-0.181406
-0.318134
-0.341530
-0.179933
-0.498787
-0.252031
-0.230541
-0.032092
0.097616
0.262826
0.435897
0.000000
0.000000
-0.345710
0.122022
0.086409
0.317762
0.108868
0.094104
0.275124
-0.078152
0.029904
0.183021
0.406634
0.282883
-0.058705
-0.301661
0.170218
-0.283709
-0.035029
-0.325704
-0.207908
0.211383
0.727164
0.206763
-0.167249
0.331203
-0.065058
-0.488071
-0.155073
0.203859
-0.469706
-0.792456
-0.277332
-0.005054
0.171741
-0.203076
0.400082
0.264379
0.333328
0.182640
-0.268002
-0.490688
-0.118498
0.109976
-0.221064
-0.212933
0.017952
0.688966
0.325239
0.149961
0.108853
-0.326696
0.021722
0.004517
-0.064247
0.215877
0.172257
-0.066920
-0.385574
0.163899
-0.279521
0.072880
-0.172879
-0.056846
-0.066501
0.550165
0.278756
-0.012556
0.076842
0.081117
-0.251759
-0.223286
0.057306
-0.146755
0.003256
