0.000000
0.000000
0.000000
0.287065
0.100947
0.116147
0.000000
0.000000
0.000000
-0.355802
-0.331361
-0.189752
-0.147931
-0.058233
0.007206
-0.089890
-0.124994
0.141987
0.044819
0.070365
0.003866
-0.191430
0.118662
0.411639
0.332426
0.322268
0.205271
0.153131
-0.040193
0.014467
0.034773
0.076451
0.055453
-0.025053
-0.071543
-0.237269
0.014911
-0.009857
-0.245819
-0.542037
-0.478455
-0.239525
-0.172114
-0.193995
0.185120
0.090243
-0.157017
0.152814
0.000000
0.000000
0.471588
0.177113
0.031533
0.213880
0.458849
-0.091352
0.047636
-0.067609
0.137011
0.301312
0.198955
0.067486
0.188155
-0.153418
-0.151196
-0.642839
-0.209616
-0.136202
0.218936
-0.144221
-0.290397
0.092750
-0.115306
0.217858
0.089183
0.404297
-0.000971
-0.067142
-0.230999
-0.189402
-0.150887
0.083389
0.000000
0.000000
-0.271292
-0.235628
-0.228561
0.078719
-0.114901
0.157386
0.210972
0.388440
0.228056
-0.081582
0.085950
0.130940
0.125063
0.139949
0.273314
0.191915
-0.018671
-0.140091
-0.306895
0.001390
0.149845
0.041294
-0.039993
-0.438190
-0.020631
-0.165754
-0.063876
0.203361
0.144695
-0.192823
-0.184307
-0.077862
-0.190799
-0.065536
-0.066513
0.067038
0.617188
0.049151
0.010049
-0.345549
-0.382677
-0.322497
-0.069076
0.058548
-0.056908
0.144264
0.222952
0.477224
0.683876
0.000000
0.000000
0.000000
0.413872
-0.490225
-0.051623
0.081337
0.103054
0.020713
-0.338063
-0.504250
0.014563
0.095556
-0.003526
-0.167392
-0.208718
-0.279362
0.111625
0.021320
0.393687
0.553471
0.000000
0.000000
0.000000
0.000000
0.099355
0.017456
0.165735
-0.269179
-0.526073
0.000000
0.000000
0.000000
-0.235653
-0.499413
-0.291969
-0.221586
0.201260
0.117478
0.141411
0.429007
0.460343
0.211152
0.393992
0.098700
-0.050532
0.186883
0.488883
0.247675
-0.560952
-0.295673
0.011471
-0.159558
-0.321634
-0.086248
-0.139924
-0.033044
-0.058277
-0.061535
-0.142921
-0.351124
-0.246223
-0.170110
0.016997
0.386927
0.000000
0.000000
0.304844
0.552309
0.094907
0.051800
0.174861
0.333038
0.294428
-0.000031
-0.554652
-0.827280
-0.059486
0.171576
0.112413
-0.238152
-0.119769
-0.086011
-0.012225
0.215499
0.035714
0.263837
0.302166
-0.088004
-0.539617
-0.256188
-0.011290
0.202175
0.133182
0.236570
0.133221
0.000000
0.000000
0.389704
0.242996
0.058673
-0.156438
-0.111066
-0.072372
-0.085467
0.083543
-0.021015
0.081550
0.154169
-0.591201
-0.640249
-0.269017
-0.130687
0.063101
0.126619
0.058677
-0.259768
-0.103095
0.000000
0.000000
0.000000
0.000000
0.000000
0.572209
0.698735
0.292139
0.514421
0.071889
0.043188
-0.035622
0.052539
0.036575
0.081802
0.003624
-0.112754
-0.294059
-0.381690
-0.425917
-0.263896
-0.189983
0.000000
-0.164489
-0.160688
0.041057
0.011348
-0.028802
0.085127
-0.035369
-0.097195
-0.322290
0.134936
0.368883
0.000000
0.000000
0.000000
0.196818
0.582335
0.090807
0.271984
0.000000
0.000000
-0.022748
-0.242030
-0.109030
-0.004911
-0.030626
0.082030
-0.082450
0.202224
0.056282
0.187285
0.000000
0.000000
0.000000
-0.705628
-0.209310
0.044097
0.274647
-0.062835
0.083756
-0.129811
-0.421805
-0.058394
-0.219271
-0.021605
0.252399
0.301726
0.091922
-0.260152
0.130227
0.233427
0.000000
0.000000
-0.459991
-0.201431
0.074277
0.402032
0.232705
0.281762
0.299326
-0.031958
-0.057757
-0.024677
0.019354
0.000000
0.000000
-0.268445
0.347261
0.334232
0.052239
-0.408124
-0.251868
-0.494321
-0.612461
0.043560
0.209883
0.027419
0.000000
0.000000
0.018611
0.108324
0.120792
0.089378
0.047237
-0.158087
0.043580
-0.088560
0.104456
0.045187
0.461139
0.425688
0.248079
-0.338549
-0.415263
-0.191765
0.000000
0.000000
0.000000
0.000000
0.348253
0.088084
-0.167856
0.000000
0.000000
-0.196003
-0.190681
-0.006511
0.196444
0.084446
-0.239752
-0.315158
0.044507
0.023353
0.018682
-0.112068
-0.178343
-0.086128
0.184153
0.083256
0.006597
0.015972
-0.001395
0.051258
0.094584
-0.064846
0.032132
0.301117
0.283537
0.033913
0.267147
0.184821
0.137244
0.021898
-0.009290
0.065531
0.041837
0.273919
0.099109
-0.067143
-0.314418
-0.447621
-0.301049
-0.371984
-0.353224
-0.320372
-0.276559
-0.116837
0.075945
0.038174
-0.259320
-0.156315
0.268511
0.328065
0.142295
0.067874
0.225023
0.350766
0.000000
0.000000
0.000000
-0.238672
-0.051016
0.019410
0.257935
0.419586
0.615279
0.155110
-0.108478
-0.054171
-0.143889
-0.216657
0.101399
-0.132213
-0.152902
0.015731
-0.018309
-0.116683
-0.360475
-0.263510
-0.094164
-0.120798
0.212315
0.124322
0.099658
0.172616
0.089763
-0.025979
0.000000
0.000000
0.000000
-0.219251
-0.117838
-0.277569
-0.028334
0.069451
0.033642
0.022209
0.304160
0.407084
0.306092
0.473839
0.154874
-0.171917
-0.389388
-0.481912
-0.506291
-0.517667
-0.068697
-0.058082
-0.114891
-0.090724
0.050501
-0.030302
-0.105801
-0.023995
0.197235
0.456203
0.364720
0.410097
0.439488
0.436959
0.161853
0.000000
0.000000
-0.341065
0.086722
0.039052
-0.258522
0.103669
0.270108
0.000000
0.000000
0.000000
0.000000
-0.567215
-0.850726
-0.538901
0.000000
0.000000
-0.139205
-0.102679
0.000000
0.000000
0.000000
0.288762
0.000000
0.000000
0.426273
0.394570
0.251491
0.213489
0.000000
0.000000
0.000000
0.000000
0.000000
-0.453419
-0.350515
-0.377260
-0.081363
0.000000
0.000000
-0.171659
0.037240
0.525195
0.362559
0.506558
0.000000
0.000000
0.000000
0.000000
0.070681
-0.115453
0.092902
0.133033
0.000000
0.000000
0.000000
0.000000
0.000000
0.000000
0.000000
0.000000
0.000000
0.576411
0.209871
-0.020011
-0.330057
-0.495470
-0.379880
-0.451168
-0.868999
-0.856217
-0.662364
0.018376
0.711311
0.243342
-0.371394
-0.260644
0.033924
0.101023
0.130436
0.427346
0.475042
0.568538
0.749675
0.807008
0.747818
0.580393
0.500789
0.000000
0.000000
-0.626933
-0.088931
-0.222645
-0.199696
-0.523443
-0.869150
-0.836797
0.000000
0.000000
0.000000
0.000000
0.574134
0.392024
-0.177870
-0.552237
-0.378095
-0.408303
-0.230550
0.000000
0.000000
0.000000
0.038383
0.375453
0.367853
0.500319
0.182914
-0.166941
-0.079256
0.099628
0.274477
0.176596
0.000000
0.000000
0.000000
0.000000
0.000000
0.000000
0.000000
0.000000
-0.074883
-0.711007
-0.081128
-0.052742
-0.167292
-0.125659
0.016689
0.252886
0.318169
0.017528
0.388507
0.098528
0.000000
0.000000
0.000000
0.000000
0.205266
-0.144575
-0.340124
0.000000
0.000000
0.454125
0.324553
0.107529
-0.171540
0.047972
-0.334772
-0.319722
-0.226165
-0.112963
-0.179405
-0.199935
0.080339
0.000000
0.000000
-0.303564
0.004958
0.005534
-0.033905
0.000000
0.000000
0.000000
0.451846
0.083305
0.157407
-0.001763
0.056819
0.313323
-0.026121
0.000000
0.000000
0.000000
0.082117
0.000000
0.000000
0.217788
-0.028457
-0.207965
0.000000
0.000000
0.000000
0.000000
0.000000
0.000000
0.047915
-0.212137
0.000000
0.000000
0.000000
0.000000
0.000000
0.000000
0.000000
-0.029528
-0.392763
0.000000
0.000000
0.000000
0.002110
0.124991
-0.040589
-0.204384
0.065126
0.000000
0.000000
0.187487
-0.011444
0.000000
0.000000
0.000000
0.000000
-0.152258
0.000000
0.000000
0.000000
0.000000
0.418340
0.098273
0.000000
0.000000
0.269924
0.258463
-0.151382
-0.363908
0.000000
0.000000
0.000000
0.000000
-0.359383
0.347347
0.000000
0.000000
0.000000
0.000000
0.011355
-0.180919
-0.401512
-0.257126
0.490760
0.145873
0.028906
-0.127981
-0.128007
0.086823
0.135226
0.000000
0.000000
0.000000
0.000000
0.111880
0.216550
-0.070588
0.094081
0.299048
-0.126819
0.000000
0.000000
0.000000
0.000000
0.000000
-0.180350
-0.657554
0.000000
0.000000
-0.225077
-0.162478
-0.317506
-0.230457
-0.370049
0.216481
0.580887
0.129998
0.133607
0.112751
0.216564
0.765499
0.452170
0.057406
-0.261372
-0.471366
-0.515213
0.000000
0.000000
0.000000
0.149817
0.448911
0.361298
0.000000
0.000000
0.000000
0.328776
-0.425891
-0.511601
-0.186906
-0.080639
0.421948
0.399439
0.027812
-0.220741
-0.922806
-0.631318
-0.237176
0.055808
0.048956
0.024512
0.235188
0.201923
0.416488
0.637866
-0.023909
-0.078895
-0.201233
-0.100706
-0.025684
0.034920
0.035250
0.000000
0.000000
0.000000
0.332018
0.180687
0.175960
0.067568
-0.242288
0.067596
0.328911
0.070048
0.041689
-0.252054
-0.716933
-0.428266
-0.156659
0.000000
0.000000
-0.272112
-0.106758
0.000000
0.000000
0.000000
0.707879
0.492076
0.018511
-0.048009
-0.127625
-0.300312
0.150323
0.000000
0.000000
0.273128
-0.153186
-0.262909
-0.078676
0.168897
0.408564
0.484256
0.060778
-0.027625
0.012767
-0.098077
-0.350432
-0.298038
-0.172132
-0.082023
0.000000
0.000000
-0.017825
-0.118036
-0.158687
0.123296
-0.479225
0.000000
0.000000
0.165459
0.229652
0.180161
0.000000
0.000000
0.000000
0.486023
-0.130905
-0.195720
0.000000
0.000000
0.211193
0.224321
0.374221
0.192939
-0.174117
-0.238368
-0.090771
0.093478
-0.040111
-0.038956
0.010452
0.000000
0.000000
0.000000
0.000000
0.000000
0.215858
-0.684100
-0.654932
-0.334549
-0.109280
-0.160909
-0.309857
-0.406197
0.026801
0.620042
0.357616
0.622989
0.152729
0.000000
0.000000
0.000000
0.000000
0.259991
0.394685
0.309446
0.316161
0.446486
0.398698
-0.171119
0.000000
0.000000
0.000000
0.000000
-0.435701
-0.364776
-0.628571
-0.760834
-0.495513
-0.117730
-0.082348
0.000000
0.000000
0.000000
0.000000
0.000000
0.307142
0.098519
-0.297145
-0.172363
0.000000
0.000000
0.000000
0.000000
0.844254
0.601537
0.145384
0.348770
0.562590
0.373354
0.000000
0.000000
-0.189834
-0.508394
-0.367018
-0.185963
0.016604
-0.138142
-0.156047
-0.145613
-0.193790
0.000000
0.000000
-0.268326
-0.110707
-0.154477
0.203644
0.032810
0.206560
0.271985
0.211786
0.000000
0.000000
0.000000
0.000000
-0.106923
-0.180854
0.000000
0.000000
0.000000
0.000000
0.000000
0.000000
-0.022492
0.020075
-0.206500
-0.111842
0.000000
0.000000
0.000000
0.000000
0.000000
0.045260
0.327790
-0.077665
-0.180069
0.252154
0.046552
0.000000
0.000000
0.000000
0.482722
0.500716
0.000000
0.000000
0.000000
0.000000
-0.119764
-0.051008
-0.100499
-0.166211
0.000000
0.000000
-0.662253
-0.168094
-0.216010
-0.423166
-0.448211
-0.104366
-0.028903
0.044236
0.298429
0.522920
0.338744
0.518115
0.000000
0.000000
0.000000
0.000000
0.377010
0.000000
0.000000
-0.312966
-0.382008
0.000000
0.000000
0.000000
0.000000
0.000000
0.408214
0.070971
-0.073512
-0.058895
-0.019579
0.074365
-0.024860
-0.265256
-0.022445
-0.063617
0.000000
0.000000
-0.319121
0.101724
0.000000
0.000000
0.000000
-0.108009
0.413756
0.000000
0.000000
0.000000
0.000000
0.497844
0.356518
-0.056937
-0.358497
0.000000
0.000000
0.000000
0.000000
0.009928
-0.303305
0.000000
0.000000
-0.589695
-0.209120
-0.164688
-0.337016
0.030664
0.000000
0.000000
0.000000
0.000000
0.050339
0.272276
0.125403
0.250853
0.750054
0.000000
0.000000
0.598254
0.569442
0.000000
0.000000
-0.404775
0.000000
0.000000
0.000000
0.000000
-0.335021
-0.461588
-0.613183
0.000000
0.000000
0.000000
0.000000
0.000000
0.000000
0.000000
0.000000
0.000000
0.000000
-0.207894
-0.308685
-0.187831
0.000000
0.000000
0.371877
0.199661
0.000000
0.000000
0.000000
0.000000
0.358918
0.300212
0.397017
0.000000
0.000000
0.000000
0.000000
0.306903
-0.040212
-0.873142
