0.000000
0.000000
0.000000
0.037439
0.249515
0.254498
0.000000
0.000000
0.000000
0.011805
-0.326358
-0.224827
-0.319252
0.088295
-0.523151
-0.056284
-0.002479
-0.177355
0.468028
0.027705
-0.050960
0.077907
-0.141047
0.210291
-0.100286
0.376772
0.557122
-0.002013
-0.160139
0.174082
0.024543
-0.261482
0.465018
0.076962
0.298399
-0.099789
0.052585
-0.342979
-0.257382
-0.424520
0.117193
-0.369826
-0.157486
0.216058
0.448184
-0.152767
0.077636
0.150664
0.000000
0.000000
-0.960497
-0.460584
-0.427383
0.318692
0.332485
-0.209505
0.480947
0.293798
-0.087543
0.176008
0.099931
0.429965
0.153885
-0.242501
0.151312
-0.031041
0.296608
0.012502
-0.052102
0.073692
-0.522020
-0.192512
-0.050497
-0.201100
0.035607
0.062648
0.004234
0.150497
0.238746
0.094480
0.842502
0.001874
0.000000
0.000000
-0.381772
-0.220581
-0.330371
-0.163626
-0.285203
-0.235999
-0.462751
-0.304437
0.159895
0.301139
0.159846
-0.221484
0.040532
0.034253
0.074072
0.136055
0.109356
0.445396
0.384903
-0.124347
0.275288
0.398458
0.496980
-0.234676
-0.799564
-0.031446
-0.152105
-0.270195
0.006106
-0.370196
0.085979
0.075374
-0.146965
0.244098
-0.144822
0.220747
0.220507
-0.060777
-0.111434
-0.027649
0.426624
-0.075133
-0.015453
0.082054
-0.165367
0.068472
-0.160177
0.636367
-0.132808
0.000000
0.000000
0.000000
-0.229188
0.090392
-0.354411
-0.299757
-0.281965
-0.393375
0.028778
0.304173
0.022931
-0.418603
-0.028422
0.169650
-0.079302
0.285218
-0.060555
0.218828
0.225865
0.526791
0.000000
0.000000
0.000000
0.000000
0.197725
-0.339977
0.059387
0.279118
0.027351
0.000000
0.000000
0.000000
0.130206
-0.076019
-0.446027
0.121604
-0.070768
-0.067335
-0.215056
0.043656
0.119171
0.011911
0.237875
0.185955
-0.437925
-0.263699
-0.033910
0.375498
-0.021206
-0.333354
-0.099656
-0.171331
0.199295
0.134551
-0.383584
-0.235402
0.296722
-0.192359
-0.072179
-0.157970
0.125316
0.132220
0.062453
0.185315
0.000000
0.000000
0.091812
0.528370
-0.099452
0.282146
0.404084
-0.014206
-0.161581
0.229879
0.371530
0.120189
0.137868
0.028003
-0.189387
-0.401466
-0.656970
0.002679
-0.529427
-0.416269
-0.032082
-0.040283
-0.293408
-0.076939
0.098759
0.112332
0.626180
-0.046827
0.429042
0.110610
-0.184259
0.000000
0.000000
-0.108611
-0.264163
-0.509898
0.040811
0.494728
0.382511
-0.189390
-0.158874
0.080119
0.031777
0.065567
0.180930
0.015713
0.106822
-0.097887
-0.083805
0.002725
-0.304856
0.487718
0.211508
0.000000
0.000000
0.000000
0.000000
0.000000
0.460147
-0.058249
-0.191037
-0.100317
0.169955
0.117599
-0.296233
-0.145539
-0.298924
-0.245557
-0.282970
-0.553334
-0.150568
-0.245744
0.613005
0.138975
0.021186
0.000000
-0.156078
-0.292450
0.179747
0.251816
0.746622
0.060481
0.202835
0.054422
-0.174803
-0.046204
0.049399
0.000000
0.000000
0.000000
0.097699
-0.059858
0.058108
0.588652
0.000000
0.000000
-0.182226
-0.241312
-0.433367
-0.094750
-0.414238
0.340597
-0.353679
-0.272136
0.062969
0.002172
0.000000
0.000000
0.000000
-0.013056
0.673467
0.542451
0.376286
-0.069882
0.077850
-0.244601
-0.309068
-0.313872
0.028194
-0.351870
-0.278599
-0.061344
0.065936
-0.451547
-0.003326
0.373834
0.000000
0.000000
0.538032
0.249738
0.425836
0.155040
0.380622
-0.106728
-0.192966
-0.446619
-0.521025
-0.353083
0.115901
0.000000
0.000000
-0.043446
0.056501
0.327558
0.052895
0.179993
0.388929
0.192037
-0.449856
-0.097839
-0.121006
-0.619650
0.000000
0.000000
0.252376
0.304555
0.143225
-0.208837
-0.084896
-0.118404
0.051376
-0.482333
0.110033
0.254470
0.298581
0.293847
-0.141501
0.270915
0.188191
-0.639524
0.000000
0.000000
0.000000
0.000000
-0.107735
0.125177
0.185693
0.000000
0.000000
-0.379525
-0.314951
0.380216
0.464367
-0.175366
-0.159539
-0.249763
0.029961
0.064477
0.042083
0.102207
0.072187
0.220925
-0.334773
-0.344877
-0.082737
0.350766
0.226766
0.156299
-0.376112
-0.239938
-0.125818
-0.087546
0.652790
0.043573
0.019663
0.114049
-0.138352
0.207095
0.444205
-0.003213
0.020963
-0.543850
-0.270294
-0.159264
0.246169
0.038109
-0.169420
-0.174693
-0.079952
0.113571
0.182195
0.372058
-0.246012
-0.187843
-0.426949
-0.010720
0.569974
0.119394
-0.158034
-0.128609
-0.307894
-0.020567
0.000000
0.000000
0.000000
0.108424
0.082484
-0.021047
0.087245
0.241540
0.107678
0.443473
0.050884
0.155013
-0.286308
0.221930
0.058698
-0.401154
0.098544
-0.730088
-0.551160
0.129443
0.271407
-0.037581
0.010381
0.367748
0.193234
-0.164905
0.491415
-0.541187
-0.612418
0.189303
0.000000
0.000000
0.000000
0.088449
0.488813
0.114427
0.108715
-0.147256
0.128896
0.040563
0.554650
-0.298610
-0.045441
0.301172
-0.123856
-0.130508
-0.230006
0.123216
-0.327893
-0.223171
-0.187859
0.348484
-0.230160
-0.266359
-0.201838
0.097278
-0.267966
-0.206067
-0.315111
0.048597
-0.154711
0.259452
0.096418
0.161024
0.752244
0.000000
0.000000
0.068664
-0.013792
0.373498
0.282937
0.360328
0.581914
0.000000
0.000000
0.000000
0.000000
-0.113338
-0.591530
-0.367486
0.000000
0.000000
-0.461238
-0.152680
0.000000
0.000000
0.000000
-1.284933
0.000000
0.000000
0.581434
-0.237111
0.240846
0.601201
0.000000
0.000000
0.000000
0.000000
0.000000
-0.046933
0.761664
0.102605
-0.241762
0.000000
0.000000
-0.470648
-0.609564
0.300671
0.247738
0.255988
0.000000
0.000000
0.000000
0.000000
-0.067187
0.530687
0.002711
-0.175955
0.000000
0.000000
0.000000
0.000000
0.000000
0.000000
0.000000
0.000000
0.000000
-0.056700
0.148415
-0.284527
0.388167
-0.106976
-0.257494
0.032869
-0.064290
-0.238938
-0.641483
-0.000684
0.048745
0.188264
0.460089
0.160608
-0.465306
-0.847775
-0.297723
0.067383
0.315058
0.345123
0.171557
0.190035
0.043244
0.435629
0.453244
0.000000
0.000000
0.247694
0.129039
0.103281
-0.071505
-0.029581
-0.273243
-0.421948
0.000000
0.000000
0.000000
0.000000
-0.203501
0.226088
-0.164328
-0.075879
-0.107484
0.189587
0.212449
0.000000
0.000000
0.000000
-0.724117
-0.618452
0.532202
-0.121655
0.171962
0.212305
0.234870
0.206136
-0.166034
-0.037237
0.000000
0.000000
0.000000
0.000000
0.000000
0.000000
0.000000
0.000000
0.053333
-0.241077
-0.183908
0.042717
-0.213664
0.176454
0.123660
0.173422
0.103228
-0.047822
0.017073
-0.147163
0.000000
0.000000
0.000000
0.000000
0.840195
0.577681
-0.490155
0.000000
0.000000
0.217775
0.037805
-0.387383
0.013989
-0.200878
-0.519037
-0.035364
-0.277142
0.123943
0.251632
-0.201788
-0.476219
0.000000
0.000000
-0.380983
0.390217
-0.082823
0.549458
0.000000
0.000000
0.000000
0.164732
-0.098053
0.372912
-0.322841
-0.033975
0.184612
0.011030
0.000000
0.000000
0.000000
0.404734
0.000000
0.000000
-0.149646
-0.089516
-0.208684
0.000000
0.000000
0.000000
0.000000
0.000000
0.000000
-0.133981
0.115344
0.000000
0.000000
0.000000
0.000000
0.000000
0.000000
0.000000
-0.097364
0.394229
0.000000
0.000000
0.000000
-0.139671
0.106590
-0.018343
-0.251199
0.284456
0.000000
0.000000
-0.131084
-0.585065
0.000000
0.000000
0.000000
0.000000
-0.256496
0.000000
0.000000
0.000000
0.000000
0.294228
-0.160164
0.000000
0.000000
0.690448
0.258614
0.455633
0.274516
0.000000
0.000000
0.000000
0.000000
-0.953042
-0.175277
0.000000
0.000000
0.000000
0.000000
-0.257177
0.324047
-0.088654
-0.414932
-0.574450
0.342677
0.634893
0.355963
-0.240563
-0.063805
-0.006543
0.000000
0.000000
0.000000
0.000000
-0.357367
0.218745
0.471077
-0.142219
0.129458
-0.172996
0.000000
0.000000
0.000000
0.000000
0.000000
0.316238
0.186194
0.000000
0.000000
-0.577796
-0.574699
-0.468995
-0.062063
0.434173
0.050984
0.536012
0.078338
-0.399516
0.116081
-0.095496
-0.061288
0.273485
0.140478
-0.336590
0.072370
0.216066
0.000000
0.000000
0.000000
0.080078
-0.160997
0.558116
0.000000
0.000000
0.000000
-0.052220
-0.099442
-0.328245
-0.149723
-0.242961
0.030467
-0.301781
-0.174874
0.544038
0.306439
0.115544
0.480408
-0.361027
0.027591
0.514398
0.125149
-0.268986
-0.605842
0.265657
0.154053
-0.170281
-0.304101
0.379452
-0.054576
-0.423736
-0.412717
0.000000
0.000000
0.000000
0.075991
-0.330878
-0.105105
0.263804
0.074366
0.659191
0.170686
-0.409994
-0.028238
0.078742
0.325512
-0.123364
0.607325
0.000000
0.000000
-0.536878
-0.215439
0.000000
0.000000
0.000000
-0.198419
0.243156
-0.109316
0.181770
0.244802
0.390750
-1.102716
0.000000
0.000000
0.309411
0.246710
0.241060
-0.283546
0.018182
-0.342200
-0.217356
0.178193
0.120922
0.001303
0.088791
0.013466
0.180976
0.077444
0.055764
0.000000
0.000000
0.092620
-0.156404
-0.196760
-0.058222
0.006812
0.000000
0.000000
-0.365808
0.076547
-0.037549
0.000000
0.000000
0.000000
-0.139514
-0.251835
0.450449
0.000000
0.000000
-0.219417
0.397126
-0.379171
0.335783
1.192371
0.245789
-0.147953
0.194476
-0.713615
-0.541098
-0.117242
0.000000
0.000000
0.000000
0.000000
0.000000
-0.309718
0.014012
0.228656
-0.234684
-0.147474
0.479689
-0.014208
-0.206460
0.069725
0.078834
-0.380393
-0.122488
0.528169
0.000000
0.000000
0.000000
0.000000
-0.047342
0.236500
0.398727
-0.431150
0.014503
0.203478
0.165969
0.000000
0.000000
0.000000
0.000000
-0.287243
-0.106331
-0.117457
-0.113915
-0.284846
-0.099002
0.044580
0.000000
0.000000
0.000000
0.000000
0.000000
-0.068440
0.365803
0.146591
0.108161
0.000000
0.000000
0.000000
0.000000
0.110684
-0.311271
0.074214
0.259428
0.367751
-0.381467
0.000000
0.000000
-0.207562
-0.044167
0.141661
0.322788
0.032871
0.027495
0.062357
-0.092730
-0.378820
0.000000
0.000000
-0.290906
-0.034820
-0.054453
-0.051410
0.156840
-0.195463
0.109034
-0.065833
0.000000
0.000000
0.000000
0.000000
0.177737
0.413486
0.000000
0.000000
0.000000
0.000000
0.000000
0.000000
-0.185054
0.217541
-0.017585
-0.413320
0.000000
0.000000
0.000000
0.000000
0.000000
-0.089233
-0.625098
0.137934
0.297405
0.209421
0.196363
0.000000
0.000000
0.000000
0.165803
0.572238
0.000000
0.000000
0.000000
0.000000
0.122185
0.029210
-0.076275
0.372019
0.000000
0.000000
-0.723991
-0.499268
-0.191863
0.044005
-0.171751
-0.846356
-0.438439
-0.026290
0.046014
0.534300
0.316670
-0.111786
0.000000
0.000000
0.000000
0.000000
0.571649
0.000000
0.000000
1.038190
0.752912
0.000000
0.000000
0.000000
0.000000
0.000000
-0.540705
0.163466
0.125972
-0.641570
-0.619721
-0.343398
-0.075471
-0.281140
0.239621
-0.034109
0.000000
0.000000
0.182520
0.362000
0.000000
0.000000
0.000000
-0.078428
-0.509991
0.000000
0.000000
0.000000
0.000000
1.073249
0.150599
-0.266607
0.041841
0.000000
0.000000
0.000000
0.000000
-0.011143
-0.253951
0.000000
0.000000
-0.057980
0.303037
-0.401370
-0.387721
-0.351091
0.000000
0.000000
0.000000
0.000000
0.028646
0.021937
0.312238
0.258476
0.414105
0.000000
0.000000
0.190376
0.301970
0.000000
0.000000
-0.029362
0.000000
0.000000
0.000000
0.000000
0.059653
-0.260116
-0.698728
0.000000
0.000000
0.000000
0.000000
0.000000
0.000000
0.000000
0.000000
0.000000
0.000000
-0.302773
-0.263661
-0.410676
0.000000
0.000000
0.597743
0.424849
0.000000
0.000000
0.000000
0.000000
0.189058
0.381497
0.090069
0.000000
0.000000
0.000000
0.000000
-0.420376
0.324738
-0.435222
