0.000000
0.000000
0.000000
-0.137445
-0.048044
0.431854
0.000000
0.000000
0.000000
-0.355998
-0.185716
0.225514
0.218371
-0.231430
-0.317380
0.190205
0.195935
0.094920
-0.294818
-0.152653
0.098585
0.336590
0.086334
0.387072
0.076580
0.026309
-0.242737
-0.153232
-0.094943
0.078655
0.014328
0.066579
0.014110
-0.399343
-0.295399
0.078608
0.027934
-0.234165
-0.219344
0.165243
-0.004225
-0.126072
-0.002894
-0.044670
0.194385
-0.117691
0.413680
0.404159
0.000000
0.000000
0.310676
0.247788
-0.111565
-0.032948
0.212855
-0.112576
-0.178095
-0.093259
-0.135887
0.265435
-0.053272
-0.321880
-0.115685
-0.055090
-0.095884
-0.283361
-0.165529
0.113028
0.378818
0.073792
-0.105714
-0.130233
0.271168
-0.130564
-0.170797
0.104779
-0.284479
0.259268
-0.224262
-0.017538
0.033660
0.048120
0.000000
0.000000
0.313036
0.392765
-0.370110
-0.055193
-0.209695
0.170322
0.388978
-0.213842
0.191231
0.094518
-0.244269
0.003974
0.291856
-0.012854
0.006071
-0.092755
0.001910
-0.106306
-0.061811
0.133971
-0.041264
-0.112168
0.007982
-0.226829
0.123723
-0.150100
-0.139201
-0.071725
0.037338
0.235327
0.041449
0.007028
-0.032943
-0.280060
-0.077603
-0.137995
0.340679
-0.159182
-0.341368
-0.174997
0.354229
0.075916
0.087860
0.292702
-0.138773
0.121711
0.322949
0.209478
0.069691
0.000000
0.000000
0.000000
0.492850
-0.180068
-0.081679
-0.248516
-0.195318
-0.011094
-0.313239
-0.262234
0.032734
-0.064282
-0.146804
-0.088238
0.221874
-0.415248
-0.039536
0.366157
0.195677
0.266854
0.000000
0.000000
0.000000
0.000000
0.209299
-0.054838
-0.004350
-0.115460
-0.159144
0.000000
0.000000
0.000000
0.338175
-0.461253
-0.240121
-0.008642
0.270963
-0.073207
-0.121623
0.084811
0.101524
0.358375
0.109592
-0.091199
-0.159361
-0.104070
0.047601
0.145940
0.222224
0.131897
-0.116003
-0.071263
-0.056321
0.067575
-0.014810
0.205408
0.201801
-0.259562
0.011857
-0.347668
-0.446774
-0.102495
-0.099734
-0.143020
0.000000
0.000000
0.069950
-0.143062
-0.158865
0.255059
0.011291
0.130805
0.413429
0.194960
-0.263943
-0.102244
0.190147
0.125268
0.427346
0.376423
0.290704
0.223824
-0.437735
-0.224061
0.202585
0.138267
-0.138678
-0.222994
-0.402083
-0.474291
-0.320811
-0.251550
-0.176135
-0.094342
0.158024
0.000000
0.000000
0.437947
-0.288659
-0.170530
0.188986
0.318520
0.234698
-0.050725
0.494428
0.344359
0.466535
0.276465
-0.097175
-0.176792
-0.371025
-0.578795
0.197557
-0.300705
-0.354883
-0.099787
-0.313582
0.000000
0.000000
0.000000
0.000000
0.000000
0.210418
0.421243
0.364453
0.271385
-0.052964
-0.091975
-0.070561
0.297545
0.198861
-0.255493
-0.146197
-0.013943
-0.204274
-0.276358
-0.049906
-0.274545
-0.208177
0.000000
0.357502
-0.050486
0.204018
0.046186
0.064777
-0.128347
0.086062
-0.379877
0.007357
-0.021515
0.236912
0.000000
0.000000
0.000000
0.084729
0.013680
0.274044
0.144508
0.000000
0.000000
-0.164635
0.088020
0.014119
-0.097926
-0.092282
-0.134420
0.030857
0.099042
0.073691
0.170975
0.000000
0.000000
0.000000
0.017048
-0.009951
-0.331280
-0.001493
0.002691
-0.082332
-0.253484
-0.154202
-0.211988
0.066242
0.457369
-0.014469
-0.051542
-0.169606
-0.075738
0.208572
0.038456
0.000000
0.000000
-0.105059
0.234712
-0.173421
-0.133185
0.238416
0.189396
0.310907
0.408341
0.071593
0.126114
-0.081617
0.000000
0.000000
-0.034771
-0.021263
-0.385155
-0.210905
0.108068
-0.434704
-0.788709
-0.078539
0.024509
0.172309
0.536236
0.000000
0.000000
0.004674
0.042522
-0.053680
0.087731
-0.028728
-0.041672
-0.001885
0.074076
0.224111
0.230551
0.128005
0.054211
-0.195437
0.162266
-0.403348
-0.025276
0.000000
0.000000
0.000000
0.000000
-0.305588
0.182111
0.315498
0.000000
0.000000
-0.339500
-0.483552
-0.048565
0.233297
0.026554
0.212721
0.209569
0.119373
0.106567
0.111758
0.289395
0.026984
-0.267088
0.081899
0.249626
0.114485
-0.183732
-0.256034
-0.287704
-0.129108
-0.285539
-0.163064
-0.421243
-0.031447
0.151300
0.169773
0.340300
0.067988
-0.101867
0.147310
0.146593
0.272236
0.176292
0.167524
-0.015084
-0.222277
-0.140963
0.089244
-0.317326
-0.257118
0.249942
0.145086
-0.050688
-0.262392
0.191097
-0.028827
-0.047445
0.012342
-0.042619
-0.193821
0.006790
0.181005
-0.185991
0.000000
0.000000
0.000000
0.109521
-0.611478
0.020321
0.076229
0.308518
0.245045
0.072032
0.111593
0.231218
0.052947
-0.018188
0.182964
0.330855
0.232211
-0.518977
0.012446
0.113452
-0.058776
-0.278170
0.016096
0.231699
-0.287657
-0.260687
-0.277704
-0.095784
0.241033
0.148325
0.000000
0.000000
0.000000
-0.470502
-0.476309
-0.302140
0.231924
0.200993
0.199491
0.036033
0.206315
0.427160
-0.284418
-0.276175
-0.151260
0.218197
0.355625
0.074539
0.076489
-0.172986
0.066216
0.247283
0.377744
0.114109
-0.176884
-0.304745
-0.138285
-0.002237
0.217921
0.140339
-0.127751
-0.572681
0.061898
0.006218
0.282286
0.000000
0.000000
0.060923
0.118690
0.401753
-0.359191
-0.084017
0.121385
0.000000
0.000000
0.000000
0.000000
-0.351037
-0.480253
-0.253055
0.000000
0.000000
0.006461
-0.055581
0.000000
0.000000
0.000000
-0.089773
0.000000
0.000000
0.249313
0.405622
0.145132
0.398251
0.000000
0.000000
0.000000
0.000000
0.000000
-0.173185
-0.106718
-0.004433
0.342105
0.000000
0.000000
-0.038146
-0.278608
-0.128773
0.167448
-0.023288
0.000000
0.000000
0.000000
0.000000
0.177133
0.069991
-0.015175
-0.074346
0.000000
0.000000
0.000000
0.000000
0.000000
0.000000
0.000000
0.000000
0.000000
-0.097540
-0.278679
-0.116289
-0.259143
-0.226697
-0.155193
-0.495094
-0.447852
-0.176115
0.301912
0.464990
0.113315
0.319016
0.013784
0.426897
0.606550
0.017305
-0.046977
-0.031128
0.368577
0.100181
-0.046013
0.266949
0.290198
0.354173
0.063589
0.000000
0.000000
-0.581408
-0.066471
-0.256018
-0.402322
-0.077014
-0.347718
-0.473797
0.000000
0.000000
0.000000
0.000000
0.178560
0.027059
0.255570
-0.154128
-0.178251
0.004296
0.113006
0.000000
0.000000
0.000000
-0.150956
-0.023770
0.042208
0.033198
-0.413937
-0.067931
0.084445
0.195931
0.374491
0.402683
0.000000
0.000000
0.000000
0.000000
0.000000
0.000000
0.000000
0.000000
0.232558
0.052134
0.424348
0.304121
0.167637
-0.227096
-0.230776
-0.230789
-0.173763
-0.050328
-0.024860
-0.229731
0.000000
0.000000
0.000000
0.000000
0.422293
-0.662161
-0.570142
0.000000
0.000000
0.710013
-0.150883
-0.298653
-0.068907
-0.397084
0.228606
-0.292994
-0.457718
0.026126
-0.048335
-0.262581
1.016857
0.000000
0.000000
1.566468
0.186963
0.029835
-0.401241
0.000000
0.000000
0.000000
-0.523159
-0.158689
0.114823
0.356060
-0.098027
0.377164
-0.461884
0.000000
0.000000
0.000000
0.340187
0.000000
0.000000
-0.212024
-0.363214
-0.538755
0.000000
0.000000
0.000000
0.000000
0.000000
0.000000
0.106706
-0.021905
0.000000
0.000000
0.000000
0.000000
0.000000
0.000000
0.000000
0.207242
0.089140
0.000000
0.000000
0.000000
0.400726
0.008114
0.053398
0.017577
-0.058437
0.000000
0.000000
-0.187739
-0.181096
0.000000
0.000000
0.000000
0.000000
-0.479639
0.000000
0.000000
0.000000
0.000000
0.358550
0.023856
0.000000
0.000000
0.117109
0.709632
0.245824
0.036316
0.000000
0.000000
0.000000
0.000000
-0.913302
-0.814424
0.000000
0.000000
0.000000
0.000000
0.235591
-0.127503
0.419600
0.135207
0.013818
-0.000181
0.153272
0.097268
-0.132691
0.173938
-0.241256
0.000000
0.000000
0.000000
0.000000
-0.106399
0.193011
-0.210169
-0.213072
-0.014591
0.007155
0.000000
0.000000
0.000000
0.000000
0.000000
1.000959
-0.326876
0.000000
0.000000
0.107670
-0.152246
-0.110781
0.055873
-0.209638
-0.092951
0.101470
-0.192723
-0.182234
0.393606
-0.062614
0.078714
-0.002586
0.228836
-0.023553
-0.075284
-0.205149
0.000000
0.000000
0.000000
0.111037
0.238853
0.203570
0.000000
0.000000
0.000000
-0.427494
0.084074
0.047598
-0.002158
-0.045180
0.212378
0.022734
-0.370112
-0.414044
-0.313522
-0.301538
-0.207208
0.167817
-0.005186
-0.311350
0.576865
-0.175406
-0.173223
0.149329
-0.015382
0.136527
0.450960
0.652267
0.284687
-0.003814
0.205848
0.000000
0.000000
0.000000
0.418316
0.169504
-0.426680
0.014845
-0.012807
0.255273
0.091585
-0.703506
-0.447256
0.012741
-0.195931
-0.026622
-0.097443
0.000000
0.000000
-0.359174
-0.198818
0.000000
0.000000
0.000000
0.622049
0.170986
-0.261249
-0.177642
-0.019139
-0.355002
0.388577
0.000000
0.000000
0.073203
0.466804
0.137199
-0.042655
0.066333
-0.227252
-0.537265
-0.226716
0.223300
0.303227
-0.026935
-0.204061
0.120530
0.217390
0.195406
0.000000
0.000000
-0.117390
-0.009183
-0.068536
0.407653
0.129415
0.000000
0.000000
0.058798
0.134012
0.202982
0.000000
0.000000
0.000000
-0.355910
-0.588962
-0.262553
0.000000
0.000000
-0.125610
0.130216
0.081359
-0.154996
-0.031959
-0.099690
0.151415
0.401512
0.226253
-0.183680
-0.069214
0.000000
0.000000
0.000000
0.000000
0.000000
-0.209988
-0.528854
-0.282490
0.151446
-0.100814
-0.151560
0.170902
0.036196
0.550389
0.145829
-0.296271
0.201373
0.309008
0.000000
0.000000
0.000000
0.000000
0.234567
0.188316
0.321427
0.532245
0.151376
0.070894
0.023927
0.000000
0.000000
0.000000
0.000000
-0.401050
-0.338085
-0.203932
-0.388553
-0.286412
-0.462786
-0.546286
0.000000
0.000000
0.000000
0.000000
0.000000
0.229181
-0.037540
-0.085970
-0.214369
0.000000
0.000000
0.000000
0.000000
-0.067203
0.080898
0.492881
0.347155
0.701028
0.442914
0.000000
0.000000
-0.165202
-0.087839
0.191719
0.069529
0.148870
0.152664
-0.132949
0.178255
-0.150850
0.000000
0.000000
-0.236184
-0.401629
-0.346590
-0.170387
0.092831
0.020052
-0.195446
0.089807
0.000000
0.000000
0.000000
0.000000
-0.299070
0.231537
0.000000
0.000000
0.000000
0.000000
0.000000
0.000000
-0.298483
0.113341
-0.044264
-0.253926
0.000000
0.000000
0.000000
0.000000
0.000000
0.387923
0.141368
0.043428
0.055382
0.279354
0.051542
0.000000
0.000000
0.000000
0.209004
-0.006839
0.000000
0.000000
0.000000
0.000000
0.142109
-0.234608
-0.165791
-0.469644
0.000000
0.000000
0.282716
0.475806
0.049046
-0.062591
-0.306696
-0.288314
0.085853
0.257048
0.530232
-0.141575
-0.311065
-0.048437
0.000000
0.000000
0.000000
0.000000
-0.396032
0.000000
0.000000
-0.608697
-0.553558
0.000000
0.000000
0.000000
0.000000
0.000000
0.556153
-0.130336
0.359603
0.584514
0.348313
0.239049
0.107412
-0.249478
-0.211683
-0.027103
0.000000
0.000000
0.087669
-0.077425
0.000000
0.000000
0.000000
0.188778
0.006393
0.000000
0.000000
0.000000
0.000000
0.078693
-0.054515
-0.250749
-0.039646
0.000000
0.000000
0.000000
0.000000
-0.242045
-0.537021
0.000000
0.000000
0.026466
0.056120
-0.025482
0.219825
0.000344
0.000000
0.000000
0.000000
0.000000
-0.021618
-0.175927
0.161521
0.091191
0.174160
0.000000
0.000000
0.158613
0.012164
0.000000
0.000000
-0.288240
0.000000
0.000000
0.000000
0.000000
0.122894
0.311365
0.122778
0.000000
0.000000
0.000000
0.000000
0.000000
0.000000
0.000000
0.000000
0.000000
0.000000
-0.041812
-0.030818
-0.333122
0.000000
0.000000
0.119608
-0.302269
0.000000
0.000000
0.000000
0.000000
0.175003
-0.118272
-0.043812
0.000000
0.000000
0.000000
0.000000
-0.083917
0.307288
-0.025817
