0.000000
0.000000
-0.080761
0.041402
0.115507
-0.178370
-0.151188
-0.382463
-0.167258
0.280426
0.327877
0.068290
-0.008364
0.116407
0.001623
-0.176205
-0.102662
0.037479
0.242587
0.397267
0.372310
0.190807
0.185731
-0.298304
-0.281891
-0.056797
-0.064009
-0.142189
-0.329933
0.049474
-0.193350
-0.322398
-0.060109
0.556390
0.486649
0.295905
-0.123560
0.065925
0.127030
0.108111
-0.435784
-0.608830
-0.181909
-0.231547
-0.096844
0.056341
-0.107742
0.037453
-0.488951
-0.260597
0.012599
-0.018611
0.179438
0.349947
0.602221
0.283480
-0.383505
0.132226
-0.026007
-0.030116
-0.120296
0.175709
0.077388
0.380436
0.426276
0.644680
0.381281
-0.104248
-0.444065
-0.030557
0.177636
0.255231
-0.125627
-0.562853
-0.197609
-0.233520
-0.393234
-0.265292
-0.199251
-0.117986
-0.304557
-0.185504
-0.165191
-0.098858
0.113236
0.106303
0.185258
0.066287
0.153725
0.148247
0.275679
0.443416
0.536047
0.501707
-0.110662
-0.275167
-0.267080
-0.303762
-0.040166
-0.107629
0.195049
0.025984
-0.201039
-0.505011
-0.434247
0.013265
0.176346
-0.083306
-0.184824
0.114419
0.356684
0.264475
0.324196
0.086921
-0.028238
-0.028489
-0.017530
-0.018980
-0.113120
0.172035
0.400227
0.125751
-0.191122
-0.307433
0.000000
-0.369029
0.144003
-0.007497
-0.197261
0.036874
0.128391
0.265285
0.192313
-0.027989
-0.186345
-0.134951
0.012730
0.115084
0.014132
0.141898
-0.251029
-0.536562
-0.075544
0.187834
0.079753
-0.121920
-0.188940
-0.117528
0.057540
0.009847
0.049614
-0.034284
0.033212
0.134211
0.065338
0.118312
0.049114
0.238997
0.358442
0.119039
-0.105677
0.146721
0.092562
-0.173072
-0.083799
-0.168691
-0.236677
0.048699
-0.156321
-0.167168
-0.400706
-0.035403
-0.056998
0.293885
0.370830
0.412895
0.238514
-0.193450
-0.166805
-0.214715
-0.002315
-0.161008
0.137428
0.575601
0.317996
0.043223
-0.096369
0.053425
-0.054186
-0.257004
-0.309233
-0.450162
-0.452933
-0.414343
-0.215746
0.187387
-0.146108
0.058895
-0.021188
0.186458
0.446290
0.220266
0.369711
0.270381
0.295955
0.240800
-0.000703
0.378703
-0.034003
-0.291084
-0.582549
-0.155396
-0.056745
-0.008815
-0.015799
-0.162494
-0.255070
-0.090669
0.005204
-0.126105
-0.045972
0.434660
0.139987
-0.042265
-0.087590
-0.151576
-0.203022
0.067114
0.295741
0.202436
0.055384
0.213518
0.121281
-0.138510
-0.189240
-0.093266
-0.116989
0.109104
0.094911
0.101837
0.081488
0.199005
0.416163
-0.032317
-0.437648
-0.290843
-0.213423
-0.044439
0.182857
0.007732
-0.112729
-0.135111
0.254433
-0.020778
-0.032536
0.193431
0.336657
-0.202439
-0.198650
-0.088209
-0.342203
-0.306455
-0.200772
-0.506095
-0.418292
-0.034889
0.107934
0.375016
0.270867
0.295455
0.268424
0.360101
0.627860
0.693569
0.172564
-0.532602
-0.318163
-0.072718
0.104020
0.006544
-0.118139
-0.045578
0.049533
-0.026123
-0.107071
-0.005622
0.048576
0.134464
0.138322
-0.054683
-0.285353
-0.158497
-0.403015
-0.181871
0.196076
0.085966
0.366004
0.337666
0.102963
-0.458958
-0.690710
-0.307085
-0.415386
-0.204199
0.097243
0.121493
0.086076
0.079527
0.408233
0.305257
0.130033
0.496525
-0.137105
-0.196929
0.027271
0.053582
-0.149802
0.048700
0.094236
0.002476
0.170918
0.165396
0.100328
-0.011091
0.161832
0.031432
-0.275837
-0.136821
-0.148942
-0.244717
-0.379973
-0.079982
0.162759
0.506894
0.445850
0.329787
0.227623
-0.245079
-0.381396
-0.288578
-0.426622
-0.093297
0.033819
0.009691
-0.104453
0.118059
0.144873
0.090168
0.137814
-0.231264
-0.401993
0.100755
0.015793
0.191388
0.154669
0.081309
-0.104538
0.133061
0.027495
-0.060073
-0.015823
-0.091919
0.171597
0.011212
0.298111
0.004237
-0.156014
-0.144421
-0.077603
0.134342
0.155553
0.115091
-0.247078
-0.317684
-0.192874
-0.046808
0.012084
-0.110557
0.200593
0.174008
0.148016
0.149800
-0.044209
-0.231225
-0.140333
0.006012
0.143099
0.189953
0.076338
-0.211609
-0.380454
0.053399
0.279962
0.253592
0.034377
-0.362087
-0.019214
0.160321
0.212357
0.290565
0.007425
-0.430976
-0.280872
-0.105502
-0.187455
-0.087587
0.122465
0.024641
0.045596
0.011938
-0.046361
-0.033056
0.156791
0.139768
0.030701
0.404907
0.396646
0.260001
0.167966
-0.416742
-0.247728
0.002682
0.167147
0.191449
0.180734
-0.004182
-0.224061
-0.289425
-0.385283
-0.208749
-0.068232
-0.217902
0.133635
0.108193
-0.162924
-0.083745
-0.065146
-0.098464
-0.103092
-0.225450
-0.305003
-0.187765
0.072952
0.177590
-0.157556
0.242410
0.419853
0.503254
0.617612
0.557187
0.371501
0.069094
-0.184775
-0.133674
-0.113174
-0.142649
-0.196758
-0.398611
-0.151107
0.055433
0.097379
0.147465
-0.102481
-0.193957
-0.372973
-0.193544
0.028505
0.038657
-0.124913
0.107866
-0.114504
-0.030293
0.063731
0.029463
0.129756
-0.021029
0.167259
0.407813
0.006727
-0.131107
0.122645
0.167833
0.291334
0.021897
-0.460534
-0.365828
-0.165781
-0.014698
-0.114933
-0.089812
0.058243
0.175113
0.239043
0.162067
0.123295
0.049024
-0.135765
-0.031183
0.055474
-0.046380
-0.362669
-0.242308
-0.120625
-0.166730
-0.089505
-0.169802
-0.122774
0.008877
0.234512
0.555376
0.283886
0.320884
0.331285
0.417050
0.252856
0.024012
-0.141746
-0.078254
-0.040512
-0.375729
-0.190506
0.028368
0.109122
0.178629
-0.156139
-0.185692
-0.355229
-0.155089
-0.108660
-0.416374
-0.291271
-0.170897
-0.003783
0.057282
0.148006
-0.131646
-0.116917
-0.032702
0.128989
0.137054
0.263426
0.094561
0.143226
-0.252548
0.007604
0.236091
0.164742
0.201438
0.195450
-0.074756
0.026403
0.261410
0.231767
0.323128
0.642738
0.317705
0.017761
-0.428857
-0.453624
-0.226505
-0.232172
-0.313950
-0.130786
0.086476
0.052905
0.079949
-0.225551
-0.414524
-0.710131
-0.422981
0.050410
0.121231
-0.065992
0.135178
0.036352
-0.025890
0.305087
0.347000
0.017585
0.442691
0.243792
-0.057121
-0.129086
-0.013330
0.021786
-0.173196
-0.213869
0.218493
0.447185
0.358401
0.392103
-0.004479
-0.468253
-0.206821
0.103208
0.069354
-0.180487
-0.538871
-0.243270
0.192505
0.281273
0.143016
-0.123691
-0.231042
0.079012
0.131585
-0.138293
-0.089841
0.083857
0.087401
-0.079998
0.083428
0.115788
0.072393
-0.170028
-0.445173
-0.183181
0.136454
0.185504
0.092992
-0.143413
-0.112718
0.222460
-0.013567
-0.251186
-0.041303
0.261472
0.222532
0.032686
0.367723
0.327284
-0.187923
-0.255654
-0.316958
-0.135300
0.270093
0.077997
0.190298
-0.010917
-0.005650
0.018945
0.132550
0.153334
-0.053314
-0.394694
-0.056865
-0.009470
-0.149631
-0.514038
-0.597968
-0.183691
0.143413
0.330671
0.114215
-0.018847
0.077464
0.334695
0.523648
0.457943
0.402993
0.431277
-0.049744
-0.566424
-0.555363
-0.398134
-0.038105
-0.307362
-0.509520
-0.123856
0.316895
0.243134
0.253171
0.277105
0.425133
0.390757
0.065916
-0.029366
0.164069
-0.212910
-0.042417
-0.049202
-0.123762
-0.200832
-0.038817
-0.327747
-0.489061
-0.599260
-0.076869
-0.055018
-0.010236
0.146472
-0.041455
0.201926
0.193944
0.024451
-0.003390
-0.047742
0.249569
0.352059
-0.150330
0.039823
0.057515
0.401208
0.666041
0.181231
0.147782
0.295816
-0.278905
-0.259167
-0.285450
-0.083763
-0.123852
0.087056
0.194632
-0.250081
0.008377
-0.272575
-0.357904
-0.121795
-0.258894
-0.159133
0.074698
0.153268
0.168350
0.173579
0.017630
-0.257040
-0.575876
-0.492749
0.041575
0.065159
0.177062
0.367437
0.326411
0.149257
0.094910
0.161465
0.120498
0.112111
0.320174
0.333676
0.070625
-0.084404
-0.141788
-0.242859
-0.330310
-0.330464
0.159476
-0.110757
0.234291
-0.586478
-0.279629
0.000000
0.000000
0.370368
0.624571
0.420919
-0.022699
-0.908022
-0.242408
0.217866
0.125551
0.121922
-0.093949
-0.048650
0.133148
-0.051333
0.125598
0.320687
-0.070016
-0.087624
0.200239
0.196026
0.041945
-0.016925
0.011816
0.589719
0.325870
-0.107879
-0.511196
-0.219345
-0.277957
-0.142769
-0.343846
-0.249214
-0.163670
0.155009
0.213648
-0.211295
-0.472359
-0.323966
0.127959
0.174503
0.040538
-0.383275
-0.219167
0.233785
-0.058187
-0.304109
0.161463
0.168833
0.048936
0.607616
0.760267
0.683598
0.564428
0.067319
-0.394137
-0.251871
-0.084949
-0.181324
-0.023586
0.010648
0.028030
0.026628
0.011623
0.067516
-0.014966
0.021951
0.122465
-0.316125
-0.315190
-0.522942
-0.338997
0.087254
0.091918
-0.085747
0.186112
0.196597
0.141595
0.011604
-0.386006
-0.240105
0.061210
0.000235
0.383585
0.248873
-0.161664
-0.344419
-0.009982
-0.032027
0.045162
0.049326
-0.246130
-0.210758
0.263289
0.168719
0.318182
0.285471
-0.118436
-0.369772
-0.329233
-0.073877
0.221903
0.303515
0.257525
0.351392
0.443289
0.132950
-0.037124
0.016102
-0.101918
-0.219985
0.085629
0.091318
-0.067292
0.011929
0.034497
-0.126786
-0.462398
-0.160713
-0.416815
-0.223997
-0.049642
0.299537
0.000906
-0.295536
-0.231483
0.133543
-0.056149
-0.360111
-0.164619
0.235097
0.231961
0.141911
0.333449
0.240612
-0.027348
0.112912
-0.027095
0.328134
0.189445
-0.104332
-0.027344
-0.218795
-0.063398
0.009218
0.171026
0.367807
0.190525
0.061636
-0.166047
-0.097329
-0.355972
-0.586302
-0.334619
0.143710
0.229653
-0.047970
-0.046890
0.193269
0.351392
0.653416
0.155449
-0.280752
-0.211710
-0.402530
-0.395917
-0.150880
0.021955
0.139317
-0.307789
-0.097027
0.049923
0.009179
-0.065481
-0.004910
0.297707
0.337535
0.229789
0.111854
-0.035149
0.159418
0.035583
0.043271
-0.084816
-0.006936
-0.011174
0.151888
0.007730
-0.056681
0.107199
0.096537
0.107751
-0.317176
-0.127566
-0.216143
-0.037098
-0.225583
-0.275527
-0.282150
-0.197515
-0.019015
0.032729
-0.197632
-0.008152
-0.173668
-0.096853
0.150042
0.256523
0.615251
0.484466
0.166236
-0.078785
-0.063365
0.386128
0.366675
0.153279
0.307746
0.034800
-0.286052
0.088069
0.158317
0.025347
-0.521588
-0.654824
-0.224092
0.042386
0.012920
-0.016564
0.049223
-0.331445
-0.122282
-0.120052
-0.348989
-0.080186
0.062278
0.217457
0.202186
-0.333198
-0.359180
-0.052354
-0.003256
-0.000090
0.113822
0.142799
0.434043
0.544202
0.485577
0.511571
0.437031
-0.210920
-0.293063
-0.106312
-0.128382
0.072456
-0.184374
-0.316216
-0.147140
-0.340079
0.036900
-0.166486
0.005839
-0.025966
0.009500
0.047272
0.203559
0.095673
-0.198911
-0.053306
-0.020908
0.340504
0.200978
-0.095821
-0.199988
-0.054377
0.002915
-0.121084
-0.126556
-0.004319
0.231106
-0.008707
0.092424
0.255990
0.277105
0.159351
0.129428
0.064257
-0.330821
0.058497
-0.372306
-0.239346
-0.200169
-0.304371
-0.211398
-0.133482
0.063923
0.116497
0.026832
-0.137056
0.004117
-0.283289
-0.228769
-0.026484
0.136938
0.482061
0.243430
0.223940
0.425648
0.129012
0.225564
0.098285
-0.017664
0.203194
0.581852
0.127648
-0.282039
0.007898
0.162399
-0.104468
-0.567769
-0.032887
0.012133
0.012682
-0.306049
-0.615291
-0.480019
-0.179935
0.175916
0.106159
-0.051865
-0.275550
-0.252246
0.023156
0.065209
0.044566
0.018988
0.291026
-0.019843
0.071692
0.094120
0.234473
0.128902
0.027459
0.058083
-0.132382
0.102829
0.195724
0.385644
0.181248
0.211999
-0.072884
-0.475095
-0.406712
0.039498
0.126187
-0.001003
-0.010554
-0.139696
0.045592
0.272435
0.264886
0.384186
0.181451
-0.042658
-0.438469
-0.276601
-0.301702
-0.429217
-0.379973
0.298889
0.424086
0.329360
0.084685
-0.249085
-0.197975
-0.067793
-0.218573
-0.105333
0.124650
0.029368
0.186756
0.148502
0.103784
-0.131779
-0.156361
-0.277971
0.145916
0.304492
