0.000000
0.000000
0.358638
-0.503259
-0.687415
0.049455
-0.508367
-0.398854
-0.398441
0.179601
0.197750
0.599382
0.222701
0.638252
0.382853
0.646753
0.626508
-0.158444
0.611158
0.356025
-0.176170
-0.297686
0.177426
-0.484773
-0.308030
0.363828
-0.086540
-0.195019
-0.867088
-0.186132
-0.312844
-0.021792
-0.066977
-0.010053
-0.443088
0.027827
0.200281
-0.284771
-0.072419
0.320455
-0.154561
0.107212
0.411739
-0.103725
-0.462470
0.001283
0.230765
-0.194993
-0.154353
-0.271644
0.143959
-0.050626
0.443674
0.286557
0.473647
0.019912
-0.334102
0.035064
-0.243081
0.001734
0.349289
-0.184417
0.143460
-0.149346
0.390283
0.003455
0.066357
0.577049
0.464883
-0.036635
0.631495
-0.549419
-0.069249
-0.474704
0.078342
0.227831
0.414391
-0.296260
-0.368187
-0.403481
-0.460900
-0.206948
-0.345023
-0.235771
0.070289
-0.275535
-0.153378
-0.060766
-0.257650
0.160343
-0.149061
0.116391
-0.086873
0.005925
0.302653
0.512291
-0.115166
-0.189312
0.209668
0.142904
0.297587
0.445886
0.685836
0.095755
-0.154332
0.105058
-0.098587
0.230461
0.344353
0.701781
0.182327
-0.287567
-0.026298
-0.584646
-0.667184
-0.440981
-0.021535
-0.690249
-0.199911
-0.661006
-0.369249
-0.718027
-0.207640
-0.539313
0.000000
1.376336
-0.007423
0.559819
0.221616
0.534301
0.082023
0.604938
0.425944
0.456228
1.279987
0.712769
0.744813
-0.640694
-1.017706
-0.423151
-0.348655
-0.136259
0.189859
-0.099890
-0.767891
-0.829122
-0.613562
-0.092431
0.504993
-0.492149
-0.212573
-0.207297
0.044391
-0.333211
-0.984204
0.300048
0.110509
-0.638924
0.394123
0.156564
0.328833
0.546072
-0.792368
0.846359
0.859194
0.786797
0.444656
0.576751
0.117090
-0.075096
-0.050575
0.850689
0.722489
0.642607
-0.559768
-0.107239
-0.398254
-0.525385
-0.804783
-0.856756
0.121476
0.339340
-0.057734
-0.151822
-0.479864
-0.268531
-0.420639
-0.215876
-0.044970
-0.282610
-0.203445
-0.616658
-0.218181
0.225765
0.257534
0.887161
0.070298
-0.262313
0.319744
0.084773
-0.386012
-0.427596
0.374471
0.284471
0.242473
0.998223
0.116134
0.142840
-0.233929
0.136549
-0.579050
0.018554
-0.185346
-0.221379
0.245103
0.682929
0.345153
0.310399
0.220240
-0.405939
0.341430
-0.201480
-0.605797
0.319358
-0.360942
-0.475097
0.095335
0.226956
0.226514
-0.302804
-0.173326
-0.465810
0.140539
0.559667
-0.100647
-0.326705
-0.302882
0.379479
-0.261886
0.071313
0.163587
0.041889
0.170785
-0.253758
-0.059649
-0.225689
-0.669527
-0.434705
-0.218253
-0.114446
-0.413714
0.516411
-0.005939
-0.651784
1.069178
-0.363308
0.391087
0.224147
0.441602
0.458982
1.402261
-0.027406
0.137023
-0.091479
0.205708
0.516685
0.388761
-0.010147
-0.202266
0.025187
-0.431750
0.045461
-0.073923
0.104642
-0.428590
-0.435889
-0.106059
-1.034818
-0.623954
-0.413514
-0.199257
-0.028486
-0.522021
0.457687
-1.290303
0.688360
0.318668
-0.899125
-0.561817
0.448829
0.757168
-0.081399
0.435298
0.803814
0.381630
0.623440
1.017292
0.684743
0.963533
0.381921
-1.165878
0.017810
-0.496764
-0.339376
-0.081196
-0.629597
-0.445828
0.141299
0.186770
0.429866
-0.192063
0.023375
-0.691903
0.312725
-0.439677
-0.460319
0.241852
-0.494765
1.103292
-0.172364
-0.710458
0.125465
-0.061140
0.332650
-0.551961
-0.313838
-0.700856
-1.107369
0.161659
0.717427
0.685373
0.228471
0.430394
0.153599
0.738952
0.642470
0.711160
-0.173301
0.046794
0.008572
-0.001156
-0.166870
0.204802
0.063519
0.326737
0.327753
-0.403486
0.535824
-1.418498
-0.441449
-0.293706
-0.523639
-0.026304
-0.361239
-0.961756
0.021088
0.025265
0.009676
0.051088
0.516305
1.063292
0.715441
-0.400179
-0.284331
-0.141606
-0.248700
0.275875
0.393618
-0.053458
0.045488
0.176875
-0.116176
0.052482
0.059323
-0.288194
-0.094577
-0.076685
-0.490015
0.108237
-0.757963
0.121177
0.870680
-0.717220
-0.132240
-0.334905
0.209130
-0.115785
-0.177547
0.403773
0.281746
0.200812
0.558012
0.604573
0.211339
0.328700
0.203216
-0.088024
-0.045160
0.274040
0.003264
0.033276
-0.576968
0.232442
-0.033274
-0.277322
-0.325241
-0.306700
-0.425216
-0.242995
0.185876
-0.007290
-0.102844
-0.242082
-0.227769
-0.505292
-0.163012
-0.280518
-0.046012
0.440893
0.268405
0.346913
-0.365544
0.388889
0.145105
0.418170
0.094656
0.251020
0.039741
0.592515
-0.039411
-0.217764
0.396932
0.238487
-0.180328
-0.106070
-0.069641
-0.490964
-0.352244
0.120783
0.211984
0.366752
-0.565187
0.152067
-0.186757
-0.208707
0.497946
-0.372476
-0.193358
-0.452261
-0.581463
0.644074
0.154370
0.060138
-0.121647
0.017541
-0.337550
0.298465
-0.067048
0.143023
0.250071
0.019497
0.152494
0.494688
-0.313491
0.116355
0.403799
-0.429285
-0.188207
-0.122203
0.007629
0.411456
0.507035
-0.088155
0.082121
0.075206
-0.616207
-0.471618
-0.066837
-1.092669
0.164631
-0.174165
0.486879
-0.371520
0.222925
0.414154
0.276942
0.402567
0.564302
0.209105
0.241507
0.088609
-0.003512
-0.708080
-0.377437
-0.528919
-0.106932
0.298979
0.092701
-0.488954
0.261445
0.086906
0.203250
-0.434763
-0.294314
0.003402
0.285794
0.132178
0.277106
-0.285740
-0.033101
0.509510
0.216067
-0.136144
0.227627
0.193922
0.319256
0.082641
0.052665
-0.239440
-0.454406
-0.142030
-0.035812
-0.163593
-0.552762
0.086052
-0.296157
0.712178
0.158507
-0.356413
-0.487192
-0.407084
0.423094
0.307594
-0.228450
-0.253326
0.192741
0.471865
0.335803
-0.377972
0.243311
-0.084980
-0.064426
0.101371
-0.554734
0.460792
0.489912
0.190953
0.169331
0.159611
-0.131027
-0.130658
-0.173086
-0.042671
-0.219214
-0.506440
-0.984877
0.753459
0.103559
0.454794
0.280707
0.264549
0.006081
-0.009481
-0.181203
-0.273781
-0.213055
-0.218962
0.362994
0.048386
-0.121354
0.190065
0.141093
-0.024296
-0.001261
-0.479888
-0.039115
-0.198605
-0.002738
-0.392018
-0.172975
-0.027348
0.381680
-0.021630
0.353452
0.124345
-0.015980
0.006841
-0.084131
-0.300108
0.584357
0.344887
0.270307
-0.215679
0.024212
0.070260
0.032146
0.161738
0.229707
-0.109637
-0.305042
-0.226439
-0.111683
-0.046622
-0.169075
0.561817
-0.393290
0.175220
-0.163098
0.102998
-0.278172
-0.059481
0.361569
-0.405682
-0.167082
-0.471665
-0.472903
0.321025
-0.272325
0.292493
0.719521
0.218956
-0.060793
0.163746
-0.135405
0.161973
0.236578
0.298991
-0.150692
-0.450778
-0.257624
0.271435
0.046210
0.102975
0.243761
0.083998
-0.217614
-0.065909
-0.398241
0.291172
-0.092898
-0.089117
0.234532
-0.903087
-0.540024
-0.691156
0.432126
1.077675
0.128062
-0.393551
0.596396
0.034437
0.603379
-0.675225
0.854434
-0.421031
0.208137
0.429418
0.285213
0.273269
-0.880080
-1.179857
0.713839
0.677602
-0.264692
0.098365
0.166437
0.660882
0.274665
-0.732329
-0.941211
-0.621494
-0.505331
-0.515448
-0.602908
-0.327918
0.528134
0.245727
0.189583
0.162315
0.266765
0.666841
0.160599
-0.674232
-0.310814
0.880197
1.236537
0.738415
-0.122384
-0.191642
-0.978812
-0.790318
-0.025872
-0.219241
-0.117953
0.833501
0.873702
0.204578
0.485467
0.143075
-0.429263
0.628103
0.059439
-0.456685
-0.348011
-0.271720
-0.250911
-0.159448
-0.171373
-0.281235
-0.843582
-0.513244
-0.129545
0.201223
0.338140
-0.461360
-0.508607
-0.295129
0.553650
0.481779
-0.204039
-0.821097
-0.154620
0.588268
0.228816
-0.039330
1.311808
1.465461
1.657128
0.256267
-0.639525
-0.376209
-0.056654
-0.167999
-0.774428
-0.233945
-0.614252
-0.004062
-0.381873
-0.479431
-0.313694
-0.089983
-0.133093
0.190545
0.729356
0.011585
0.050735
0.089329
0.022290
-0.365443
-0.087021
0.183712
-0.425113
0.000000
0.000000
0.039733
0.394726
0.349832
0.262969
0.185179
-0.100567
-0.067311
-0.574145
0.290455
0.305724
-0.106723
0.435331
0.184010
-0.263894
-0.163804
-0.613338
-0.217202
0.699155
-0.276836
-0.345449
-0.135779
0.180967
-0.119834
0.119546
0.386971
-0.008140
-0.066072
0.461120
0.244303
-0.432774
-0.087177
0.014488
0.054142
0.266060
0.108932
-0.091842
0.073238
-0.601568
-0.199834
0.109998
0.012857
-0.603988
-0.500380
0.158762
-0.162130
0.450935
-0.187776
-0.752603
0.161672
0.542975
0.398514
0.239631
0.249428
0.183359
0.260326
-0.278013
0.243184
-0.350138
-0.050626
-0.095281
-0.351847
0.305455
0.034235
-0.081448
0.199553
0.595794
0.020424
0.200577
-0.098549
0.365503
0.122543
0.344604
-0.251868
-0.273512
-0.306293
-0.159822
-0.120068
-0.563282
0.204604
-0.478344
-0.062927
0.249177
-0.130514
-0.518296
0.315995
0.136869
-0.149949
0.043385
-0.019751
-0.342173
-0.260289
0.168036
-0.025646
-0.049523
0.208585
0.086657
0.001765
-0.214683
0.482107
0.536315
0.355657
0.273395
0.474941
0.374343
-0.429874
0.001238
-0.137884
-0.369011
-0.451988
-0.484456
-0.065060
-0.695369
-0.033821
0.195564
0.302592
0.203535
0.423068
-0.146127
0.290292
-0.106186
0.370844
0.105497
0.107393
0.065267
0.434331
0.105908
0.001076
-0.120267
-0.153502
0.106606
0.014391
-0.101028
-0.803478
-0.205883
-0.164761
-0.097961
-0.348138
-0.053114
-0.524159
-0.004521
-0.183922
0.209295
-0.050585
-0.166299
0.297382
-0.252887
1.032106
-0.355032
0.123713
0.299156
-0.269733
-0.187866
-0.290780
-0.167966
0.129100
0.127961
0.347674
-0.078038
0.607181
0.557219
0.502544
0.919043
1.269426
-0.223787
0.537497
-0.813110
-0.696708
-0.104710
-0.897279
-0.178437
-0.143608
-0.274554
-0.586882
-0.012507
0.342713
-0.228164
-0.438754
-0.464591
-0.530855
-0.268193
-0.512330
-0.512399
1.275384
0.994122
0.454762
0.304712
0.574144
-0.230803
-0.608861
-0.689089
-0.827834
-0.248020
-0.057298
-0.038466
0.388288
0.908917
0.629084
0.387331
0.202071
0.239931
0.088268
-0.344966
0.191309
-0.377943
0.340952
-0.626635
0.069284
0.688960
0.180843
-0.188280
0.065060
0.199671
0.517523
-0.594156
0.066218
-0.538886
-0.506315
0.296715
0.366329
0.074680
-0.238028
-0.307488
-0.327841
0.085530
-1.354826
-0.091930
-0.104969
0.579884
-0.036217
0.144664
0.055989
-0.520677
0.123837
0.177259
0.719647
0.082611
-0.135755
-0.127867
-0.421316
0.056061
-0.076415
0.357327
0.343313
-0.045208
0.481899
0.010748
0.213203
0.160717
0.176456
-0.154551
-0.090956
0.110406
-0.152882
-0.041411
0.177177
0.136410
-0.144022
-0.113186
0.246929
0.425061
-0.147632
-0.312157
-0.632250
-0.029855
0.317153
-0.245218
0.510615
0.000236
-0.041908
-1.066251
-0.730514
-0.431904
0.022800
0.259580
0.379663
0.737970
-0.031497
0.268242
0.033507
-0.425263
-0.416387
-0.289896
0.158017
-0.209769
-0.514475
0.481549
0.642841
0.414589
0.743899
0.107256
-0.050064
0.289380
0.528563
-0.409309
0.069873
-0.319045
-0.320522
0.232693
-0.007340
0.032388
-0.599190
-0.354962
-0.235842
-0.019764
0.174482
-0.113272
-0.086831
-0.001986
-0.123922
0.036393
0.146601
-0.351833
0.442146
-0.121039
0.028345
-0.100579
0.461885
0.124755
0.353110
0.070961
-0.054150
0.295373
-0.247826
-0.344523
-0.055386
-0.278073
0.426253
-0.256627
0.594223
-0.083488
-0.243687
-0.314393
0.003119
0.235720
0.044416
-0.361663
-0.045524
-0.275545
-0.041029
-0.278105
0.198425
0.269008
-0.231222
-0.034253
-0.375708
-0.064119
0.107625
-0.237359
0.799677
0.179348
-0.175585
0.535668
-0.057591
0.186576
0.290563
0.244753
-0.188426
0.024787
-0.164022
-0.582266
0.047941
0.337428
0.073640
0.043262
0.424061
-0.114264
0.256778
0.218965
-0.653005
-0.235988
-0.560706
-0.125952
0.155419
-0.318081
-0.039216
0.426662
-0.518283
-0.114627
0.156573
-0.127239
0.139357
0.104416
0.211576
0.078802
0.144957
