0.000000
0.000000
-0.076384
0.028846
0.014958
-0.388139
0.271560
-0.361577
-0.221104
0.361059
0.538751
-0.357281
0.309896
-0.191491
-0.448512
0.255671
-0.342625
0.305246
-0.028415
0.821367
0.392673
-0.202561
0.159354
0.133981
-0.467391
-0.004366
0.251583
-0.839920
0.534155
0.069847
-1.011355
-0.922906
0.479945
1.095407
0.718025
-0.261942
0.171085
0.061937
0.024658
-0.182156
-0.314979
-0.376234
-0.141834
0.106500
0.525173
-0.340955
-0.064804
-0.679160
-0.540980
0.135302
-0.162164
0.082211
0.152000
0.117668
0.154957
-0.405355
-0.048400
0.372928
0.009821
0.556724
-0.166962
0.186057
0.113221
0.417342
0.663512
0.515061
0.512618
-0.144633
-0.687056
-0.650670
0.044608
0.174722
-0.051231
-0.061873
-0.991360
-0.460160
0.195800
-0.291686
-0.612182
0.135857
0.166940
0.354245
0.196912
0.382823
-0.287432
0.629950
0.524021
-0.160635
-0.346315
0.719801
0.222293
0.627233
0.310777
-0.728255
-0.151273
-0.345853
-0.966948
-0.292503
-0.198541
0.288782
-0.049540
0.201247
-0.396100
-0.498725
0.129477
0.280203
-0.182665
-0.537854
-0.323594
-0.126006
1.106701
1.149251
0.278327
-0.315019
-0.037020
-0.202260
0.307061
-0.280598
-0.194032
0.880618
0.200216
0.022142
-0.259606
-0.462531
0.000000
-0.316898
0.127303
-0.319388
0.121904
0.140112
0.457379
0.593006
0.251180
-0.764213
-0.748207
-0.289078
0.025192
0.022606
0.410360
0.301561
-0.226702
-0.526356
-0.374065
0.374472
1.147556
-0.095175
-0.518479
0.219523
-0.862280
0.144729
0.054538
-0.865570
0.031718
0.728774
0.252255
0.088895
0.504673
-0.034092
0.026359
-0.277227
-0.440537
0.318456
0.177298
-0.326805
-0.370884
-0.464861
0.747615
-0.481911
0.581234
0.037959
0.567758
-0.760083
0.775902
0.036103
0.395093
-0.117435
0.239775
-0.275431
-0.427242
-0.302795
-0.231573
-0.199885
0.632429
1.020378
-0.231962
-0.895872
0.596759
-0.218925
-0.044984
-0.508803
-0.227781
-0.288067
-0.546642
0.129089
0.346113
-0.123529
0.357584
-0.403819
-0.311033
0.872023
0.348113
-0.142204
0.187490
0.080786
-0.641414
0.077818
1.275010
-0.578729
0.131439
0.106312
-0.246790
-0.235950
0.060143
0.230368
-0.459752
0.292435
-0.371087
-0.395033
-0.004816
0.509907
0.137813
0.298710
0.368898
-0.506603
-0.297881
0.211006
-0.362302
-0.710940
0.196593
0.107230
0.833468
0.532373
0.001866
-0.860178
0.174242
-0.096585
-0.618139
0.099693
0.372960
0.019449
0.039375
-0.153688
0.447511
-0.246542
-0.311523
0.291930
-0.036015
0.032143
0.667396
0.697402
-0.247946
-0.443856
-0.320039
0.303744
-0.360833
-0.243882
0.432689
0.154142
-0.348235
-0.372438
0.216299
-0.493056
-0.878495
0.074510
0.134706
-0.135111
0.368460
0.632478
-0.064640
0.056685
0.451253
-0.086534
0.198721
0.157779
0.360575
-0.088043
-0.676570
0.025832
-0.062446
-0.758876
0.287408
0.096032
-0.016153
0.360642
0.046723
-0.022950
-0.226016
-0.034071
0.131569
0.148339
-0.054126
0.161163
0.232026
0.069789
0.248582
0.066003
0.166186
-0.076732
0.341864
-0.301085
0.049643
-0.366698
-0.532892
-0.490289
-0.652454
0.339694
-0.181128
-0.106245
0.808696
0.321979
0.357800
-0.300646
-0.362385
0.145178
0.468108
-0.405333
-0.274038
-0.473908
-0.621943
0.188086
0.422554
-0.064518
0.113363
-0.281935
0.495306
0.487464
0.130805
-0.407548
-0.217555
0.226158
0.200235
0.424990
0.282224
0.620354
-0.001986
0.414852
-0.224407
-0.792033
-0.011123
-0.181260
0.444760
0.128976
-0.173567
-0.247389
-0.345001
-0.245207
-0.173576
-0.389817
-0.052210
0.065254
0.004432
0.492215
-0.489868
-0.512398
0.749653
-0.362039
-0.281853
0.835003
0.276735
-0.053642
-0.121548
-0.301406
0.865272
0.366539
-0.467481
-0.302705
-0.387981
-0.483959
0.669669
0.016054
0.012557
-0.038683
-0.153319
-0.504839
0.129618
0.258944
0.364927
0.106774
0.040729
-0.555310
0.630507
-0.137771
0.031224
-0.003787
-0.325318
-0.002546
0.310653
0.145388
-0.064840
-0.234707
-0.260257
-0.265443
0.356575
0.157187
-0.045228
-0.262881
0.806872
0.379422
0.120678
-0.068317
-0.401131
-0.123681
-0.204236
-0.341384
-0.105490
-0.009273
0.219088
-0.252656
-0.205637
-0.818205
0.406053
0.744758
0.172878
0.396825
-0.090867
-0.151509
0.039035
0.259689
-0.292251
-0.262292
-0.603966
-0.215983
0.899411
0.582700
0.504235
-0.192065
-0.304651
-0.356085
-0.307405
-0.168165
-0.660276
-0.257832
0.418483
0.447580
0.570850
-0.366135
-0.845903
0.252354
0.139119
-0.283434
-0.241838
0.378284
0.530493
1.279510
0.539002
0.340233
0.190661
-0.023489
-0.926113
0.469674
0.584206
0.156419
-1.039054
-0.873580
-0.291910
-0.065379
-0.811298
-0.554434
-0.355610
0.176729
-0.437918
-0.134309
0.479662
-0.384696
0.019453
0.252954
-0.234916
0.596462
0.144940
0.005465
0.230444
-0.028074
0.338897
0.129139
0.806677
0.094853
0.263724
0.711848
-0.404080
-0.083620
0.732974
0.148006
0.192505
0.347584
-0.477986
-0.564943
0.130768
-0.383723
0.459674
0.232136
-0.293159
-0.503526
-0.380657
-0.372787
-0.547083
-0.774572
-0.164593
-0.143350
-0.137529
0.013166
-0.411468
-0.412769
0.496555
-0.368834
-0.138336
0.303589
0.484395
0.171430
-0.409798
0.811749
0.525959
0.709602
0.293103
0.619680
0.146181
-0.305249
0.770874
0.094858
0.170068
-0.584418
-0.782900
-0.300782
0.423659
-0.186258
0.239744
-0.070647
-0.269638
0.493407
0.077750
-1.069437
-0.636732
0.175442
0.975589
-0.333095
-0.389929
0.236031
0.284598
0.024876
-0.195970
-0.620108
0.038101
-0.177833
0.220705
0.003166
-0.346242
-0.390072
0.069294
-0.161840
-0.478748
0.779174
-0.238688
-0.135674
0.646331
0.714763
1.663851
-0.221127
-0.189390
-0.709433
-0.465121
-0.376780
-0.581252
0.308012
0.258758
-0.098307
0.142454
0.610723
-0.144888
-0.130691
0.328766
0.206110
-0.382242
-0.018398
-0.308349
0.046099
0.398015
0.594867
0.669044
-0.644542
-0.326539
0.317114
0.491707
-0.402947
-0.808199
-0.928126
-0.266514
-0.071391
0.142298
-0.424100
0.159137
0.136537
0.578409
0.041593
0.378209
-0.398128
-0.178958
-0.013547
0.466604
0.231404
0.029154
-0.500834
-0.534788
0.094171
-0.293316
0.261097
-0.217196
0.711621
0.599734
0.510955
0.019402
0.138856
0.379225
-0.405472
-0.623394
-0.155520
0.183457
0.494221
-0.616765
0.029164
0.067764
-0.628271
0.291447
0.414157
-0.236262
0.178563
0.046873
-0.246789
-0.455263
0.241042
0.260027
-0.215563
0.381181
-0.121696
-0.363817
-0.343329
-0.461181
0.357167
-0.221903
0.510541
-0.777281
-0.095951
0.140293
0.608890
1.096905
0.247169
0.102826
-0.556591
-0.069775
0.012600
0.334195
-0.218557
-0.059900
0.395795
-0.101787
-0.958097
-0.180608
-0.214134
-0.078224
-0.498363
0.292696
0.192051
-0.230901
0.137381
-0.277389
0.390829
0.074468
0.949609
0.411162
-0.655659
-0.826879
0.764318
0.621497
-0.147164
0.138124
-0.300158
0.563145
0.307480
0.135449
0.424245
0.080483
-0.636963
-0.458094
-1.171338
-0.117156
0.324539
0.521079
-0.144991
-0.922931
0.055049
-0.031546
-0.199050
0.010303
-0.455301
0.122279
0.720887
-0.032950
0.029744
-0.529091
-0.217894
0.414829
0.028969
-0.080050
0.147367
0.113615
0.562238
0.668783
0.507471
0.470705
-0.113414
-0.367003
-0.648001
-0.041998
0.094821
0.092095
0.292370
0.028920
0.207949
-0.391934
-0.153988
-0.156223
0.072420
-0.088266
-0.469707
-0.245735
-0.438621
0.280803
-0.017173
0.372591
-0.380472
-0.919372
-0.223276
0.228214
0.477633
0.287452
0.414245
-0.141953
0.592433
0.105388
-0.166168
0.205275
0.121259
0.187639
-0.247971
-0.409066
0.108649
0.322560
-0.262946
0.070958
-0.259697
-0.318470
0.569489
-0.948917
-0.949554
0.000000
0.000000
0.834415
0.443961
0.498202
-0.139756
-1.038663
-0.166136
0.439261
0.819534
1.401745
0.627020
-0.186408
-0.508746
-0.624683
-0.212244
0.469631
-0.362517
0.375504
0.266649
-0.005401
-0.156692
0.171331
-0.042372
-0.209288
0.382199
-0.527014
-0.692555
-0.147643
-0.661926
0.341411
-0.360650
0.536493
-0.140304
-0.540370
-0.312423
-0.459925
-0.117184
-0.017283
0.088889
0.618334
-0.788112
-0.751767
0.204727
0.705891
-0.255161
0.358566
0.869594
0.099286
0.436448
0.979382
0.467808
-0.084132
-0.005849
-0.618145
-0.676168
0.549839
0.284974
-0.278084
0.423345
0.205881
0.563417
0.387689
-0.746313
-0.356099
0.523416
0.449329
-0.491315
-0.488004
0.246256
-0.781424
-0.541476
0.077177
-0.544000
-0.359858
0.392911
0.602113
0.223798
-1.272108
-0.345190
-0.389505
0.380158
0.597246
0.363843
-0.422056
-0.050600
-0.388128
0.229564
0.032966
0.046053
0.290052
-0.003183
-0.014704
-0.224057
-0.187895
-0.069732
0.123956
-0.098277
-0.422879
0.829437
-0.228667
0.166651
1.316953
0.386562
0.247706
0.349884
0.809431
-0.041836
-0.031953
0.197605
-0.328924
0.123113
-0.175393
-0.100269
0.012749
-0.269519
-0.925627
-0.896691
-0.140060
-0.210229
-0.544397
0.107969
-0.170752
-0.559118
-0.346908
0.205541
0.758361
0.329349
-0.113178
-0.757930
0.289987
0.296774
0.360589
-0.191133
-0.601151
0.758283
0.157243
0.083634
-0.057663
-0.029955
-0.017119
0.104311
-0.076305
0.289887
-0.133490
-0.037565
0.425148
0.744922
-1.313184
1.350351
0.622870
-0.556993
-0.004639
-0.897609
0.605667
0.177801
0.020193
0.057473
0.327049
0.380262
0.513975
-1.170746
-0.493735
0.000210
-0.406744
0.185248
-0.413701
0.617519
0.429134
-0.868254
-0.581814
-0.267130
-0.082578
-0.468906
0.290390
-0.448973
0.022586
0.057838
-0.026997
0.472943
0.206851
-0.082184
0.638026
0.259977
0.063749
-0.165382
-0.441496
0.146011
0.277601
0.205621
0.108706
0.716477
0.477273
-0.464983
0.003482
0.243629
-0.032155
-0.560804
-0.688388
-0.533293
-0.248174
0.114414
0.028212
0.228431
-0.175356
0.134483
0.598606
0.196879
0.428779
0.121780
0.202042
0.164313
-0.880377
-0.287105
0.447387
-0.360828
0.457860
0.254666
-0.128653
-0.227115
-0.267011
-0.312344
0.253497
-0.489760
0.662984
0.907459
-0.610092
-0.514957
-0.416858
-0.908900
0.301828
0.365318
-0.049688
-0.035205
-0.255301
0.209250
-0.456855
-0.563010
0.201809
-0.088180
0.281594
0.732070
-0.066183
-0.157152
0.752737
0.745248
0.855976
-0.206893
-0.098771
0.606565
-0.511906
-0.680708
-0.088537
0.231467
-0.126080
-0.040213
-0.374166
-0.532301
-0.102625
0.567308
0.903929
-0.293178
0.116033
-0.323641
-0.303362
0.431364
-0.499341
-0.131150
-0.665203
-0.218468
-0.143060
0.985204
-0.628142
-0.306400
0.710196
0.029066
-0.363398
0.053340
-0.730582
-0.126997
0.752537
0.170591
-0.478363
0.486032
0.934464
1.018006
0.493478
-0.108781
-0.430507
-1.183695
-0.783575
-0.389653
0.398697
-0.192838
-0.280524
0.224206
-0.238772
0.381720
0.133618
-0.817128
-0.029290
0.228318
-0.019520
0.802521
-0.464286
0.538359
0.769868
0.127711
-0.148413
0.568144
0.340867
0.650727
-0.072243
-0.366100
-0.234017
0.075892
0.471152
-0.378548
-1.249886
-0.183062
-0.080666
0.266549
-0.504669
-0.354114
-0.309528
-0.164681
0.521168
0.601556
-0.962034
-0.404383
-0.019522
0.023895
-0.181670
0.043081
-0.173290
0.097485
0.289473
0.246624
0.223888
0.233774
-0.579724
0.488073
-0.028718
-0.377269
0.318494
0.659085
0.534976
0.611233
0.277799
0.178996
-0.827689
-0.151225
0.392579
-0.251642
-0.475762
0.361388
-0.221949
0.400241
0.408482
0.378513
-0.117568
-0.253250
-0.346982
-0.626180
-0.643677
0.299322
-0.482052
-0.226532
-0.052615
0.012149
0.358338
0.018855
-0.217695
0.276196
-0.210806
-0.405548
0.450905
0.158952
-0.297132
0.627273
0.190407
-0.129265
-0.321561
0.172775
0.138144
-0.073406
0.030269
