-0.206875
0.322690
-0.116064
0.140173
-0.042557
-0.033459
-0.311496
-0.024621
0.063128
0.373477
0.116751
-0.090107
0.111906
0.120947
-0.198442
0.139740
0.090101
-0.239352
-0.172245
-0.158387
-0.192077
-0.099434
-0.164618
0.273607
0.210613
0.035488
-0.166398
0.207864
0.169560
0.199336
0.106605
-0.110472
-0.172709
-0.223979
-0.255770
-0.336291
-0.071524
0.182003
0.224912
0.008174
0.022897
-0.058803
0.053456
-0.084105
-0.105358
0.002634
0.160351
0.298644
0.410196
0.104419
-0.090092
0.126839
-0.129676
-0.178669
0.134517
0.165936
0.101043
-0.059995
0.018440
-0.119434
-0.004211
-0.232789
-0.001667
0.002665
-0.067764
-0.232354
-0.119758
-0.162979
-0.089891
-0.075807
-0.210433
-0.046984
0.296240
-0.027430
0.148097
0.110895
0.170241
0.063759
0.058612
0.070615
0.296019
-0.057712
-0.371081
-0.210902
0.062347
0.029315
0.034989
0.021390
0.038531
0.077026
-0.270042
0.069099
0.127068
-0.069244
0.013244
-0.190591
-0.023964
-0.026698
0.179415
0.086555
0.081127
0.154671
-0.054068
-0.121694
0.109007
-0.122721
0.070593
0.278288
0.186249
0.110951
0.128654
-0.240570
0.168967
0.402191
0.339930
-0.262666
-0.440728
-0.435441
-0.422688
-0.339428
-0.174065
-0.335934
-0.314951
-0.068659
-0.183176
0.260853
0.433714
0.132620
0.185709
0.149091
0.189125
0.248226
0.306548
0.242703
-0.252910
-0.027886
-0.025466
-0.053585
-0.194937
0.026444
0.238760
-0.067980
-0.214078
-0.207422
-0.124079
-0.033439
-0.047683
-0.104274
0.204466
0.238229
0.356323
0.030067
0.095615
0.106346
0.291959
-0.074215
0.057706
-0.112664
-0.187319
0.065143
0.263483
0.083592
-0.188202
-0.392793
-0.281982
-0.239823
-0.436844
-0.137665
-0.381991
-0.293343
-0.116806
0.162938
0.289374
0.101586
0.307757
0.268197
0.101126
0.118948
0.196744
0.110690
-0.211289
0.068815
0.116108
0.190433
0.353445
0.137579
0.079180
-0.092365
-0.140613
-0.220108
0.042168
-0.010616
-0.113950
-0.234173
-0.140201
-0.176418
-0.102797
0.109911
0.293280
0.184108
0.079167
-0.215483
0.075563
-0.144930
-0.054580
-0.271578
0.159764
-0.002085
-0.125941
-0.323522
-0.100375
0.078329
0.178985
0.111815
0.209382
0.198691
0.099630
0.116502
-0.034508
0.084327
0.052440
0.032487
-0.293281
-0.344098
-0.112876
-0.158291
0.058384
0.364064
0.172673
0.264209
0.000985
-0.074422
-0.255153
-0.390296
-0.042336
0.164963
0.063212
0.072806
0.161234
0.053719
-0.125031
-0.148372
-0.101793
-0.004901
0.127118
-0.007767
0.000000
-0.060859
-0.243031
-0.203772
-0.100503
-0.007671
0.243107
0.175919
0.186971
0.126746
0.317931
0.223923
0.182079
-0.041935
0.077475
0.232574
0.117289
-0.060580
0.071572
-0.001534
-0.064580
-0.381342
-0.474320
-0.239190
-0.277226
-0.146244
-0.186535
-0.031586
-0.026677
-0.162447
-0.296626
-0.195892
-0.016549
-0.059466
0.177409
0.199602
0.228385
0.295096
0.073431
0.165037
0.110758
0.184045
0.329813
0.130857
-0.038598
0.038748
0.267235
0.179102
-0.151135
-0.162504
0.147684
0.148520
-0.247174
-0.152003
-0.022038
0.054143
0.109437
0.098101
-0.267057
0.120349
0.056517
-0.247922
-0.092578
-0.201593
-0.418706
-0.265749
-0.178552
0.088479
0.089497
-0.070062
-0.221214
-0.138844
-0.135547
-0.099958
0.072958
0.131976
0.301509
0.340047
0.273928
0.450273
0.287864
0.085693
-0.418174
-0.351030
0.084564
0.191482
-0.130805
0.155646
0.063733
-0.060901
0.072435
0.345757
0.166704
0.058140
0.017278
-0.416753
-0.241874
-0.203257
-0.223513
-0.228434
-0.093981
0.046189
0.095137
-0.039613
0.180355
0.272374
0.113858
0.024643
0.083768
0.088027
-0.073463
-0.098398
-0.204073
-0.056324
0.172883
-0.003698
0.033927
-0.031042
-0.236529
-0.029925
-0.155127
-0.138474
0.045608
-0.488234
-0.067256
0.451336
0.547294
0.276605
-0.046224
0.014938
-0.174719
-0.215064
-0.130547
0.029948
0.094842
0.206989
0.158110
-0.018043
0.031175
0.108284
-0.031643
-0.198801
-0.103749
-0.033598
-0.032006
-0.092585
-0.209931
-0.248447
-0.004841
0.155669
0.176309
-0.017964
0.117703
0.214686
0.350459
0.148936
-0.115014
-0.095130
-0.111575
-0.101537
-0.188013
-0.187303
-0.027840
-0.165509
0.290511
0.221234
-0.057914
-0.076276
0.108565
0.338412
0.167111
0.011810
0.100252
-0.099161
-0.438463
-0.213192
0.042436
0.266985
0.206984
-0.303964
-0.233413
-0.075113
0.125570
0.155345
-0.029406
-0.242585
-0.013702
0.048029
0.150554
0.078722
-0.070033
-0.087577
-0.140864
0.086204
0.008798
0.133467
0.051850
-0.126101
-0.226559
-0.271728
-0.221021
-0.272368
0.422841
0.332872
0.299426
0.295721
0.034199
0.178288
0.087934
-0.427709
-0.184866
-0.251321
0.010972
0.251216
0.085228
-0.124914
0.036038
-0.052430
0.070557
-0.081318
-0.138123
-0.126562
0.162685
0.207231
0.131703
0.288336
0.065972
-0.245097
-0.094716
0.036443
0.028200
0.048618
-0.268373
0.086252
-0.165966
0.019078
0.200574
-0.030401
0.026739
-0.063889
0.227119
0.300679
-0.115937
-0.273944
-0.104204
-0.214448
-0.037442
0.051748
-0.092730
-0.021453
0.032255
-0.333180
-0.045133
-0.276124
-0.134977
0.084858
-0.088422
0.013087
0.105308
0.234254
0.344289
-0.012149
0.061718
0.052606
-0.189454
0.021131
-0.002528
0.377366
0.430687
0.166739
0.335734
0.175003
-0.105463
-0.417928
-0.140185
0.278645
0.104332
-0.121659
-0.266439
-0.185370
-0.226827
0.040415
0.320648
0.141107
-0.141937
-0.090507
-0.294943
-0.204221
-0.059588
-0.330361
-0.637872
-0.185528
-0.132029
0.080840
0.354786
0.171253
0.299232
0.268197
0.231092
0.317979
0.227053
0.323069
0.231323
-0.211021
-0.291998
-0.275524
-0.268808
-0.059384
-0.193805
0.012301
0.150240
-0.233134
-0.209194
-0.002376
0.032799
0.074798
0.082351
-0.030785
0.011079
0.321097
-0.045627
-0.022966
0.143690
0.188034
0.078081
0.058981
0.433540
0.121582
-0.016304
-0.193510
-0.163561
0.072709
0.355601
0.235304
0.120394
-0.132346
-0.367020
-0.264576
-0.195570
-0.633457
-0.327910
-0.158892
-0.309050
-0.142943
0.000993
-0.012802
-0.103689
0.061662
0.079462
0.072555
0.124065
0.128992
0.337857
0.186806
0.186276
0.165047
0.129393
0.370117
0.592727
-0.021129
0.102779
0.066968
0.146120
-0.162067
-0.193812
-0.188917
-0.341522
-0.140367
-0.384926
-0.448178
0.269155
-0.087406
-0.347091
-0.444995
-0.283305
0.039873
0.098108
0.361212
0.481001
0.283192
0.268604
0.028144
0.261657
0.272184
0.092418
0.060340
-0.013567
-0.045834
-0.303926
0.132939
0.057811
0.167063
-0.190891
-0.263937
-0.345137
-0.361660
-0.236165
-0.293247
-0.181428
-0.039090
-0.019543
0.085805
0.152105
0.089085
0.153110
0.389659
0.048686
0.346097
0.200620
-0.289269
-0.199823
-0.011159
0.032359
0.131063
0.048714
0.110364
0.063661
0.241710
0.244933
-0.290811
-0.125168
-0.217175
-0.283208
0.186029
0.010139
-0.260665
-0.077470
-0.051212
0.193154
0.163796
0.030753
0.260094
0.069760
-0.100922
-0.043827
-0.168334
-0.222382
-0.060590
0.036651
-0.175214
0.052327
0.219471
0.081569
0.005353
0.119212
0.018414
0.026632
0.042162
-0.340474
-0.228323
-0.201724
0.025099
0.111042
0.132451
0.473604
0.687603
0.440083
0.010070
-0.131935
-0.227190
-0.333032
-0.578809
-0.369423
-0.386874
-0.397304
-0.214547
-0.043423
0.031687
0.039366
0.118784
0.124082
0.125613
0.330620
0.037684
-0.005247
0.303520
0.373452
0.306797
0.332407
0.534312
-0.159369
-0.112877
0.275709
0.349925
0.193068
-0.349219
-0.703346
-0.372840
-0.025883
-0.261901
-0.152050
-0.120829
-0.290059
-0.193012
0.084109
0.070326
-0.274290
-0.037076
0.065770
0.045032
0.185551
0.139937
0.324209
0.181377
-0.167685
-0.110221
0.560049
0.204089
-0.185360
-0.077803
-0.082500
-0.116440
-0.081516
-0.338021
-0.153416
-0.014069
-0.141372
-0.082528
0.062009
0.071895
0.122959
0.098635
-0.066554
0.062333
0.015924
0.210442
0.167084
0.032646
0.034364
0.023510
0.065074
0.008541
-0.135197
0.006287
0.078486
0.167006
0.147788
0.101250
0.107245
-0.162342
0.036030
-0.074071
-0.319538
-0.037986
0.111885
-0.080958
-0.479903
-0.481838
-0.117257
-0.322138
-0.242395
0.134094
0.321218
0.116749
0.340033
0.291199
-0.131525
0.038095
0.194440
0.111834
-0.045640
-0.178134
0.163288
0.334693
0.260843
0.155637
0.096505
-0.205306
0.348084
0.309131
0.301926
-0.243999
-0.447595
-0.264929
-0.339021
-0.261962
-0.322126
-0.360063
-0.089871
0.120359
0.187689
-0.196192
0.079738
0.164864
0.054618
-0.137642
0.046461
0.179929
0.273285
-0.294063
-0.132202
-0.134575
0.203881
0.259231
0.213594
0.189157
0.456682
0.068774
-0.165240
-0.188158
-0.255396
-0.206594
-0.043781
0.117981
-0.152713
-0.172686
0.123805
0.167866
-0.060606
0.224583
0.028562
-0.064527
-0.294188
-0.125049
-0.015953
-0.095178
0.110467
0.070225
0.046270
-0.143515
-0.050813
0.222779
0.377234
0.144296
0.171103
-0.073197
0.051072
-0.158878
0.003925
-0.132871
-0.054842
-0.226345
-0.010842
-0.151757
-0.426977
-0.086671
0.018736
-0.088051
0.107715
0.228078
0.193556
0.153289
0.105048
-0.250855
0.266012
0.338545
0.112764
-0.210333
-0.045425
-0.069179
-0.025020
0.039115
0.267108
0.305259
-0.088973
0.062886
-0.302978
-0.428862
-0.389639
-0.083003
0.015337
-0.311474
0.013199
0.069361
0.220631
-0.124050
-0.176446
0.026101
0.135098
0.132729
0.315161
0.167278
-0.076681
0.370675
0.355087
0.145563
0.109912
0.054279
-0.254181
-0.349459
-0.305293
-0.004800
0.026275
0.264210
0.205858
0.043788
0.255973
0.229169
-0.024628
-0.597742
-0.387702
-0.499763
-0.392729
-0.159683
0.140482
-0.034850
-0.421599
0.023851
0.046841
0.089522
0.179105
-0.090460
-0.168831
0.413101
0.587054
0.202072
0.237291
0.318303
0.093361
0.006252
0.161177
0.148954
0.089352
-0.096648
-0.092342
0.059669
-0.035560
-0.394542
-0.289394
0.014846
0.088319
0.154436
0.046372
-0.010683
-0.136244
-0.235659
-0.126476
-0.229399
-0.017025
-0.132455
-0.286043
0.059416
-0.118715
-0.123851
-0.237367
-0.127553
0.068607
0.343239
0.028835
0.360724
0.299753
0.073628
-0.006165
0.057069
0.250978
-0.075785
0.010420
0.139769
-0.115852
0.284173
0.109919
-0.082092
0.080270
0.059580
0.268004
-0.013665
-0.546144
-0.313927
-0.222123
0.146411
0.317244
-0.028852
-0.351235
0.078076
0.134657
-0.008103
0.082408
-0.388265
-0.233682
0.130971
0.000000
0.000000
-0.067759
-0.096178
-0.114106
-0.203333
-0.346115
-0.026748
0.371006
0.253529
0.105337
0.230181
0.177418
0.220207
0.009150
0.050354
0.198626
0.281641
0.384807
-0.221895
-0.009051
-0.132853
-0.154353
0.076026
-0.280638
-0.019791
0.059990
0.013765
-0.350797
-0.510707
0.161598
0.055843
-0.193340
-0.195920
-0.172078
0.018054
0.081063
-0.235813
-0.134692
-0.161004
0.254946
-0.015424
-0.117729
0.248848
0.322884
0.104397
0.307288
0.174372
0.147946
0.527397
0.476998
-0.009489
0.332309
0.242590
0.000988
-0.299865
-0.364877
-0.236213
-0.587474
-0.384148
-0.162244
0.086870
-0.094945
-0.433863
-0.135432
-0.116375
-0.024570
-0.216233
0.024155
0.336557
0.429767
0.021543
-0.492396
0.070435
0.292134
0.120779
0.022592
-0.015463
0.204182
0.105969
-0.008064
-0.110729
0.002388
0.097481
-0.084085
0.124538
0.179302
0.251076
0.181392
0.354772
0.264126
0.327132
0.178769
-0.129196
-0.489042
-0.348086
-0.380018
-0.292146
0.011259
-0.365221
-0.558305
-0.341145
-0.124996
-0.115038
0.061665
0.123518
0.139571
0.064701
0.188932
0.342541
0.211210
0.225327
0.076296
0.334477
0.332136
0.065389
0.061089
-0.260763
-0.088418
-0.171977
-0.317648
-0.171893
0.163458
