-0.029882
-0.003778
-0.258459
0.000642
-0.037642
0.135311
0.252586
0.076258
-0.038743
0.151527
-0.141011
-0.089066
0.078956
0.090372
-0.018955
-0.061764
-0.140832
0.222677
0.064421
-0.202811
-0.214766
-0.041096
0.062483
0.084220
-0.006069
0.249456
-0.200859
-0.057887
0.287068
0.241249
0.112884
-0.169026
-0.209007
-0.412132
-0.149468
0.260902
0.004246
0.231599
-0.100464
-0.103564
0.116993
-0.269357
-0.079691
-0.052372
-0.052721
-0.046736
-0.101089
0.001993
0.102998
0.312488
0.133463
0.062726
-0.083220
0.094011
0.230656
-0.015955
-0.095469
0.261040
0.172009
-0.013725
-0.336531
0.050708
-0.061212
-0.111093
-0.027230
0.016688
0.007276
-0.050069
-0.004897
0.006070
0.053442
0.039519
0.025385
-0.198857
-0.196607
0.110366
0.097438
0.159209
0.030282
-0.132697
-0.403285
-0.108994
-0.199228
-0.018801
0.114500
-0.007407
-0.054445
-0.008227
0.063913
0.036625
0.077409
0.276428
0.109496
0.309589
0.044120
-0.000107
0.200452
0.211631
-0.196087
-0.019703
-0.016789
-0.024318
-0.014393
-0.088687
-0.078559
0.011246
-0.297012
-0.041174
0.238189
-0.145791
0.027898
-0.130988
-0.190904
0.030935
-0.235905
0.313132
0.167631
0.135657
-0.070958
-0.006553
-0.122057
-0.152952
0.074767
0.001565
0.119036
-0.068110
-0.287703
-0.008292
0.049180
-0.035826
0.054359
0.104123
0.173612
0.175518
-0.233338
0.112826
0.214158
-0.075935
-0.206380
0.079786
-0.230368
-0.059474
-0.090146
-0.048557
0.240590
0.161500
-0.036806
0.113340
0.114547
0.019809
0.241582
0.025625
-0.004244
-0.022959
-0.258539
-0.035427
0.029737
0.093998
0.040300
0.307778
-0.251868
-0.222005
-0.266794
0.004769
-0.273433
-0.007158
0.271947
-0.284111
-0.281883
-0.075069
-0.106487
0.182590
0.177514
0.317829
0.266380
0.090439
0.012518
0.028975
-0.103479
-0.152825
-0.108596
-0.152099
0.019147
0.052199
0.279377
-0.012650
0.050447
0.085321
0.193057
0.061907
-0.152536
0.078477
-0.084990
-0.143496
0.072951
0.070733
-0.230169
-0.068874
-0.125472
-0.247955
0.216491
0.029618
-0.086098
0.193384
0.150931
-0.363842
-0.007430
0.076150
-0.047116
0.126386
0.192541
0.010568
0.266017
-0.014274
0.029401
-0.095449
-0.061083
-0.030487
-0.019631
-0.065902
-0.051076
-0.058046
-0.061181
-0.009604
0.011575
-0.195477
-0.129974
-0.014165
0.067899
-0.168963
-0.024469
-0.084550
0.033218
0.220114
0.024704
0.047769
0.292225
0.035045
0.043135
0.272848
0.183561
-0.123189
0.078513
0.004805
-0.044689
-0.118954
0.000000
-0.259783
-0.028176
0.016699
-0.004929
-0.003772
-0.029101
0.009319
-0.149784
-0.151671
0.043427
0.128498
0.446866
-0.023277
0.070528
-0.068295
-0.228172
-0.137669
-0.147656
-0.029567
-0.161026
0.066135
-0.288498
-0.093086
0.042461
0.024799
0.151820
0.128121
0.124148
0.173113
0.249666
0.066237
-0.032682
0.110519
0.079082
-0.208028
-0.032080
0.101277
-0.030397
-0.159448
-0.182769
0.071147
-0.037203
-0.041824
0.010500
-0.083594
0.116757
-0.170400
0.049235
0.163529
0.021858
0.019034
0.076841
-0.146905
-0.164062
0.151437
0.175552
0.146735
-0.149909
0.030144
0.265949
0.072257
-0.091915
-0.135803
0.085426
0.028754
-0.174603
-0.115638
-0.237615
0.149551
-0.089725
-0.406703
-0.288055
-0.134012
-0.000576
0.133291
0.194666
-0.129059
0.209261
-0.108657
-0.079792
0.248633
0.370318
0.268331
-0.117346
0.183184
0.324781
0.297384
0.269128
0.037880
-0.040566
-0.166369
-0.241183
-0.349069
-0.314817
-0.042672
-0.151736
0.128939
-0.286348
-0.146876
0.186344
0.004848
0.007025
-0.233673
0.044454
0.147412
-0.082368
0.065149
-0.173722
-0.164273
0.028148
0.128977
0.222978
0.150415
0.235938
0.102877
-0.162085
-0.073392
0.209747
0.241985
0.063148
-0.062431
-0.097025
-0.414143
-0.041477
-0.048659
-0.045157
0.159619
0.146978
0.172356
0.060529
-0.185488
-0.234303
0.055570
0.161576
0.002649
-0.271008
-0.242039
0.154836
-0.088896
-0.031418
0.077957
0.347579
-0.118258
-0.052710
0.192844
-0.331624
-0.002831
-0.197965
0.146019
0.108702
-0.060836
0.114857
0.165036
0.009409
0.049563
-0.050918
-0.101839
0.114914
0.114923
-0.177158
0.049830
0.291587
0.208647
-0.151851
-0.210444
0.237476
-0.254062
-0.231293
-0.117728
-0.077947
-0.110941
0.237528
0.026613
-0.264683
0.154448
0.102547
-0.087562
0.157674
-0.140796
-0.229681
0.136461
-0.111973
0.296361
0.124754
-0.074972
0.041531
-0.077380
0.054745
0.015561
0.140181
-0.196899
0.028754
-0.006675
-0.319584
0.080702
0.085776
0.159428
0.118389
0.182082
0.323314
-0.116913
-0.053422
0.224774
-0.299792
-0.002358
-0.063660
-0.077916
-0.275263
-0.321682
-0.109762
-0.168994
0.064110
-0.080446
0.066862
0.148527
0.046102
0.175058
0.017122
0.275031
0.018322
0.261839
0.027073
-0.273675
0.002332
0.014055
0.430560
-0.150412
-0.108254
-0.013809
-0.368482
-0.194507
-0.036833
0.046586
0.149188
-0.034384
0.216307
0.048029
0.035187
-0.197348
-0.055184
0.067992
-0.074808
0.123002
0.124236
0.196772
0.042880
-0.140198
-0.319719
-0.119331
-0.008532
0.031782
0.004405
0.226427
-0.191820
-0.016353
0.139766
-0.050701
0.050096
0.003428
0.085576
0.029191
-0.145392
0.111394
-0.086082
-0.115351
0.103816
-0.273940
0.092677
0.035407
0.249822
-0.012399
-0.051860
0.119586
0.055602
0.356596
-0.177491
-0.044465
0.150715
-0.203399
-0.050125
0.311393
-0.325061
-0.428319
-0.107418
0.049250
-0.246430
0.120608
0.245251
0.158906
-0.200519
-0.051950
0.083610
-0.190165
0.166560
0.151291
-0.141887
0.254173
0.004051
0.037529
0.114411
-0.041241
-0.076085
0.098153
-0.130535
-0.019741
0.045957
-0.069692
-0.070960
-0.130636
0.004476
0.117116
-0.070577
-0.140133
-0.067819
0.106811
0.314128
0.045196
0.081213
-0.048518
0.191786
-0.012453
0.097342
-0.054905
0.030286
-0.409573
0.211559
0.114665
-0.105821
0.004889
-0.013334
-0.280616
0.073963
-0.131171
-0.130981
0.088562
0.100233
-0.054383
-0.084500
-0.066779
0.100491
-0.180072
-0.142104
0.086721
-0.136369
-0.286122
-0.158378
0.301140
0.383277
0.053154
-0.158989
0.258680
0.273471
0.096958
0.012070
0.061341
0.046848
-0.049478
0.097712
0.246062
0.340211
-0.078494
-0.006601
0.000008
0.141519
0.019336
-0.256339
-0.371146
-0.297082
-0.184433
-0.207745
-0.128673
-0.255866
-0.025554
0.146272
-0.392483
0.040077
0.147324
0.148208
0.123307
0.309141
-0.055832
0.039861
-0.191823
0.136059
0.028352
0.044882
0.014170
0.082904
-0.039839
-0.101611
-0.078180
0.188661
0.163069
0.229957
-0.166002
0.085211
-0.159208
0.305756
0.020473
-0.114182
0.089548
-0.180035
0.078723
0.218589
0.011916
-0.023387
0.071685
0.032986
-0.099618
-0.330753
-0.268638
0.097929
0.019848
-0.066886
-0.034696
-0.198224
-0.027775
-0.027223
0.119412
0.136405
-0.176617
0.068851
-0.155429
-0.075307
0.078854
0.084107
-0.331689
0.213608
-0.036436
0.042771
0.166960
-0.013517
0.022783
0.101018
0.287459
0.147879
-0.088244
0.081776
-0.026084
-0.004705
-0.144579
0.127064
-0.001181
0.186187
0.037368
-0.353875
0.023878
-0.132292
0.243559
-0.011046
0.097127
-0.086754
-0.262767
-0.008398
0.127703
0.007944
-0.491932
0.152364
0.038894
-0.063934
0.111303
-0.063765
-0.094762
0.152114
0.221062
-0.096638
-0.241881
-0.078173
-0.179714
-0.102718
0.204616
0.083603
-0.075939
-0.053965
0.206607
0.304311
0.338054
0.046749
0.192102
-0.256588
-0.159644
0.146524
-0.173566
-0.016156
0.074849
-0.121805
-0.152995
0.125729
-0.156996
-0.253022
0.209897
0.284120
0.022148
-0.011409
-0.166383
-0.141004
0.215231
-0.002569
-0.228809
-0.217992
0.045133
-0.057735
0.175913
0.166149
-0.335252
-0.036373
0.248842
-0.099814
-0.009684
-0.064038
-0.329004
0.135112
0.121760
0.191295
0.291451
0.249932
0.128286
-0.058476
-0.043855
0.323167
-0.101153
-0.079027
-0.265767
0.025454
0.054699
0.171606
-0.077363
-0.058458
-0.319362
0.193793
0.032841
-0.153373
-0.526920
-0.013064
-0.195222
0.119678
0.028643
0.042004
0.190477
0.156370
0.228739
-0.419402
-0.124477
0.365236
-0.179501
-0.106173
-0.052874
-0.213374
-0.138584
0.141511
0.153367
0.130277
0.039288
0.173256
0.062459
0.032068
0.295000
0.150844
0.024585
-0.031065
0.016430
0.151871
-0.033707
0.162449
-0.144835
-0.019484
-0.254423
0.098069
-0.051786
0.030187
-0.080041
-0.323524
-0.038676
-0.109963
-0.212771
0.101494
-0.082217
-0.396949
-0.187522
0.136626
0.171130
0.187179
-0.127779
0.159398
0.100540
0.076540
0.127537
0.056380
-0.077134
-0.311370
0.255842
0.378813
-0.018662
0.283080
0.034129
-0.267083
-0.189267
-0.047542
0.182517
-0.219546
0.181426
-0.065192
-0.245205
0.219006
0.097025
0.102087
0.017643
0.072304
0.111573
-0.115292
0.013191
-0.158758
0.008253
-0.131802
-0.020562
0.100869
0.045230
0.037093
-0.094812
-0.593084
-0.154295
0.079911
-0.104650
0.048402
0.091308
-0.107124
-0.092691
-0.129659
-0.018254
0.086337
0.135880
0.278059
0.337928
0.037569
-0.156622
0.242663
0.364411
0.308424
0.183472
0.264021
0.124268
-0.085651
-0.410624
-0.437115
-0.064593
-0.087066
0.101242
-0.415719
-0.083199
-0.480899
-0.148670
-0.096151
0.282240
0.054510
0.292800
-0.379862
0.262706
0.039475
0.037047
0.071220
0.076363
0.248035
-0.274610
-0.098004
-0.089758
-0.075419
-0.023446
-0.155823
0.088287
-0.017586
0.384364
0.497888
0.012552
0.104871
-0.015592
-0.062341
-0.024606
0.092071
0.228220
-0.140413
0.118341
-0.071827
-0.152392
-0.153334
-0.147000
-0.172103
-0.202732
-0.351477
0.027769
0.177957
-0.101729
-0.057152
-0.033325
0.184215
0.252140
0.093232
0.015085
-0.042831
0.072101
0.110912
-0.324007
0.019284
-0.083622
-0.084978
-0.126282
-0.285446
0.220305
0.305331
0.148757
0.409713
0.130789
-0.008282
-0.217333
0.071490
0.041905
0.141826
-0.230049
-0.026072
-0.218581
-0.110829
-0.053622
0.140768
-0.004885
0.008188
0.311158
-0.309873
-0.012174
0.071784
-0.052695
-0.107820
-0.000243
0.001513
0.007427
0.026820
-0.109013
-0.137626
-0.112740
0.025084
0.187266
0.122673
0.103648
0.078250
-0.123872
0.059241
-0.039301
-0.294656
0.167213
0.419860
-0.135189
-0.024337
0.272941
-0.212136
-0.038254
0.191217
-0.389984
-0.049395
-0.171942
0.323012
-0.165072
0.070737
-0.094680
-0.377478
0.071550
0.058388
-0.052423
0.320652
0.171610
-0.094104
0.104204
0.000000
0.000000
0.278322
-0.235187
-0.015518
0.031945
0.056438
-0.069592
-0.182086
-0.302551
-0.153264
0.561448
0.116276
-0.004477
0.309442
-0.195557
0.074616
-0.111625
-0.087012
-0.184835
0.210392
0.452752
-0.132353
0.150063
-0.410474
-0.147558
-0.013852
-0.134677
-0.255907
0.008059
-0.443649
-0.186327
0.143437
-0.009192
-0.003957
0.163349
-0.015130
-0.147873
0.154612
-0.009071
-0.010966
0.241939
0.261127
0.319609
0.401257
0.274893
-0.309318
0.060026
0.316480
-0.047569
0.148882
0.005294
-0.025460
0.118962
0.123864
-0.303829
-0.072558
-0.254754
-0.214875
-0.343154
-0.145482
-0.301042
-0.257279
-0.071538
-0.024412
0.181455
-0.304870
-0.051551
-0.145229
-0.043839
0.227891
0.049646
-0.267510
0.277935
0.038534
0.224874
0.344758
0.341988
0.112362
0.121040
0.339441
-0.006439
0.238187
0.053796
-0.135594
-0.220228
0.244236
0.033525
0.000896
-0.475796
-0.402612
0.224357
-0.151122
0.093911
-0.215739
-0.180380
-0.136810
0.018828
0.187340
0.003900
-0.291456
-0.177835
0.273578
0.040116
0.077559
0.326981
0.121606
-0.011779
-0.141280
-0.107718
0.034505
-0.097718
-0.219643
0.172784
0.134499
0.023140
0.253313
-0.031530
-0.275037
-0.009455
0.080754
-0.243325
0.211053
