-0.069652
-0.126844
-0.223157
0.209302
0.215866
-0.021357
0.008240
0.116401
0.262144
0.074347
0.142224
0.022973
-0.086339
0.221316
-0.209803
0.050966
-0.162246
-0.421926
-0.192034
-0.305739
-0.304405
-0.208095
0.098728
0.330550
0.090463
0.153461
0.231660
0.032619
0.184780
0.199931
0.026648
0.196143
0.062863
-0.210186
-0.262877
-0.314266
0.074554
-0.059143
-0.061826
0.070603
-0.108773
-0.626876
0.023965
0.060714
0.153720
0.113457
0.054986
0.371982
0.303184
0.000949
0.080502
0.555266
-0.052291
-0.353656
-0.082010
0.390823
-0.112736
0.028580
-0.050789
-0.166039
0.029572
-0.175873
0.065608
-0.302768
0.226949
0.049469
-0.019736
-0.064478
-0.291646
-0.072045
-0.325582
-0.198558
-0.274955
-0.073988
0.177644
0.105755
-0.018411
0.344320
-0.277086
0.297225
0.472507
0.458705
0.036191
-0.182351
-0.227487
0.052978
-0.114549
-0.210241
-0.190693
0.133443
-0.301179
0.256850
0.140542
0.053264
0.115189
0.088733
0.150951
-0.174614
0.101989
0.097037
-0.306630
-0.107192
-0.278530
-0.145610
0.330762
0.473055
-0.353424
0.291285
0.602561
-0.153739
-0.022404
-0.374260
0.278116
0.318830
0.108039
-0.112820
-0.549295
-0.517813
-0.657017
-0.376643
0.000218
-0.223365
-0.448215
0.365796
0.262729
0.591070
0.147296
-0.141195
0.243498
0.131353
-0.030149
0.267236
0.218701
0.481993
-0.164038
-0.201463
0.267348
0.574256
0.161191
0.088321
0.176706
0.038413
-0.276269
-0.488622
-0.237089
-0.561756
-0.442807
-0.401062
-0.357262
-0.311912
-0.021453
-0.084715
0.108913
0.171323
0.303823
0.343998
0.174539
0.074415
0.007540
0.423265
0.506871
0.433549
0.192599
-0.149041
0.114186
-0.248212
-0.441962
0.139538
-0.143474
-0.013301
-0.289951
-0.210132
-0.079935
-0.338724
-0.103184
0.007516
0.124066
0.104810
-0.043720
0.009414
0.137757
0.170115
0.152667
-0.123152
0.253925
0.037550
-0.149958
-0.333264
0.200725
0.013396
-0.001298
0.138305
0.185995
-0.023200
-0.345647
-0.357022
-0.203215
0.112262
0.446594
-0.032478
-0.110300
0.041127
0.157888
-0.032900
0.429126
0.350800
-0.060406
-0.148713
-0.265957
-0.055063
-0.396579
-0.058282
0.180234
-0.291621
-0.099917
0.013949
0.105543
0.003769
-0.173759
0.235947
0.335390
0.034839
0.013372
-0.298550
0.331598
0.114118
0.303864
0.054485
0.265762
0.249329
0.197552
-0.099979
-0.317164
-0.617741
-0.259022
-0.439161
-0.287057
-0.038207
-0.136871
0.082515
-0.283895
-0.203577
0.030325
0.019261
0.412932
0.238085
0.000000
0.127071
0.181993
0.180086
0.212539
-0.117267
-0.305507
0.223579
-0.048021
0.208717
0.534473
0.099287
0.105293
-0.090265
0.176741
0.080159
0.066649
-0.214682
-0.096814
0.253924
0.062439
0.384525
-0.260035
-0.641693
-0.289352
-0.213928
0.035486
-0.084492
-0.144480
-0.526619
-0.353568
-0.240241
-0.394768
-0.224899
0.209596
0.132183
0.128800
0.090959
-0.096253
0.230972
0.496586
0.389240
0.254163
0.152372
-0.095518
0.222383
0.357070
0.306234
-0.023874
0.148360
0.383739
-0.104869
-0.297847
-0.170625
-0.087762
0.296797
-0.160037
0.048896
-0.201155
-0.238651
0.223466
-0.418890
-0.767158
-0.366267
-0.020954
0.073760
0.650247
0.339206
-0.001265
-0.039486
-0.417542
-0.570488
-0.294529
0.031053
0.182778
-0.096872
0.176676
0.362148
0.258498
0.250147
0.319419
0.036525
-0.127407
-0.055508
0.066318
-0.252155
-0.010037
-0.060963
-0.150841
-0.152257
0.148076
0.138681
-0.062518
0.292981
0.088548
-0.038714
0.055430
-0.024807
0.227567
-0.096462
-0.348975
0.029113
-0.204522
0.106780
0.191023
0.205718
-0.117020
-0.087243
0.248410
-0.143061
0.082616
-0.189674
-0.130799
-0.444562
0.119454
0.294403
0.038499
0.012995
0.285998
-0.111983
0.124533
-0.069795
-0.354715
-0.620579
-0.159707
0.442132
0.347116
0.070839
-0.254827
-0.215597
-0.394492
-0.166097
-0.174397
0.225848
0.416496
0.731779
0.623626
-0.043438
-0.121331
0.049028
-0.119948
-0.184741
-0.093185
-0.293819
-0.127436
-0.003890
0.034779
0.025872
-0.385543
-0.084837
0.093551
-0.126597
0.039850
0.154824
0.254025
0.058891
0.175087
0.250666
0.344889
0.040290
0.103299
0.019073
-0.145539
-0.409143
-0.178302
-0.167116
-0.200266
-0.019636
-0.119591
0.084597
0.167352
-0.162912
0.180699
0.444527
-0.250138
-0.072323
0.352009
0.276894
0.242380
-0.387630
-0.278271
0.131231
0.115924
-0.079228
-0.030360
-0.430213
-0.245026
-0.145222
0.024429
-0.077934
0.001293
-0.067195
-0.453724
0.312831
0.067163
-0.085443
0.390011
-0.070262
-0.078063
-0.446497
0.064675
0.069957
0.237890
0.594007
0.313110
0.176601
-0.009957
0.033462
0.414368
0.002771
0.095572
-0.185323
-0.053176
0.175337
-0.000979
-0.202967
-0.076593
-0.036654
-0.370478
-0.102683
-0.178530
-0.314844
-0.151667
-0.097168
0.113515
0.403192
0.335808
-0.472893
-0.302495
-0.167437
-0.440948
-0.011836
-0.024376
0.045371
0.137903
0.088019
0.287416
0.453920
-0.059069
0.100926
0.044937
0.631872
0.248369
-0.171544
-0.032015
-0.000041
-0.121509
0.101383
0.050620
0.210825
0.133811
-0.047184
-0.063288
-0.316636
-0.541484
-0.279672
-0.511692
-0.435498
0.190530
0.186563
0.137316
-0.040120
-0.278457
0.319516
-0.164997
0.038541
0.260126
0.037186
0.327460
-0.025402
0.140826
0.369951
0.174419
0.114745
-0.026236
-0.037427
0.004255
0.112217
-0.224322
-0.206107
-0.113325
-0.159338
0.072463
0.127029
0.550306
0.747582
-0.063426
-0.350843
-0.590258
-0.150156
-0.643770
-0.362479
-0.123619
-0.183886
-0.154467
-0.177133
0.284657
0.370206
0.182515
0.367588
0.355984
0.035985
0.329566
-0.042637
-0.350722
-0.197264
-0.260713
-0.149698
-0.052478
0.177071
0.011790
-0.225953
-0.252850
0.018742
-0.014814
0.272066
0.110963
0.475881
-0.109191
0.154909
0.030270
-0.270631
0.146880
0.306796
0.462588
-0.183732
0.189316
0.154884
-0.165015
-0.271536
0.043685
-0.084399
0.430646
0.044707
0.480841
0.064768
-0.415901
-0.563065
-0.091985
-0.397651
-0.515489
-0.315672
-0.203646
-0.056723
0.023571
-0.328889
-0.333242
0.031454
0.278115
0.038573
0.112599
-0.129988
-0.086519
0.052560
0.274972
0.218887
0.394049
0.413311
0.495908
0.204690
0.048247
0.313092
0.034949
0.214704
0.259620
0.112451
-0.341834
0.015433
-0.037578
-0.285372
0.039456
-0.196259
-0.478810
-0.339639
-0.124747
-0.470204
-0.258406
0.016785
0.334976
0.126165
0.024578
0.025219
0.019120
0.153413
0.170560
0.038295
0.036047
-0.002469
0.258858
-0.198301
-0.119081
0.039084
-0.125119
-0.042380
-0.303054
-0.365288
0.246008
0.262490
0.288934
-0.225326
-0.340751
0.139625
-0.267748
-0.057753
-0.237519
0.434571
0.652622
0.086031
0.006748
-0.428236
-0.333136
0.067476
-0.084054
0.255070
0.235711
0.197107
0.296661
0.387783
0.276899
-0.085253
0.073584
-0.057758
0.207677
0.141279
-0.095237
-0.587584
-0.075040
-0.556465
0.080613
0.136322
-0.227956
0.189237
-0.196379
-0.289139
-0.147008
-0.310640
0.057569
0.044173
-0.008601
-0.429665
-0.166518
0.068560
0.251289
0.121482
-0.165629
-0.191033
-0.133961
0.235923
0.147945
0.640195
-0.015685
0.176004
0.352595
0.170594
0.902297
0.476248
0.059638
-0.170342
-0.229721
-0.050824
-0.294008
-0.325156
-0.585236
-0.011069
-0.392497
0.103477
-0.274243
-0.405053
-0.014646
0.099331
-0.249640
-0.166590
-0.027621
0.068157
0.024015
-0.051951
0.420144
0.181532
0.224667
0.909370
0.105435
-0.040569
0.051942
0.205218
0.039909
0.074730
-0.420449
-0.451603
0.014662
0.062647
0.181597
-0.162250
-0.235612
-0.179751
-0.280906
0.154783
-0.108727
-0.290552
-0.269848
-0.320783
0.392156
0.723498
0.470828
0.053035
-0.444294
-0.396109
-0.027090
0.177479
-0.334098
0.063428
0.262040
0.650142
0.262328
-0.374606
-0.077444
0.188528
0.061106
-0.345230
0.005402
0.128187
-0.220706
0.027411
-0.395381
-0.361315
0.009057
0.219369
-0.000159
0.053377
-0.001548
-0.215200
-0.003895
0.237961
0.353832
0.367491
0.372559
-0.061007
0.290165
0.083406
0.236255
-0.159976
0.239960
0.102187
-0.375859
-0.008198
-0.216631
-0.026918
-0.590500
-0.503694
-0.179237
-0.346375
-0.045649
-0.246036
0.168309
-0.221179
0.227920
0.465034
0.026253
0.008522
0.227842
0.378788
-0.404253
-0.080073
-0.096067
-0.493315
0.210826
-0.018722
0.162632
-0.073310
0.378928
0.482384
0.135822
0.023898
-0.104913
0.039155
-0.001282
0.246053
0.233763
-0.151938
-0.035990
-0.145969
0.079365
-0.422521
-0.146886
0.160720
0.128728
0.131022
0.194049
-0.064198
0.203565
-0.470275
-0.241541
-0.076384
0.274624
-0.053979
-0.165671
-0.269743
0.303508
0.053898
-0.165026
-0.135444
-0.242334
-0.002186
0.008708
0.121802
0.022632
-0.121898
-0.068950
0.168902
-0.109447
0.052843
0.043179
-0.239690
0.119328
0.075188
0.266765
0.051776
-0.086840
0.012489
-0.063879
0.005630
0.014340
-0.225788
0.287689
0.188481
0.002389
-0.037377
0.316943
0.344093
0.243408
0.507404
-0.159304
-0.425737
-0.848302
-0.030772
0.029674
0.091159
0.291523
-0.208665
0.084312
0.201192
0.488390
0.082044
-0.337459
-0.231788
-0.172918
-0.248019
-0.674204
-0.529245
-0.043227
0.106045
0.018076
0.275119
0.339028
0.423577
0.084282
-0.191507
0.225633
0.141276
-0.644664
-0.271892
0.089763
-0.155294
0.012974
-0.424358
0.397557
-0.074731
0.382195
0.216402
0.222773
0.047035
0.367946
-0.222309
0.297143
0.616428
0.378709
0.419938
0.074434
-0.245095
-0.672238
-0.684632
-0.319029
0.045007
-0.012969
-0.018797
0.136979
0.224327
-0.005110
0.205497
-0.386982
-1.063154
-0.307195
0.217691
0.572955
0.719844
0.201384
-0.352125
-0.602447
-0.093828
0.132584
-0.118977
-0.282180
-0.549156
-0.313849
-0.158090
0.506005
0.198494
0.578011
0.399684
0.237265
0.011997
0.535746
0.183013
-0.043881
-0.312837
0.074425
0.119138
0.243718
-0.593260
-0.439171
-0.176935
0.198680
0.464050
0.462880
-0.231001
0.143414
-0.342450
0.128677
0.226555
0.020835
-0.293981
-0.229381
-0.181396
-0.394222
-0.299587
0.124951
-0.099287
0.049979
-0.165613
-0.186619
0.278918
0.228056
-0.277269
0.010381
-0.061817
0.345320
-0.159798
0.070401
-0.023763
-0.182684
0.545328
0.104976
-0.033422
0.414135
0.299504
0.420100
-0.052398
-0.398195
-0.361661
-0.030046
0.090415
0.250525
0.406896
-0.066106
-0.337508
-0.294072
-0.389153
-0.165917
-0.587090
-0.134004
0.439389
0.000000
0.000000
-0.006588
-0.252076
0.320410
0.040224
-0.310922
-0.218129
0.211065
0.515433
0.319563
-0.264034
0.233526
-0.416558
0.085971
0.104047
0.529896
0.471121
0.346298
0.280668
0.073892
0.104942
-0.666818
0.037817
-0.353537
-0.365722
0.120180
-0.514114
-0.477974
-0.010719
0.192693
0.190372
0.363423
0.114856
-0.235338
-0.260500
0.124081
-0.309860
-0.413383
-0.435916
-0.179757
0.254005
0.045693
0.031212
0.067248
-0.330032
-0.021142
0.292799
0.485298
0.646945
0.186633
-0.267344
0.500711
0.328741
0.465890
0.314951
-0.275147
-0.221179
-0.199734
-0.335442
-0.139341
0.084160
0.445196
0.067449
-0.065084
-0.089524
-0.059797
0.012990
-0.091605
-0.083140
0.128944
-0.054567
-0.504454
-0.093692
-0.227794
-0.173821
-0.219844
-0.288008
-0.076997
-0.374325
-0.293167
-0.214731
-0.132718
0.101134
-0.398987
-0.083531
-0.113390
0.668714
0.574369
-0.074122
0.616517
1.273071
0.687256
0.307311
-0.043373
-0.052946
-0.058685
0.223948
0.429518
-0.462641
0.161505
0.103119
-0.162620
-0.832651
-0.575084
-0.521064
-0.145604
-0.346101
-0.120773
0.190967
-0.090880
0.135537
0.017349
0.073189
0.278340
-0.170523
0.033959
-0.314221
0.145757
0.129640
-0.209671
-0.029810
0.554008
