0.021489
0.088339
0.012921
0.164672
0.100777
-0.334739
-0.339639
-0.174493
-0.314841
-0.192092
0.060704
0.062252
0.221263
0.196341
0.235752
0.211982
0.178582
0.315923
0.149641
-0.700888
-0.142696
0.203739
0.095461
0.286830
0.175899
-0.199953
-0.074357
0.415501
0.212054
0.112073
-0.179009
-0.227068
-0.102614
-0.083422
0.200668
0.043798
0.004519
0.213513
0.144803
-0.504782
-0.488687
-0.271677
-0.464635
-0.288510
-0.213624
-0.075241
0.033889
-0.218523
0.032916
0.295511
0.194955
0.195795
0.385624
-0.166387
-0.161353
-0.091363
0.140138
-0.072879
-0.163477
0.056581
-0.009024
0.331201
0.290998
0.325538
0.339944
0.062168
0.042553
0.350848
0.530740
0.173790
-0.281128
-0.269733
-0.096310
0.061909
-0.009793
0.149406
0.244519
0.300046
-0.661984
-0.368406
0.033702
-0.116004
-0.227005
-0.244424
-0.119751
-0.218843
-0.018489
0.260689
-0.423433
-0.869843
-0.743488
-0.363130
-0.312306
-0.049779
0.208868
0.327503
0.354478
0.581276
0.655370
0.222782
-0.060264
0.033038
0.119767
0.177018
0.213267
0.109684
0.211207
0.437662
0.761991
0.371355
-0.272317
-0.179095
0.176659
0.053402
-0.596436
-0.479813
-0.308929
-0.233191
-0.031573
-0.426414
-0.191490
0.016797
0.026641
0.250728
0.258358
0.037569
-0.192553
-0.144388
0.066134
0.174390
0.126811
-0.015826
-0.185155
-0.093827
-0.029042
0.150400
0.132402
-0.027177
-0.102931
-0.336691
-0.104394
0.025606
-0.101292
0.024253
0.097753
-0.178664
-0.218105
-0.068294
0.154462
0.089392
0.246769
-0.079432
0.003367
-0.141524
0.026052
-0.197288
0.138782
0.125687
0.142831
0.323748
0.269860
0.182010
0.077551
0.314405
0.786659
0.000000
-0.044181
0.124320
-0.297271
-0.243012
0.052074
-0.016446
-0.315906
-0.441807
-0.350382
-0.168909
-0.248450
-0.069522
0.012674
0.000898
0.301403
0.329666
-0.026070
-0.208085
-0.500708
-0.471180
0.000000
0.681081
-0.369516
-0.166460
0.329898
-0.242785
-0.233987
0.157777
0.204792
-0.038522
0.122567
0.087218
-0.183360
-0.081442
-0.053958
0.185616
0.428777
0.259491
0.126173
0.331280
-0.012180
-0.188467
-0.046758
-0.215929
-0.018348
0.038412
0.049293
0.275958
0.290324
0.287282
0.148553
-0.426722
-0.004510
-0.134993
0.262476
0.589843
0.011649
-0.082364
0.079751
-0.137219
-0.482872
-0.477033
-0.531252
-0.455329
-0.197485
-0.345152
-0.406415
0.024709
0.605537
0.760091
0.051522
-0.378915
-0.175189
-0.195231
-0.261667
-0.100428
-0.197487
-0.170371
-0.046893
0.128818
0.167419
0.199950
0.153337
0.290333
0.402892
0.471903
0.384494
0.153187
0.088377
0.205719
0.359268
0.104177
0.163942
0.308449
0.289843
-0.076503
-0.420026
-0.167359
-0.066268
-0.246824
-0.455069
-0.358892
-0.365949
-0.626645
-0.214901
0.046031
0.141676
-0.124016
-0.343277
-0.231962
0.154579
-0.080820
0.196248
0.717053
-0.046490
0.188844
0.876693
0.397721
0.135931
-0.778162
-0.828983
-0.692961
-0.425669
0.054237
-0.208076
0.103889
0.224291
0.055472
0.269816
0.356782
0.044367
0.186710
0.386728
0.398510
0.252774
0.499020
0.404180
0.120278
-0.308594
-0.335243
-0.073042
-0.011569
-0.243538
-0.069909
0.150959
-0.008819
-0.122813
-0.086148
0.338490
0.065656
-0.544409
-0.297633
0.000000
-0.377906
-0.134115
-0.457289
-0.359046
0.088934
0.101506
0.413236
0.305312
-0.322804
-0.321247
-0.092583
-0.039156
0.212830
0.115159
0.086397
0.325060
0.217077
0.214835
0.115058
0.065942
0.008954
-0.031129
0.056119
0.158510
0.000000
0.371358
0.230990
-0.063718
-0.244960
-0.277138
-0.111247
-0.262900
0.107097
-0.490572
-0.517760
-0.122629
-0.051961
-0.005252
0.091642
0.285816
0.203927
0.397977
0.061287
0.035071
0.227752
0.121004
0.062244
-0.045628
0.112872
0.149707
0.017326
-0.068496
-0.406065
-0.421259
0.015906
0.272453
0.203725
0.268730
-0.284345
-0.439691
-0.260203
-0.200056
-0.075970
0.112456
0.151431
0.158034
-0.333505
-0.067555
0.478917
0.357905
-0.005438
-0.221016
0.499396
0.248179
0.280089
0.000000
0.000000
-0.629857
-0.282932
-0.223352
-0.596148
-0.542967
-0.250827
0.306012
0.213495
0.101024
0.360429
0.885097
-0.048090
-0.613716
-0.435785
0.099671
0.273521
0.000000
0.000000
0.663310
0.348406
0.074369
0.227149
-0.037183
-0.171937
-0.435921
-0.393072
0.038199
0.369342
-0.290039
-0.109900
0.323822
0.517326
-0.023057
-0.446083
-0.466433
-0.332906
-0.172582
0.006579
-0.086158
-0.034539
0.337694
0.124953
0.080229
0.330224
-0.213677
-0.136665
0.369536
0.220532
-0.175027
0.117844
0.324586
0.361678
0.513540
0.558325
-0.295062
-0.803683
-0.523480
-0.398721
-0.644669
-0.270480
0.042660
0.242968
0.463585
0.000000
0.000000
-0.423011
0.303225
-0.662012
-0.841043
0.056297
0.000000
0.000000
0.000000
0.931235
0.737548
0.093827
-0.169667
-0.148993
-0.073475
0.730074
0.341849
0.056185
0.590414
0.426577
-0.114391
0.538837
-0.184574
-0.638255
0.202886
0.098188
-0.250160
-0.323659
-0.361055
-0.252443
-0.155544
-0.534067
-0.392343
-0.255967
-0.112522
0.030584
0.045843
-0.042365
0.000000
0.000000
-0.422266
0.109141
0.016000
-0.286232
-0.175829
0.265967
0.356024
0.011493
-0.186879
0.002085
0.120888
0.421163
0.381073
0.413758
0.575551
0.180739
0.042528
0.417005
0.449830
0.362468
0.339013
0.058922
-0.153347
-0.464698
-0.210034
-0.364838
-0.544730
-0.205122
-0.275769
-0.311634
-0.149049
-0.500387
-0.402659
-0.262723
-0.060658
-0.218600
-0.258565
0.114049
0.192744
0.156217
0.406622
0.436507
0.097523
0.322805
0.277148
0.139210
0.345471
0.176895
-0.062114
-0.304353
-0.063149
-0.408668
-0.381743
0.091229
0.269583
0.044706
0.252264
0.276193
0.235897
0.164953
-0.289937
-0.196101
-0.146443
-0.477162
-0.497236
-0.136178
-0.205212
0.016794
0.211546
0.294358
0.298720
-0.191457
-0.046321
0.057024
0.470780
0.271102
0.098264
0.287549
0.274742
0.005544
0.124060
0.142456
-0.114895
-0.301610
-0.042979
0.009321
-0.042246
-0.024091
-0.197401
-0.286165
-0.116228
-0.125479
-0.373872
-0.432815
-0.365786
-0.337336
-0.278651
-0.018434
-0.010724
0.038337
-0.137494
-0.047318
0.251260
0.418765
0.122453
0.122061
0.601455
0.426025
0.538919
0.214573
0.432396
0.487310
-0.006985
-0.161132
0.173907
-0.031651
-0.238827
-0.355115
-0.418068
-0.032238
0.384954
0.120400
0.122161
-0.131282
-0.409084
-0.327521
-0.279536
-0.665740
-0.468265
-0.206843
-0.194869
-0.177275
0.233108
0.259415
-0.027430
0.144313
0.156327
0.276211
0.569594
-0.068432
-0.254021
0.203481
0.594440
0.171115
-0.186905
-0.176999
-0.021797
0.314118
-0.065498
-0.477054
-0.604584
-0.371037
0.056042
0.244388
0.155498
0.129631
-0.068146
-0.064169
-0.039246
0.311917
0.229183
0.070967
-0.015059
0.062815
0.054972
0.281453
0.132800
-0.082552
0.221590
0.394815
0.459618
0.746442
0.165662
-0.404010
-0.598858
-0.597328
-0.532899
-0.366012
-0.202388
-0.346290
-0.354880
-0.283599
-0.348898
-0.093497
-0.150828
0.084712
0.281743
0.307571
0.183193
0.465911
0.453474
-0.039689
-0.375110
-0.321453
-0.419976
-0.170609
-0.102082
-0.039199
-0.033524
0.115823
0.469936
0.855843
0.707043
0.712952
0.547917
0.072305
0.069189
-0.060751
-0.185574
-0.156824
0.653590
0.439823
-0.324789
-0.096111
-0.309509
-0.504014
-0.872654
-0.822420
-0.442940
-0.451927
-0.822823
-0.649027
-0.271390
0.086851
0.251336
0.126701
0.279369
0.615811
0.271569
0.277608
0.484516
0.345874
0.069802
0.271178
0.212990
0.202830
0.206791
0.315950
0.176501
-0.182860
-0.017113
-0.209221
-0.363707
-0.192177
0.207618
-0.474358
-0.757449
-0.347673
-0.028580
0.065584
0.327555
0.356530
0.171936
0.404340
0.402052
0.107443
-0.271433
-0.111661
-0.156474
-0.227158
-0.345646
-0.343116
0.245167
0.219128
0.022330
0.111182
0.279063
0.404502
-0.207734
-0.312286
-0.138287
0.038693
0.119737
-0.107337
-0.196932
-0.149265
-0.149819
0.228180
0.168474
-0.036299
0.217388
-0.245286
0.170066
0.087902
0.222811
0.099038
0.014135
0.060336
-0.276760
-0.239476
-0.250075
-0.455928
-0.435746
-0.147909
0.228114
0.242610
0.421893
0.506837
0.170943
-0.602251
-0.223596
0.170277
0.110289
-0.037588
-0.205358
-0.137477
0.192176
0.167407
0.200880
0.144477
0.297647
0.069116
-0.263392
-0.128736
0.013005
0.214655
0.177462
0.323467
0.253932
0.020518
0.096925
0.162408
-0.224878
-0.343841
0.185593
0.054477
-0.208256
0.000000
0.094538
0.133759
-0.375499
-1.057771
-0.901368
-0.717955
-0.152254
-0.071603
0.094185
-0.205713
0.019390
0.022253
0.123149
0.354465
0.393673
0.474789
0.300811
0.718224
0.694224
0.431841
0.199235
-0.107426
0.437863
0.141906
-0.311246
-0.144333
0.235806
0.305526
0.115428
0.147339
-0.318284
-1.058514
-0.369425
-0.258906
-0.143955
-0.147050
0.061895
-0.427661
-0.126881
-0.132203
-0.476987
-0.201517
0.002543
0.138788
0.094808
-0.061875
0.012660
-0.047337
0.068040
-0.132074
0.316183
0.636090
0.411206
0.415507
0.150738
-0.257631
0.015349
-0.117690
0.037747
-0.041562
-0.011376
0.229375
0.186353
0.123133
-0.110604
-0.271325
-0.194557
0.132437
-0.012941
0.223698
0.207684
-0.062589
-0.142812
-0.196010
-0.054150
-0.125285
-0.092493
0.293336
0.118318
-0.041768
-0.096438
-0.547776
-0.325618
-0.447979
0.148299
0.269441
0.154251
-0.079430
-0.036521
-0.289296
-0.239466
-0.110886
0.161039
-0.036840
0.315695
0.496953
0.371621
0.381751
0.274972
-0.250264
-0.288022
0.196321
0.321217
-0.096942
-0.281563
-0.431893
0.112859
0.114100
-0.054517
0.042879
0.251049
0.087309
0.082371
-0.141971
-0.224667
-0.097568
-0.085263
0.064333
0.154834
0.308424
-0.233021
-0.268428
-0.238900
-0.273257
-0.407240
-0.273043
-0.263676
-0.119847
0.154604
0.550948
0.482720
0.201723
0.040931
0.107291
0.052432
0.000000
0.000000
0.082726
0.637353
0.172849
-0.245152
-0.127261
0.199023
-0.183465
-0.177214
0.259762
0.115306
-0.332889
-0.101170
-0.109222
-0.081374
-0.224442
-0.456350
-0.414527
-0.035036
-0.043120
-0.021809
-0.010261
-0.329307
-0.072324
0.201877
0.363777
0.513916
0.301034
0.120721
0.134136
0.313559
0.392018
0.100722
0.225455
-0.092390
-0.172244
-0.187004
-0.251242
-0.070642
-0.401500
-0.212681
-0.185988
0.079171
0.435350
0.413347
-0.118780
-0.255738
-0.269826
-0.426444
-0.315174
-0.297427
-0.192064
-0.024461
0.109823
0.442631
0.288001
0.176227
0.327433
0.349482
0.212104
0.109441
-0.087458
-0.477757
-0.179739
0.197631
0.329007
0.045990
-0.496993
-0.161903
0.062760
-0.057599
0.258056
-0.006998
0.037651
-0.114891
-0.154076
0.338807
-0.140482
-0.438191
-0.751573
0.320787
0.442511
0.574290
-0.198996
-0.427272
-0.254314
0.060419
0.514833
0.405248
0.261896
-0.047921
-0.130960
-0.127247
-0.086532
-0.013514
-0.322453
-0.095814
0.438785
0.247351
-0.326439
0.023836
-0.186506
-0.392112
-0.396580
-0.125745
0.295021
0.475251
0.483529
-0.175920
-0.134380
0.048335
0.273520
0.247748
0.026498
-0.366510
-0.320095
-0.135987
-0.069189
0.091761
0.052696
-0.427772
0.000000
-0.056646
0.522291
0.027854
-0.398221
-0.163080
0.077379
0.037607
0.373193
0.286990
-0.039708
-0.057155
0.168052
-0.334934
0.139804
0.391968
0.035553
-0.211498
0.155855
-0.298788
0.232382
0.530242
0.000000
0.489458
0.152503
-0.025957
-0.538029
-0.907304
-0.387868
-0.112017
-0.499605
-0.331655
0.032405
0.230983
0.060664
0.074427
-0.039780
0.271563
0.190466
0.009611
0.059193
-0.121555
-0.183108
-0.388925
0.464487
0.514184
0.641461
0.374380
0.103426
-0.119005
-0.012653
-0.174920
-0.090058
-0.286991
-0.338400
