0.098701
0.292980
0.092636
-0.589295
0.024545
0.093573
-0.137805
0.109074
0.313732
-0.035698
0.005553
0.138815
0.084482
-0.230649
-0.176727
-0.076656
-0.098786
-0.160997
0.057021
0.094605
-0.004050
-0.040768
-0.120114
-0.128658
0.021657
-0.468899
0.208446
0.288974
0.010223
0.082153
0.224751
0.242190
-0.432532
-0.159827
-0.155523
0.411334
0.005923
0.066886
0.503617
-0.316077
-0.023747
-0.037553
-0.142898
0.104687
-0.339997
0.309655
0.233873
0.153599
-0.038339
0.054745
0.263623
0.000993
-0.082166
-0.038822
-0.212038
0.023569
-0.235766
-0.228314
0.019697
0.218588
0.024590
-0.034501
0.028460
0.094042
-0.073825
-0.071725
-0.135951
-0.254008
-0.044635
0.134233
-0.025797
0.104545
-0.176855
-0.107733
-0.150723
-0.149847
-0.191693
-0.054876
-0.020950
0.274755
0.293962
-0.122347
0.169032
-0.340184
0.408374
0.233832
0.363172
-0.126258
0.116591
0.353299
-0.068655
0.074615
0.173935
0.310827
-0.124823
-0.272560
-0.048367
0.239963
-0.262717
-0.329775
0.179587
-0.245364
-0.265770
0.014882
-0.461014
0.027986
-0.022641
-0.302506
0.112394
0.243302
0.007632
0.109511
-0.179361
0.126716
0.080461
0.123895
0.015756
-0.207429
0.166509
0.080556
-0.240804
-0.023959
0.198664
-0.048522
-0.146266
0.117480
0.029005
0.323129
-0.036391
-0.211999
0.107194
0.239554
-0.058828
0.160200
0.015452
0.101126
-0.159519
-0.388781
0.165164
-0.092926
-0.104097
0.136774
-0.026617
-0.010116
0.120544
-0.281025
0.048246
0.223707
0.262286
-0.333803
-0.086039
0.140863
-0.240711
0.172644
0.095339
-0.061783
-0.132335
-0.026221
-0.013281
0.208104
0.008555
0.116044
-0.196518
0.111588
0.000678
0.000000
-0.099344
-0.218521
0.310075
0.115319
-0.460591
-0.114586
0.235241
-0.094897
0.022478
-0.164028
-0.135148
0.187553
0.147211
-0.217498
0.140697
0.214013
-0.083869
-0.021526
-0.047444
-0.262022
0.000000
0.752151
0.295390
0.096032
-0.151334
-0.304192
-0.500019
-0.158487
-0.164255
0.345320
0.103567
0.012696
0.501509
-0.152500
0.170302
-0.049361
-0.199943
-0.114851
-0.008075
0.186128
0.059040
-0.273198
-0.141483
0.282776
0.357645
-0.155913
-0.543036
0.184005
0.296018
-0.282070
0.195627
-0.101216
0.134720
-0.317570
-0.265687
-0.020660
-0.261572
-0.162601
0.544311
-0.322193
-0.347965
0.382737
0.175935
-0.375804
0.564939
0.062219
-0.110129
-0.135705
0.249318
0.106817
-0.069909
-0.029172
0.057469
0.143406
0.057308
0.189211
0.098313
-0.009216
0.223597
0.256053
-0.187571
-0.235004
-0.110620
-0.360812
-0.031103
-0.195889
-0.007646
0.195041
0.022247
0.190188
-0.008698
-0.122276
0.190897
-0.127126
-0.054031
0.065037
-0.125548
0.221904
-0.374574
-0.299877
0.113352
-0.119476
-0.114054
-0.064069
0.002837
0.318017
0.013670
-0.233802
-0.246576
0.011397
-0.166348
0.191921
0.545869
0.460297
0.200553
0.032782
-0.245033
0.284900
0.059988
-0.091916
-0.238699
-0.324802
-0.226800
0.182944
-0.181332
0.248367
-0.142714
0.253772
0.012643
-0.100392
-0.017713
0.249238
0.340585
-0.122432
-0.001705
-0.124258
-0.102664
-0.247345
0.261695
-0.247899
0.062660
0.088772
-0.257912
-0.040276
0.207029
-0.064246
-0.145283
-0.155013
0.499941
-0.337764
0.114399
-0.035157
0.000000
-0.422236
0.317023
0.057337
-0.097436
-0.078452
0.062311
-0.424224
-0.117786
0.155079
0.342399
0.055724
0.012612
0.086830
-0.026693
-0.246150
-0.081188
-0.289571
-0.076197
0.405825
0.325161
0.108358
0.226469
0.435773
0.349461
0.000000
0.384233
-0.325396
0.016110
0.057731
-0.166063
-0.323301
-0.018798
-0.158785
-0.050621
0.140614
-0.352217
-0.254553
-0.343630
-0.310440
-0.222744
-0.128093
0.038696
0.187948
0.091059
0.089127
-0.064594
0.040765
-0.026886
0.157248
-0.126331
-0.024489
0.529159
0.109955
-0.140306
-0.305994
0.439114
0.538967
0.099596
-0.185745
-0.084162
0.202457
-0.247347
-0.418296
0.146997
0.411645
0.141470
-0.405536
-0.089849
0.018397
-0.135998
0.165720
-0.131199
-0.354876
0.379473
-0.010975
0.000000
0.000000
-0.050815
0.025094
-0.000593
-0.061114
-0.051742
-0.240555
-0.020277
0.185654
-0.066877
0.043587
0.459877
-0.195284
-0.210660
-0.126685
0.268794
0.345805
0.000000
0.000000
-0.407386
0.020251
0.309669
0.188943
0.441402
-0.236084
-0.143461
-0.319829
0.034663
-0.302017
0.142854
0.159227
-0.084367
-0.154075
0.200136
0.098368
0.267986
-0.121372
-0.228287
-0.226721
-0.095920
-0.130705
-0.171498
-0.030245
-0.253748
-0.036563
0.099790
0.251721
-0.255947
-0.141673
0.359908
-0.170900
0.350402
0.153696
-0.006886
0.229362
-0.132419
0.095457
-0.078878
0.139774
0.477074
-0.029367
-0.242224
0.106373
-0.174452
0.000000
0.000000
0.043428
-0.089936
0.057240
0.279164
-0.147438
0.000000
0.000000
0.000000
-0.254639
-0.162755
-0.322421
0.042493
0.261766
-0.177356
0.073608
0.184072
-0.139077
-0.044196
0.091506
-0.006218
-0.010887
0.138213
-0.100708
-0.097089
-0.125167
-0.081628
-0.249687
0.193840
0.025689
0.064819
0.050016
-0.120820
-0.139915
0.164118
0.199791
0.051348
-0.240740
0.000000
0.000000
0.120935
0.092620
0.142582
-0.168109
0.189489
0.321476
-0.003455
0.254489
0.031937
0.018982
0.047455
0.222379
-0.251371
0.005510
-0.098623
-0.097073
0.088304
-0.213290
-0.074452
-0.115915
0.013661
-0.315783
-0.302879
-0.138616
0.083539
0.005092
0.106364
-0.032958
-0.166366
-0.062893
-0.075162
-0.125257
-0.194153
-0.112244
0.349918
0.153797
0.225977
0.353482
0.387019
0.112800
-0.178582
0.168862
0.176693
-0.100927
-0.533093
-0.112827
0.004032
0.530254
0.221367
0.022795
-0.155595
-0.387259
-0.041029
0.220157
-0.029336
-0.222818
0.091049
0.062775
-0.172035
-0.015594
-0.179141
-0.057279
-0.059304
-0.043006
0.235883
0.432330
-0.189311
0.042965
0.150030
-0.035537
0.145008
-0.262409
-0.181287
0.198065
-0.207797
-0.321041
0.057490
0.125625
-0.215596
0.005550
0.160026
-0.191161
0.144139
-0.001101
-0.129594
-0.417514
0.239094
0.191760
-0.039018
0.054660
0.001563
-0.011628
0.042015
0.232805
0.133681
-0.113035
0.438143
0.013065
-0.141418
0.277581
-0.058066
-0.086429
0.403469
0.331973
-0.174771
-0.253371
-0.110507
-0.250407
-0.165188
-0.021747
-0.134273
0.119531
0.336625
-0.123875
-0.344244
-0.291372
0.235147
-0.109922
-0.348437
0.086869
-0.197221
-0.146060
0.064524
-0.137436
-0.043797
-0.077514
0.206389
0.250611
0.140999
0.123878
0.050204
0.075170
0.105531
0.043836
0.454236
0.507308
0.095514
-0.152503
-0.319210
-0.389841
-0.082509
0.050218
-0.267266
0.015674
-0.001443
-0.005411
0.038324
-0.003580
-0.197064
0.075555
0.010808
0.169088
0.220114
-0.018587
-0.047764
-0.062806
0.060071
-0.075902
-0.045550
0.099667
0.052923
-0.271118
0.116464
0.021211
-0.200056
0.187556
0.309582
-0.206212
-0.126608
-0.230157
-0.121096
0.000013
-0.247323
0.163285
-0.071736
0.003891
-0.014609
0.259547
0.418805
0.026038
-0.215090
0.274133
-0.238271
0.061573
-0.001026
-0.280932
-0.236537
-0.160441
-0.140524
0.370186
0.144721
0.000950
-0.063192
0.242176
0.352714
0.128012
-0.226454
-0.200424
0.048146
0.279433
0.232334
0.184975
-0.218792
0.435019
-0.127757
0.007775
-0.053523
-0.298697
-0.371055
-0.290594
0.256014
0.020346
-0.061027
0.010668
-0.177830
-0.289092
-0.408280
-0.249192
-0.181614
0.039810
-0.007476
0.185558
-0.073200
0.290032
0.552452
-0.141895
-0.000657
0.156627
0.066267
-0.020409
0.200313
0.077837
0.397157
0.250101
-0.115879
0.172368
0.336788
0.153888
-0.613861
-0.261830
-0.189947
0.088687
-0.078121
-0.211355
-0.084510
-0.219232
0.166543
0.165081
0.180469
-0.247880
-0.091926
0.073640
0.043907
-0.273429
0.122796
-0.174310
-0.250581
0.194049
-0.062963
0.360808
0.365681
-0.395336
-0.079166
0.030071
0.116550
0.015516
0.016577
0.079314
0.010820
0.190712
-0.223660
-0.018020
0.186277
0.035233
-0.311847
-0.288040
-0.115886
0.085754
0.267733
-0.282873
0.160232
0.062901
-0.313883
0.052893
-0.291735
0.430491
0.281358
-0.043742
0.137518
0.415842
-0.124333
-0.160150
0.032343
0.152700
0.420629
-0.063552
0.045350
-0.326353
0.258990
-0.312104
-0.106934
-0.355157
-0.181025
0.103870
-0.211176
-0.219619
0.167131
-0.107331
-0.284669
0.083613
0.086146
0.110019
-0.207085
-0.045454
0.117158
0.091389
-0.035913
0.333074
0.349708
-0.060638
0.248500
0.200747
-0.259829
-0.027799
0.238217
0.121399
-0.075656
0.000000
-0.267207
0.077723
-0.076026
0.171756
-0.139410
-0.291975
0.090244
0.035904
0.086930
0.108729
-0.294012
0.125363
0.146161
-0.208802
-0.179752
0.023292
-0.549463
-0.102799
0.119847
0.204508
0.508469
-0.174355
-0.199750
0.074542
0.102863
-0.134943
-0.026679
0.264683
-0.022553
-0.139468
0.278557
0.050405
-0.122268
-0.334338
0.175997
-0.210878
-0.226883
0.107676
0.205996
0.075936
-0.011336
0.050353
0.238638
-0.009963
0.212806
0.445551
0.068297
0.158920
-0.032999
-0.321632
-0.057300
-0.215031
-0.282178
-0.002495
0.127125
-0.376438
-0.285714
0.135210
-0.069193
0.220484
-0.249472
0.147948
0.579757
-0.474365
-0.183661
-0.163736
-0.109059
-0.124801
-0.024065
0.502303
0.421965
-0.218652
-0.237090
0.110697
0.281356
-0.132309
-0.097336
0.350406
-0.066345
-0.161006
0.229346
-0.106138
-0.052366
0.282211
-0.029134
-0.056857
0.114083
0.008608
-0.085295
-0.255932
0.030618
-0.003827
-0.126833
0.029120
0.082717
0.232936
-0.114325
-0.287975
-0.285527
0.114532
0.266901
-0.047129
0.039189
0.038647
0.017384
-0.087728
0.249199
-0.131743
-0.428698
-0.019889
0.313087
0.120467
-0.009204
0.039929
-0.071950
0.112776
-0.076717
-0.030812
0.114178
-0.193067
0.024456
0.039048
-0.320253
-0.148023
-0.027688
-0.048418
0.201136
0.098054
-0.129264
0.233039
0.429707
0.378718
-0.148211
-0.133815
0.275779
0.000000
0.000000
-0.203427
-0.508203
-0.162373
-0.083144
0.055655
-0.059476
0.048719
0.069669
-0.141809
0.368099
-0.182801
0.257248
0.340144
-0.291702
-0.021262
0.007838
0.077603
-0.218829
0.174837
0.074668
-0.047993
-0.310486
-0.435045
-0.024162
0.242056
0.381753
-0.257168
-0.040272
-0.022869
0.347448
-0.000852
-0.131834
0.155915
-0.271996
0.104535
0.143516
-0.041203
-0.279722
-0.266392
0.015933
0.321460
0.555852
-0.436891
-0.030762
0.227742
-0.177311
-0.041204
-0.192554
0.185270
0.351453
0.491800
-0.214071
-0.081075
-0.303633
0.068280
0.014397
0.019534
-0.293107
0.397635
0.307540
-0.366692
-0.396324
-0.273937
0.001729
-0.037333
-0.105235
-0.018158
0.068075
0.284100
-0.154460
0.025338
0.092567
0.239912
0.196818
-0.162049
-0.336324
0.079929
-0.153921
0.262938
0.110529
0.231285
-0.269364
0.025647
-0.048645
-0.179569
0.084309
0.083967
0.114485
-0.078619
-0.133493
0.000067
-0.298801
0.286524
0.188534
0.003741
0.220253
0.001619
0.012047
-0.135406
0.163122
0.347193
-0.134497
0.036481
-0.051907
0.003854
0.065358
-0.260326
0.022762
-0.256953
-0.290254
0.004154
0.015230
-0.372138
-0.146742
0.032983
-0.151947
0.012464
0.383881
-0.393535
-0.041280
0.000000
0.223193
0.181066
0.377698
0.320380
-0.015105
-0.066936
0.166392
0.099748
0.102478
0.104998
-0.002350
-0.038843
0.265444
-0.018013
-0.240083
-0.186241
-0.113096
-0.095064
-0.101724
-0.194174
-0.146112
0.000000
0.166997
-0.121876
-0.263794
0.144213
0.186340
-0.094132
-0.167978
-0.159922
-0.248614
0.299347
-0.325051
0.228544
0.509038
0.165313
0.467739
-0.125831
-0.173028
0.199949
-0.003580
-0.109358
-0.158237
0.118981
0.055485
-0.325080
-0.166553
0.148210
0.008894
-0.029649
-0.113747
-0.201590
0.058649
0.260986
