0.123016
0.224630
0.118481
0.456149
-0.572295
-0.205179
0.040382
-0.387443
-0.338346
-0.018296
0.055983
0.108151
-0.034257
0.026378
0.245446
-0.120602
-0.069618
0.089151
0.072452
0.210169
-0.090124
-0.154607
0.465326
0.100349
-0.299982
-0.090398
-0.002001
0.244865
0.217801
-0.058492
0.072342
-0.009368
0.188018
-0.045465
0.100747
-0.162192
-0.288707
0.153550
0.104597
-0.042252
-0.105193
-0.437030
-0.077438
-0.293786
0.046140
-0.137420
-0.140152
0.256022
-0.221987
-0.183256
0.005954
0.044954
-0.162319
-0.183237
0.101508
0.122988
0.590314
0.344512
0.239944
0.003924
0.186466
0.078836
0.219289
-0.113025
0.230113
-0.045020
-0.086556
0.118307
0.172068
-0.043557
-0.059082
0.088754
-0.362715
-0.207025
-0.286200
-0.165588
-0.051221
-0.095039
-0.516637
0.091344
0.533209
0.297737
-0.071057
0.026093
0.106290
-0.368314
-0.247704
0.107793
-0.111585
-0.510465
-0.324594
-0.129313
-0.074319
0.157699
0.099149
0.133549
0.359634
0.151902
0.140222
0.045082
0.395983
0.363741
0.151571
0.357073
0.452628
-0.435898
-0.454006
0.045898
0.422572
0.078828
-0.229391
-0.547566
-0.153615
0.153572
0.045308
-0.147158
-0.348504
0.241369
-0.296576
-0.236331
-0.014427
0.091139
0.083692
0.288045
0.343375
-0.213363
-0.227941
-0.192184
-0.283970
0.096284
0.028870
-0.153208
0.192183
-0.000570
0.239553
0.173285
0.173595
-0.239875
-0.134131
0.048405
-0.138914
-0.017811
0.035002
0.218888
-0.270259
0.205258
0.201042
0.160598
0.198780
0.260113
0.457449
-0.007373
-0.074255
-0.637918
-0.562651
-0.239864
-0.224902
0.168823
-0.112767
-0.127832
-0.208943
-0.072543
0.022897
0.180926
0.331071
0.000000
0.032019
0.528027
0.119633
0.034388
0.176014
0.592328
0.137502
-0.224935
-0.236445
-0.159704
-0.387185
-0.134538
-0.122097
-0.066085
-0.219717
-0.001389
0.037824
0.574888
0.319083
-0.243016
0.000000
0.427858
-0.321451
-0.368917
0.090210
-0.751426
-0.540605
0.213949
-0.182099
0.216810
0.005689
0.170316
-0.234649
-0.363818
0.082060
0.613085
0.261873
0.190094
0.026811
0.001856
0.086733
0.024459
0.309408
0.153488
0.074727
-0.181753
-0.402773
0.340476
0.391623
0.529350
0.333221
-0.463669
-0.310874
-0.062892
0.035896
-0.058087
-0.268762
0.009941
0.161313
0.058246
-0.152927
-0.207466
-0.268520
-0.028421
-0.319059
-0.336978
-0.257049
-0.092959
0.034997
0.115391
0.323111
0.081920
-0.244646
-0.413601
-0.007693
-0.020517
-0.174795
-0.246570
0.361191
0.173042
0.193924
0.401564
0.367549
0.180192
0.186691
0.129631
0.201298
0.083597
0.169810
0.400656
0.262393
0.007651
-0.068720
-0.052028
-0.434936
0.006672
0.017159
-0.151263
-0.480642
-0.223889
-0.142702
-0.390117
0.193326
-0.121147
-0.442559
0.129134
0.073509
-0.274184
-0.073373
0.002280
0.247502
-0.486639
0.351762
0.722186
0.322268
-0.056833
0.481169
0.119961
0.112027
-0.355883
-0.961951
-0.670497
-0.389401
0.140666
0.276920
0.071690
0.270685
-0.083630
-0.181076
0.100604
0.542392
0.278943
0.485809
0.073202
0.055627
0.003226
0.169718
-0.110439
-0.003241
-0.151759
-0.007471
0.274589
0.297142
0.083322
0.075839
-0.122656
-0.113385
-0.266831
-0.241835
-0.166877
-0.270974
0.018686
0.000000
-0.299980
-0.376977
0.102267
-0.116823
-0.156270
0.168658
0.048707
-0.290609
-0.323152
-0.266858
0.007935
0.241958
0.147035
0.110526
0.220004
0.310451
0.217234
0.371474
0.067970
0.251746
0.166061
-0.298090
0.034617
0.034459
0.000000
-0.008386
0.529419
0.170135
-0.372436
-0.083983
-0.181750
-0.212888
0.145414
0.351653
-0.777991
-0.159982
-0.023539
-0.304712
0.168987
0.080927
0.190985
0.285138
-0.165871
-0.033159
0.001513
-0.011057
0.094835
-0.205556
-0.090665
-0.041293
-0.020386
-0.056996
-0.585808
-0.044756
0.266957
0.571072
-0.133633
-0.194657
0.058441
0.077744
0.083155
0.069370
0.341959
0.180482
-0.089254
0.065827
-0.150614
-0.202087
0.163595
0.267094
-0.064376
-0.398201
-0.087475
0.293685
0.102834
0.000000
0.000000
-0.211193
0.035387
-0.123254
-0.175520
0.169064
0.177988
-0.040079
-0.073382
0.131995
-0.158740
0.036121
-0.256003
-0.371815
0.004160
0.185610
-0.186427
0.000000
0.000000
-0.370791
0.041511
0.416805
0.241695
0.111158
0.281712
-0.090437
0.109199
-0.002397
-0.405286
0.168877
0.086043
0.692304
0.107218
-0.172770
0.032788
0.242966
-0.034847
-0.127883
-0.021918
-0.040540
-0.163132
-0.272122
0.140185
-0.020666
-0.411660
-0.268891
-0.329489
0.138072
-0.005406
-0.129896
-0.196181
0.091566
0.245603
0.048253
-0.142991
0.202775
0.138503
0.024312
-0.293118
-0.139816
-0.009102
0.426624
0.150389
0.257743
0.000000
0.000000
0.328008
-0.283741
-0.331507
0.034899
-0.033406
0.000000
0.000000
0.000000
0.409041
0.041849
0.024788
0.095907
-0.172826
-0.097522
-0.153444
0.004166
-0.030800
0.232155
0.317748
-0.160723
0.122835
-0.020072
0.088384
0.100119
-0.443870
-0.140203
-0.159116
-0.321224
0.058483
-0.204626
-0.251026
-0.086495
0.274196
0.185601
0.274323
0.167272
-0.093685
0.000000
0.000000
-0.357283
0.110506
0.159959
-0.032466
-0.210361
0.030815
-0.060143
-0.488317
-0.086064
0.325244
0.076686
0.309747
0.253277
0.201325
0.381748
0.228370
0.130145
0.012349
-0.110931
0.008745
0.071800
-0.236214
-0.067929
-0.174842
-0.423221
-0.195694
0.130197
-0.065324
0.374967
0.105681
-0.230618
-0.128471
-0.163615
-0.098657
0.123591
0.010878
-0.140341
-0.355768
0.030392
0.061923
-0.041361
-0.062918
0.011383
0.379877
-0.188401
0.244626
0.342239
0.074722
-0.058670
-0.108508
-0.019415
-0.242674
-0.199635
0.049027
0.251670
0.210103
0.109052
-0.041147
0.256515
0.097831
-0.161701
-0.000546
-0.018661
-0.323951
-0.302992
-0.093643
-0.018025
-0.129308
0.088851
0.237194
0.105297
0.156448
0.003769
0.082512
0.247479
0.172998
0.061463
0.123111
-0.250747
0.050508
-0.114250
-0.284233
-0.290777
-0.086128
-0.053650
0.189844
0.390134
-0.206782
0.151108
-0.237890
-0.260097
0.176791
-0.263656
-0.247416
-0.050413
-0.042353
-0.071661
-0.201898
-0.003847
0.049756
0.025855
0.175586
0.310349
-0.085827
0.137522
0.312067
0.071745
-0.240112
0.539324
0.302902
0.185769
0.354662
0.244638
-0.403741
-0.212826
-0.065069
-0.069338
-0.007817
-0.322512
-0.319212
-0.196457
0.125076
0.268627
-0.125224
-0.303321
-0.026821
0.137622
-0.344668
-0.421138
0.054473
0.152665
-0.019614
0.057593
0.262514
0.281227
0.010817
-0.137286
0.349940
0.286659
-0.182178
-0.229798
0.039066
0.087918
-0.039609
-0.172641
0.013685
0.147252
-0.182450
-0.215281
-0.079358
-0.069072
-0.069791
0.087777
0.048179
-0.332958
0.081010
0.076130
0.180474
0.260675
0.426328
-0.075191
-0.025239
0.430422
-0.256067
0.096960
0.141367
-0.252584
-0.207969
0.061167
0.382466
0.646401
0.089411
-0.190708
-0.526913
-0.342423
-0.162808
0.020698
-0.083381
-0.204547
-0.394944
0.145108
-0.087310
-0.097857
-0.114918
-0.166470
-0.174295
0.080504
-0.104018
0.157509
0.086612
0.343149
0.146881
-0.400490
0.065041
-0.068629
-0.101057
0.379808
0.395708
0.144945
-0.280309
0.452028
0.470615
0.154875
0.356868
0.162200
-0.161547
-0.446350
-0.362266
-0.205111
-0.064293
0.411347
0.154014
-0.125139
0.168279
-0.053420
-0.343713
-0.318490
0.043282
-0.160008
-0.193035
-0.046183
-0.295124
-0.203192
-0.105309
-0.247452
0.142108
0.108560
0.007253
0.518798
0.020493
-0.134467
-0.092930
0.239289
0.125903
0.194558
0.056814
-0.004601
0.047539
-0.122022
-0.039325
0.197867
0.160729
0.066459
0.020702
0.145011
-0.175917
-0.175338
0.095840
-0.210059
0.156217
0.078317
-0.052398
-0.372088
0.097081
0.195515
0.278346
-0.185648
-0.408260
-0.055740
0.023430
0.226896
-0.167769
-0.031418
-0.120821
-0.079765
0.341576
0.085012
0.204391
0.000506
-0.291029
-0.204576
0.055378
-0.051438
0.051802
0.145235
-0.278256
-0.124720
-0.092544
0.254843
0.108107
0.016833
-0.035946
0.369288
0.474875
0.700990
0.126539
0.076522
-0.314123
-0.649078
-0.488271
-0.220470
-0.229964
-0.474132
-0.300895
0.118649
0.308443
0.033890
0.121760
-0.211648
0.092941
0.015464
-0.035061
0.181715
-0.270312
0.088209
0.049268
0.080177
0.090227
0.203750
0.356790
0.837139
-0.111577
-0.224676
0.062446
-0.063243
0.088308
0.168758
0.069121
-0.077227
-0.302347
0.132639
0.123888
-0.562612
-0.203565
0.162234
0.185549
-0.257582
0.000000
0.192977
0.314974
-0.307912
-0.371865
-0.390023
-0.485907
-0.633800
-0.531177
-0.194524
-0.290344
-0.112818
0.581404
0.723260
0.333479
0.235815
0.370277
0.441919
1.095510
0.077270
-0.031416
0.341823
0.112621
0.174329
-0.245141
-0.310647
0.243628
-0.126317
-0.095960
0.101324
0.102599
-0.169183
-0.450492
-0.216874
-0.543386
-0.288363
-0.652572
0.394528
-0.106028
-0.732288
-0.458266
0.274532
-0.243435
0.213338
0.221171
-0.088502
-0.198279
-0.159390
0.242713
0.082352
0.049939
0.460162
0.111435
0.366190
0.941882
0.418723
0.163366
0.219224
0.389920
0.106584
-0.499078
0.148350
-0.494834
0.704641
0.345888
0.062763
-0.445610
-0.013513
-0.341570
-0.479734
-0.619152
-0.323990
-0.473775
-0.456583
-0.066147
-0.409257
-0.262684
-0.086919
0.683569
-0.460871
0.412616
0.469813
-0.023800
-0.371549
0.170817
0.308932
0.155475
0.242779
0.179853
0.144663
-0.564004
-0.354012
0.430225
0.409042
0.753603
0.644490
0.516887
-0.027497
0.114505
0.334176
-0.357151
-0.620132
-0.463746
-0.478243
-0.228206
-0.109110
-0.464216
0.040301
-0.229557
-0.002362
-0.327168
-0.384956
0.187012
0.376548
0.217739
-0.425364
0.181699
0.304649
0.160918
0.409280
0.905592
0.490845
-0.382936
-0.198659
-0.124217
-0.009264
-0.822145
-1.127149
0.056585
0.307749
-0.170105
0.436646
0.109854
-0.284843
0.530415
0.333658
0.000000
0.000000
0.411035
0.215335
0.081908
-0.251024
-0.035225
-0.428091
-0.379253
0.269161
-0.137227
-0.187412
0.305713
0.350621
-0.083247
-0.319257
0.142851
-0.134251
-0.328771
0.289316
0.512020
-0.240997
-0.454257
-0.519590
-0.054100
0.150633
0.817137
0.718765
0.180430
-0.057895
-0.679457
-0.285696
0.211574
0.094111
0.282308
-0.232579
0.228978
-0.550518
-0.810046
-0.393687
0.293212
0.018024
0.249543
0.090205
0.871220
0.535691
-0.130066
-0.444897
-0.233452
-0.264767
-0.231642
-1.130626
-0.293110
0.116099
0.467070
0.643272
0.531319
0.579911
0.346602
-0.105742
0.045961
0.442444
0.060955
-0.112749
-0.437523
-0.006103
0.223074
0.095850
-0.393262
-0.368889
-0.135819
0.482739
-0.300865
-0.665437
-0.250482
-0.229661
0.295010
0.368649
0.122205
-0.117375
-0.447315
0.038674
0.199466
0.453865
-0.296491
-0.580495
-0.030949
-0.137207
-0.087155
0.322583
0.101296
0.051528
0.212138
-0.151852
-0.020454
0.064069
0.187207
0.518053
0.545051
0.421073
-0.148138
-0.302293
-0.420394
-0.272796
-0.275552
0.023728
0.634469
0.593768
0.204852
0.114781
-0.027499
-0.561878
0.098028
0.383050
-0.259474
-0.408245
-0.580860
-0.326694
-0.035741
-0.088401
-0.339833
-0.298860
0.000000
-0.221784
-0.405341
0.146823
-0.020773
0.107853
0.470497
0.030072
0.157669
0.306187
0.087181
0.141657
0.758922
0.043915
0.154269
0.065595
-0.273869
-0.640224
0.159683
0.440416
0.494357
0.830065
0.000000
0.014449
0.333282
-0.562581
-0.632136
-0.639267
-0.307269
-0.303690
-0.059865
0.251535
0.122571
-0.177102
-0.344655
-0.483358
-0.015153
0.139908
-0.261050
0.096504
-0.084076
-0.130446
-0.089462
0.732506
0.698145
0.108765
-0.065126
0.412641
0.108522
0.072516
0.037587
0.193463
-0.304297
-0.587966
-0.036577
