-0.002860
0.089051
0.095791
-0.219650
0.192746
0.357636
0.051892
-0.104573
-0.155271
-0.241736
-0.067222
-0.007183
-0.094512
-0.078698
-0.026559
-0.043062
-0.037366
-0.103589
0.013107
0.013464
0.123924
-0.044528
0.118061
0.053732
-0.000233
0.097230
-0.012930
0.024376
0.152667
0.024734
-0.118788
-0.008640
0.048005
0.058435
0.062551
0.020830
-0.204505
-0.229382
-0.010363
0.029098
-0.003401
-0.059119
0.012402
0.013848
0.072319
0.187784
0.037343
-0.107910
0.024997
0.055614
0.180728
-0.159229
-0.275448
0.054128
0.338871
0.266108
-0.113908
-0.054826
0.336474
0.057731
-0.244728
0.032482
0.149771
-0.092437
-0.338077
-0.209968
0.155617
-0.232661
-0.516439
-0.361436
0.067693
0.035943
0.260224
0.389836
0.128882
0.042188
0.251798
0.097214
0.032697
-0.160614
-0.350036
-0.218745
0.000097
0.023526
-0.213581
0.185548
0.136407
-0.027403
0.144286
0.212260
0.081217
-0.017005
0.204238
-0.047804
0.022100
0.146061
-0.065832
-0.139136
0.057415
0.239711
0.040282
-0.091703
-0.131160
-0.154650
-0.277778
-0.004044
-0.094071
-0.017089
0.471098
0.189894
0.139768
-0.160391
-0.275243
-0.263878
0.063868
-0.069943
-0.174906
-0.185444
-0.037981
-0.125733
-0.181808
-0.138283
0.159363
-0.027668
0.262244
0.215965
-0.058902
0.169220
0.142619
0.152991
0.168211
-0.205531
0.066352
0.315175
0.115188
-0.081526
0.189145
-0.117550
-0.047194
-0.071342
-0.428761
-0.253976
0.147216
0.101541
0.184374
0.131720
0.228473
-0.209039
-0.093701
-0.031997
0.088349
-0.478432
-0.170616
0.360122
0.246260
-0.089920
-0.340465
0.314047
0.173700
-0.227427
-0.217314
0.162170
-0.160798
-0.439639
-0.324074
0.262223
0.246602
0.078471
0.189450
0.099258
0.137929
0.320368
0.314676
-0.142599
-0.523574
-0.238313
-0.051971
-0.109984
-0.084752
-0.043712
-0.039550
0.039674
0.031433
0.358386
0.077113
0.145596
-0.081124
0.073312
-0.014543
0.055883
0.000136
0.178616
-0.150918
0.180465
0.310484
0.031269
0.036189
-0.139178
-0.083153
0.038158
-0.258778
-0.146214
-0.225276
-0.035962
0.096200
0.133872
-0.104349
-0.315931
-0.319099
-0.030910
-0.063055
-0.017299
0.193384
0.134769
-0.168696
-0.100853
0.091403
-0.096545
0.078723
0.253826
0.408216
0.097354
0.126841
-0.002844
-0.149816
0.092619
0.217281
-0.017814
-0.154935
-0.151440
-0.290360
-0.109029
-0.031513
0.074259
0.144839
0.114088
0.121509
-0.009625
0.094562
0.022395
-0.161792
0.246186
0.359432
0.282236
-0.238125
-0.221503
0.029938
-0.001418
-0.373387
-0.275573
-0.245363
-0.132250
-0.042010
0.445921
0.014893
-0.291976
-0.162748
0.030491
-0.077855
0.100497
0.045006
-0.232499
-0.076219
-0.086843
0.024322
0.147077
0.154766
0.084383
0.240284
0.400934
0.374083
-0.082382
-0.215148
-0.127631
0.184002
-0.147264
0.111794
0.312789
-0.192258
-0.283843
-0.461105
-0.331509
0.198688
0.376086
0.391045
0.133457
-0.241645
0.237576
0.182655
-0.027738
-0.199719
-0.156359
-0.133475
0.047008
0.067724
-0.064278
-0.173422
0.186630
0.029821
-0.276671
-0.184055
0.003980
-0.163288
-0.123424
-0.150430
-0.321436
-0.259250
-0.022575
0.242115
0.198730
0.085913
0.105161
0.237289
0.266853
0.088269
-0.027067
0.137176
0.002462
0.088696
0.189783
0.197858
0.078415
-0.115154
0.211489
0.200254
0.096830
-0.225128
-0.158125
-0.210884
-0.114887
-0.024052
-0.523329
-0.152588
0.229360
0.263814
0.125253
0.013780
-0.069093
-0.104595
-0.069864
0.031296
-0.170680
-0.171254
-0.096674
-0.118395
-0.073800
-0.131343
-0.022742
0.035824
0.017720
0.130274
0.142458
0.089747
0.019507
-0.022735
0.327034
0.010432
-0.076970
0.088185
-0.021151
0.129445
0.089993
0.081274
0.365018
0.103330
-0.326445
-0.100807
-0.301601
-0.030019
-0.026695
0.000000
0.000000
0.270336
0.036190
0.131755
0.299173
-0.083199
-0.133750
-0.276197
-0.294529
-0.127938
-0.210173
-0.122992
0.314857
-0.033683
0.105643
0.301131
0.110296
-0.071204
-0.195097
-0.187119
-0.222531
-0.430367
0.000000
0.000000
0.393747
0.015183
0.058609
0.232197
0.302593
0.091596
0.075541
-0.220843
-0.297746
-0.006606
0.025745
-0.237494
0.051972
0.104662
0.025071
-0.119413
0.009257
0.361337
0.184423
0.091464
0.305050
0.170835
-0.132970
-0.086472
0.202140
0.145261
-0.242714
-0.357683
-0.179313
-0.068763
-0.113577
0.058127
0.095624
-0.070430
-0.013423
0.150158
-0.195341
0.023343
0.034680
0.148866
-0.125204
-0.245677
-0.250695
-0.046949
-0.223981
0.012949
0.317154
0.084626
-0.094867
-0.226883
0.093191
0.119109
-0.062856
-0.067728
0.016683
-0.036435
-0.084850
-0.006201
0.103398
0.142398
0.083003
0.332506
0.367413
0.255508
0.056619
0.168606
0.211174
0.353844
0.134128
-0.355281
-0.039474
-0.174550
-0.170120
-0.484051
-0.186991
0.181951
-0.263191
-0.457539
-0.005653
0.040279
-0.132599
-0.154469
-0.068646
-0.014265
0.127129
-0.021330
-0.325735
0.239272
0.137543
-0.057403
0.019916
0.282704
0.257673
0.080974
0.266604
0.066747
0.094941
0.095840
0.269658
-0.037997
-0.554940
-0.605348
-0.441272
-0.155889
0.215061
0.191242
0.039617
0.204520
0.333820
0.300910
0.369422
0.138024
-0.011019
-0.250064
-0.302077
-0.170180
-0.144716
0.022751
0.136763
0.134739
0.130711
0.268569
-0.055568
-0.365049
0.060922
-0.009391
-0.052827
-0.181028
-0.087651
0.200337
0.118426
-0.148979
-0.167867
-0.263911
-0.333071
-0.062021
-0.008805
-0.200505
0.070168
0.257073
-0.060405
0.173018
0.310921
0.180198
0.165134
0.233503
0.180017
-0.097946
-0.174253
0.078320
0.267017
-0.420604
-0.365881
-0.144168
-0.320625
-0.098304
0.038288
0.056285
0.321384
0.357205
0.113586
0.133615
0.050973
0.028178
-0.324923
-0.104745
0.072848
0.103412
-0.246813
0.098500
0.357641
0.080492
0.162706
0.186794
-0.196482
0.157972
-0.243536
-0.174745
0.360719
-0.032288
-0.083238
-0.015511
-0.301018
-0.591627
-0.444835
-0.300498
-0.112277
0.041463
0.050844
-0.108011
-0.280525
0.189837
0.314027
0.400969
0.117695
0.000000
0.000000
0.418556
0.423651
0.499126
-0.081708
-0.377786
-0.208733
0.088344
-0.085975
0.127093
0.240344
0.310802
-0.022791
0.040639
0.024247
-0.040540
0.110981
-0.192236
-0.165446
-0.219998
-0.273535
-0.044359
-0.146553
-0.506955
-0.298707
-0.171596
-0.254347
-0.176982
0.019859
0.345661
0.458028
0.357851
0.419255
-0.075913
-0.156605
0.045036
0.049416
0.259399
0.229736
-0.201128
-0.313381
-0.030338
0.230027
0.048184
-0.223999
0.171403
0.383231
0.266360
-0.116982
-0.293704
-0.085188
-0.219337
-0.276502
-0.211065
-0.006881
0.095133
-0.048978
0.015010
0.097933
0.073337
0.104284
-0.041331
-0.155352
-0.172635
0.012558
-0.083529
-0.262614
0.062518
0.150064
0.239755
0.153708
0.031326
0.098711
0.143940
0.188114
0.128219
0.166602
0.277347
0.352765
0.259754
0.011704
-0.227758
-0.050955
-0.204506
-0.575721
-0.453358
-0.371113
-0.344030
0.033726
-0.016335
-0.238546
-0.247830
-0.092091
0.430333
0.176772
-0.147600
-0.108494
0.032914
0.299732
-0.107746
0.070950
0.170625
0.108551
0.088357
-0.033108
0.219487
0.173533
0.121996
0.136237
0.214315
0.199902
0.132280
-0.037255
0.178416
0.046453
0.099945
-0.176030
-0.388458
-0.058609
-0.066895
-0.530910
-0.263631
0.451298
0.209510
-0.035351
-0.337105
-0.376636
-0.280313
0.028687
-0.087340
-0.265374
0.151426
0.192732
-0.001840
0.163489
0.348911
0.123095
0.096861
-0.007298
-0.055740
-0.084204
-0.217960
-0.052124
0.012779
0.210217
0.077139
-0.096554
-0.044462
-0.034883
0.009653
0.021495
-0.161863
-0.104673
0.288917
0.519349
0.247932
-0.012197
-0.041679
-0.139937
-0.136814
-0.022982
-0.207139
-0.076789
0.000000
0.000000
-0.007628
0.041526
0.050061
0.269928
0.184940
0.132626
-0.321513
-0.193608
-0.114659
-0.201169
0.098127
0.041259
-0.194738
-0.088340
-0.144631
-0.349171
0.085090
0.352899
0.168922
-0.025163
0.162539
-0.061762
-0.066282
0.072351
-0.074936
0.139426
0.425867
0.174639
-0.073115
-0.266717
-0.211357
-0.034366
-0.062916
0.062693
0.245253
-0.000559
-0.057666
0.237370
0.052208
-0.168422
-0.214895
-0.067476
-0.190514
-0.158739
-0.111478
0.140539
0.081803
0.006336
0.058251
0.019513
0.033343
0.014488
0.100095
0.000986
0.075325
-0.076409
0.251116
0.469274
0.018299
-0.226108
-0.000916
-0.314618
-0.243769
0.060819
-0.378459
-0.350032
0.150841
0.175157
0.156477
0.053392
0.006481
0.272428
0.053357
-0.109215
-0.018912
-0.042979
-0.363160
0.085194
0.304406
0.115689
-0.084274
0.290952
0.283534
0.019784
0.194535
0.015695
-0.272925
-0.232208
-0.262450
-0.535577
-0.590132
-0.001685
0.368313
0.195848
-0.054761
0.068775
0.030044
0.128382
0.086886
0.117777
0.147886
0.073820
0.210861
0.295664
-0.039093
-0.126891
0.177092
-0.060904
-0.101075
0.211540
-0.108589
-0.281456
-0.260866
0.257574
0.032150
-0.260757
-0.118243
-0.039736
-0.385094
-0.106847
0.010505
0.125125
0.259024
-0.247498
-0.123962
-0.063059
0.258528
0.497721
0.083890
0.003135
0.118424
-0.260724
-0.136183
-0.117112
0.069044
0.011677
-0.024462
-0.197296
-0.314743
-0.000071
0.337887
0.190266
0.463125
0.254384
0.284440
-0.078743
-0.015974
0.066055
-0.108727
-0.384564
-0.412333
-0.130796
0.129826
0.315806
0.423564
0.044915
-0.082499
-0.216500
-0.360572
-0.231957
-0.145129
-0.159612
-0.156982
-0.139770
-0.089223
0.167963
-0.111406
-0.372028
-0.234440
0.167566
0.346496
0.144864
0.225513
0.059093
0.134768
0.193331
0.622950
0.630695
0.413882
0.193912
-0.060866
0.077367
-0.513088
-0.347732
0.174008
0.039076
-0.459891
-0.465773
-0.357653
-0.180973
-0.184071
-0.176196
0.044836
-0.101427
-0.389724
-0.221513
0.158027
0.229064
0.292339
0.041664
0.109565
0.112312
0.063966
0.297962
0.343548
0.074617
-0.155823
0.040826
0.218352
0.195750
0.143312
0.019554
0.045691
0.140611
0.224290
0.174182
-0.130432
-0.603979
-0.854396
-0.465743
-0.094742
0.011515
0.137255
0.017208
-0.179927
0.144083
0.065989
0.117143
0.206338
0.035375
0.187492
0.011723
-0.090196
0.135581
0.074274
0.058575
0.075582
-0.203224
-0.022071
-0.112035
0.092353
-0.086396
0.021087
-0.071178
0.045480
0.141996
-0.000653
-0.035845
0.100130
0.118879
-0.023492
-0.078593
0.070134
0.060325
0.076737
0.408315
0.223210
-0.130705
-0.087475
-0.004985
-0.375474
-0.506438
-0.281156
-0.316917
0.209638
0.394667
0.094257
-0.423678
-0.439828
-0.015768
-0.131916
-0.215874
0.154572
0.347457
0.349836
0.020112
0.049070
0.398274
0.197918
0.075160
0.169842
0.228319
0.503721
0.540379
-0.143016
-0.512353
-0.422956
-0.036891
0.205320
-0.253177
-0.499829
-0.604380
-0.344437
-0.085061
0.116721
0.151684
-0.041929
-0.096696
-0.241270
0.214658
0.331902
0.168681
0.162564
0.172182
0.352234
0.180138
0.005152
-0.284516
-0.273294
-0.017945
0.231977
0.173832
0.167640
0.279372
0.105675
0.037224
-0.099566
-0.297188
-0.286114
-0.474191
-0.246957
-0.050507
-0.200273
-0.113767
-0.251695
-0.121402
-0.133688
0.250350
0.588013
0.363693
-0.043520
0.190945
0.228224
0.156122
-0.094499
0.031012
-0.046785
0.033990
0.143619
0.064985
0.105663
0.009084
-0.064770
-0.071811
-0.120091
-0.135059
0.011414
-0.213149
-0.413273
0.024750
-0.045417
0.075071
0.171540
0.019640
-0.312446
-0.211858
0.076482
0.346594
0.270762
0.136060
0.363894
0.005449
-0.495242
-0.347607
-0.504385
-0.079027
0.160470
0.409862
0.353126
-0.010103
0.069472
0.027167
-0.340479
-0.293512
0.085731
0.435500
0.392529
0.291405
-0.246499
-0.152641
-0.080524
-0.254874
0.005790
-0.007946
