-0.109736
0.108219
-0.457047
0.097549
0.737672
0.148765
0.006365
0.250588
0.138643
-0.429829
-0.042240
0.090754
0.023850
0.361493
-0.591373
-0.892388
-0.005168
-0.213694
-0.083317
-0.013151
-0.214997
-0.012779
-0.235388
0.094845
-0.022983
-0.233876
0.159329
0.303306
0.469477
0.981922
0.539454
0.555613
0.157189
-0.055744
0.198222
-0.097282
-0.659499
-0.514920
0.368612
0.243719
-0.374414
-0.759127
-0.119405
-0.077039
-0.061543
0.462923
-0.241766
-0.910743
0.156900
-0.392417
-0.347488
-0.226436
0.499914
0.068704
0.071041
0.309867
-0.380595
0.856842
0.273937
0.073182
0.856297
0.565762
0.275145
-0.258440
-0.177172
-0.035514
-0.129974
-0.194536
-0.398001
-0.281987
-0.178039
-0.388417
-0.143743
0.424280
0.431720
-0.747530
0.025696
0.342951
-0.233663
-0.410290
0.462568
-0.535502
-0.231468
-0.277872
-0.134157
0.076648
0.600121
0.471240
0.052464
0.116621
0.112771
-0.071118
-0.220753
0.892060
0.261599
-0.098457
-0.447885
-0.106572
0.111761
-0.225771
-0.008072
-0.101166
-0.210841
0.298148
0.082189
0.224316
0.060555
0.083030
0.358109
-0.185598
0.044351
-0.066578
-0.261132
-0.651761
-0.094435
0.082622
-0.191976
-0.196554
-0.370554
0.029145
0.070699
-0.274380
0.144452
-0.025254
0.297633
0.170193
-0.215023
-0.002261
-0.145844
0.099848
0.639580
-0.205954
0.138407
0.454280
0.521121
0.382800
0.253569
-0.244047
0.134955
0.289820
-0.467734
-0.090042
-0.203159
-0.694040
-0.113777
0.476408
0.077731
-0.482976
-0.411779
-0.077204
0.108337
-0.797374
0.343678
0.107916
-0.275348
0.042304
-0.559968
0.544316
0.437739
0.002487
0.488008
-0.038082
-0.192889
-0.051247
0.105889
0.042232
0.529584
0.352175
0.161124
0.386437
-0.524823
-0.046251
0.079188
-0.668345
-0.426451
-0.113707
0.175411
-0.209181
0.308758
0.026099
-0.228813
0.007500
0.232853
-0.022757
-0.092271
-0.291367
-0.120728
-0.115626
-0.041622
0.576146
-0.113058
-0.128345
0.040821
0.174237
0.463110
0.245750
0.368070
-0.011498
-0.117953
0.283627
-0.214910
-0.595342
-0.220952
-0.201819
-0.020920
0.094105
0.436184
0.079525
-0.024615
-0.751601
-0.271654
0.267539
-0.158105
0.100327
0.199372
0.104300
0.017592
0.008972
-0.132432
-0.017527
0.081202
0.419381
0.186267
-0.223762
-0.534721
-0.278759
0.030723
0.087499
0.349620
0.512353
0.054073
-0.557384
-0.573636
0.218001
-0.023965
0.170026
0.517003
0.111570
0.178038
-0.152016
0.694130
-0.261557
-0.493994
0.029196
0.037825
-0.074254
0.551689
-0.154618
-0.496797
-0.101259
-0.281539
0.163354
0.282610
-0.629824
0.436042
0.074078
-0.282416
0.135828
0.002351
0.143257
0.793217
-0.378738
-1.076688
0.062957
-0.189086
-0.359912
0.399504
0.171740
-0.221004
-0.410826
-0.061456
0.137776
0.323953
0.167402
0.175239
0.258844
0.064078
-0.107562
0.549394
0.432017
0.142869
-0.057012
0.274627
-0.008219
-0.081941
-0.209808
-0.141146
0.064280
0.401214
-0.729112
-0.558231
0.482319
0.062805
-0.475053
-0.309000
0.247965
-0.280335
0.391732
0.066761
-0.291451
0.038745
-0.136140
-0.295804
-0.319460
0.317411
-0.457673
-0.003196
-0.285390
0.178816
0.397440
0.114415
-0.047594
0.133964
-0.127023
-0.022826
-0.423218
0.641791
0.186292
0.639468
0.290965
-0.019824
0.166796
0.571397
0.777427
0.108997
0.095712
-0.498841
0.172848
-0.889141
-0.463520
-0.392457
-0.716683
-0.173751
-0.218310
0.341095
-0.331209
-0.518971
0.085164
0.652127
0.150725
0.031172
0.168415
0.265289
-0.221892
-0.511792
-0.165750
0.451983
0.154950
-0.050004
0.106745
-0.343230
0.050272
0.418615
0.362540
0.160369
0.079078
0.045386
-0.078034
-0.237088
0.133344
-0.182964
-0.063670
0.011332
0.053487
-0.353517
0.480061
-0.123125
-0.102433
-0.028617
-0.053840
0.000000
0.000000
-0.657899
0.177581
0.740259
-0.288358
0.444215
0.283802
-0.053966
-0.538451
-0.607489
0.366042
0.183283
-0.565203
-0.620552
-0.227334
0.451882
-0.461465
0.110215
0.419856
0.295421
0.519714
0.905954
0.000000
0.000000
-0.210444
-0.363707
0.392233
-0.088165
-0.512541
0.313013
0.229947
0.216593
-0.077055
0.389745
0.320140
0.438586
-0.043821
-0.450278
-0.249116
-0.441654
0.314640
-0.558141
-0.313688
-0.629981
-0.714594
0.012046
-0.165473
0.044817
-0.434189
-0.101047
0.332995
-0.004913
-0.062541
-0.641964
-0.174819
0.345797
0.357900
-0.067551
0.668707
0.372943
0.726250
0.271893
0.586592
0.494977
-0.636529
1.034295
0.209133
0.088075
0.122172
-1.238625
0.185497
0.555365
-0.239585
-0.362290
-0.092071
-0.195002
-0.505888
-0.439247
0.243242
0.215972
-0.142810
-0.465384
0.239527
0.433543
-0.158124
0.114620
-0.709645
-0.409080
-0.273007
-0.391416
0.340273
0.016323
-0.060316
0.296475
-0.253368
-0.126485
-0.295307
0.143366
0.430415
0.282352
0.099744
0.195345
0.191568
-0.629260
0.513727
0.266698
0.458219
0.327130
0.150264
0.064533
0.327846
-0.353117
0.062644
0.169751
-0.330221
-0.287168
0.637351
-0.129117
-0.276281
0.060956
-0.436181
-0.691706
-0.082055
0.575908
-0.238895
-0.136665
-0.486945
-0.464853
0.638379
-0.052737
-0.150435
0.329216
0.085128
-0.247608
0.626289
-0.282790
-0.036502
0.100162
0.003524
0.222392
0.143029
0.093121
0.237811
0.069050
-0.091054
-0.167823
-0.401760
-0.886125
0.083729
-0.176175
-0.391006
-0.327018
0.493481
-0.104499
0.153454
0.512016
0.171778
0.412980
0.181424
0.142452
0.076713
0.191744
0.027044
0.391135
0.261706
-0.026697
0.530448
-0.452479
-0.782942
-0.527137
-0.270692
0.147531
0.287562
0.232261
-0.117404
0.126788
-0.160235
0.360357
-0.078322
0.114730
0.167461
0.264750
-0.441080
0.097957
-0.216244
-0.491130
-0.138936
-0.586419
-0.402774
-0.896735
-0.195849
0.108922
-0.012941
0.216576
0.191392
-0.221552
0.340782
0.274775
0.731249
0.613217
0.950218
0.186733
-0.211460
-0.199945
-0.015420
0.345225
-0.027995
0.434239
0.134254
-0.327808
0.162290
-0.334653
-0.391845
-0.776896
0.021784
-0.093702
0.002424
-0.232025
0.113367
0.000000
0.000000
0.092304
0.569875
0.674732
-0.716676
0.409611
0.130330
-0.470986
-0.005833
-0.731352
-0.445543
-0.127957
-0.169947
-0.085426
-0.324766
-0.067462
-0.212763
0.241410
-0.435374
0.570472
0.285259
0.275576
0.821651
0.796821
0.395417
0.157159
-0.599880
-0.048635
0.198610
-0.150781
0.417080
-0.165505
-0.567263
-0.552918
0.041345
0.198147
-0.227268
-0.081082
0.163019
-0.162743
-0.019227
-0.033916
0.223270
-0.092685
-0.017684
0.378237
0.193351
-0.388235
0.357892
-0.309106
-0.166129
-0.576918
-0.052131
0.394446
0.693311
0.043575
-0.220313
-0.546158
0.159054
-0.463003
-0.098598
0.173423
-0.095829
0.652737
0.249258
-0.222639
-0.368025
-0.206887
0.271892
0.519201
0.202407
0.059709
0.555145
0.086816
-0.273378
-0.548260
-0.576730
-0.600148
0.065140
-0.524529
-0.291400
0.537063
0.131113
0.263930
0.348981
0.024981
-0.291173
0.351430
0.028459
0.163167
0.536316
0.457325
0.163570
-0.027680
-0.113558
-0.105846
-0.002937
-0.362423
0.031177
-0.160850
0.040687
0.090034
-0.582642
-0.124263
-0.215265
-0.110387
0.047971
0.433260
0.080114
-0.501240
-0.394688
-0.209797
0.331343
0.808763
0.434119
-0.619346
-0.565201
0.597163
0.210056
-0.211396
0.069110
0.174655
-0.021000
-0.181006
0.497581
-0.521547
-0.305535
-0.010014
-0.192524
-0.231969
-0.599631
-0.148970
0.431503
0.359309
0.378269
0.649409
-0.034487
-0.094707
0.782017
-0.365768
-0.111795
0.281304
0.147016
-0.196742
0.152190
0.194602
-0.470142
-0.061946
0.356071
-0.105942
0.225313
0.372457
-0.281417
-0.911958
-0.899035
-0.484089
-0.140219
0.529128
-0.274277
-0.097804
0.536983
0.281289
0.362473
0.000000
0.000000
0.446295
-0.209084
0.099816
0.855445
-0.611518
0.029695
-0.569684
-0.405673
0.803015
0.117217
-0.731690
-0.645465
-0.235272
0.118184
0.077888
-0.564531
-0.103297
0.532267
0.234365
-0.162734
0.179757
0.391099
-0.099939
0.556688
0.420180
0.140525
0.255611
0.078295
-0.125029
0.008048
0.167456
-0.200565
0.276235
0.193831
-0.129030
0.086365
-0.191487
0.020201
0.074625
-1.098116
-0.235137
-0.409845
-0.203925
-0.073726
0.150115
-0.138511
-0.205401
-0.411607
-0.279715
-0.106566
0.203868
-0.375553
0.584988
1.179614
0.383816
0.096770
0.398047
0.135706
0.008922
0.017046
-0.112888
0.079922
-0.406586
0.233984
-0.186040
-0.315747
0.097158
0.140256
0.056779
0.224824
0.182646
-0.017514
-0.354179
0.151272
0.014349
-0.722247
-0.461750
-0.500794
-0.249864
0.256530
-0.292090
0.343375
0.796137
0.540521
-0.223994
0.671832
0.289109
-0.511881
-0.096711
0.015034
-0.225481
0.189375
0.895998
-0.148425
-0.756846
-0.147861
-0.385179
-0.530847
0.045890
0.115948
0.277564
0.374947
-0.394286
-0.303843
-0.233077
-0.364357
-0.445053
0.578767
0.142699
0.322579
-0.348896
0.465821
1.002617
0.167691
-0.210838
-0.216925
0.150041
-0.305668
0.388075
-0.422037
0.229780
0.382476
0.102244
-0.174093
0.037954
-0.216266
0.098185
-0.467833
0.055248
0.010257
0.088409
0.028684
-0.330693
-0.226503
0.500902
0.135654
-0.275021
-0.007184
-0.633624
0.202131
0.497263
0.027532
-0.314458
-0.491018
0.387320
0.440401
-0.423097
-0.330183
-0.156145
-0.067481
0.069711
-0.111760
0.110927
0.501988
-0.073246
-0.486815
0.103682
0.545690
-0.285939
-0.005041
0.442117
0.044761
0.205565
0.157332
0.188045
0.330766
-0.290208
-0.263288
0.036097
-0.142724
0.093501
-0.088664
0.705158
-0.076840
-0.065717
0.140811
-0.021161
-0.537857
-0.413039
-0.251591
-0.066460
-0.030720
-0.142723
0.098718
-0.478233
0.163691
-0.245874
0.680870
0.566142
0.023578
0.227474
-0.136906
-0.438515
-0.430474
-0.783263
-0.785775
0.633709
0.568191
-0.137796
-0.154757
0.619245
0.731834
0.011206
0.053167
-0.363976
0.169849
0.436094
0.176670
0.202213
-0.437006
-0.246586
0.130993
-0.382316
0.315917
0.175445
0.288940
-0.242621
-0.537925
-0.334411
0.429495
0.097685
-0.308080
-0.194177
0.138784
0.571279
0.142015
0.025293
0.022869
-0.183793
-0.389094
-0.106436
-0.016301
0.354286
-0.017562
-0.710269
-0.528744
0.240299
-0.116176
0.029038
0.077277
-0.006840
0.173515
0.520045
0.367524
-0.428716
0.042654
0.305013
-0.021294
-0.208732
-0.334984
-0.047325
0.718932
0.120733
-0.192168
0.305073
-0.410529
-0.286624
0.059388
-0.337144
-0.228368
0.064427
0.367072
0.044152
0.165414
0.076341
-0.004530
0.346793
0.230912
-0.110763
0.208561
0.272098
0.036373
-0.446473
0.029558
0.490425
0.015780
-0.662791
-0.646721
-0.414447
0.059909
-0.023681
-0.056325
-0.295554
0.279064
0.409163
0.177857
-0.183928
0.345394
-0.280046
-0.301929
-0.257105
-0.003969
0.355991
-0.286250
-0.119625
-0.200770
-0.185757
0.806382
0.426626
0.077259
0.030976
0.205401
-0.166227
-0.463987
-0.178016
0.545292
-0.053485
0.211797
0.228796
0.361237
-0.105582
-0.008496
-0.028993
0.178305
0.138213
0.025204
0.169742
-0.332777
-0.055943
-0.516829
-0.387211
-0.166572
-0.107277
-0.114241
-0.275660
-0.024228
-0.708627
-0.026653
0.323625
0.214705
0.757059
0.085580
-0.070693
0.211732
-0.128354
-0.127346
-0.067597
0.299411
0.040823
-0.280405
-0.041585
-0.448114
0.248536
0.354990
-0.306672
0.405380
-0.049939
0.312599
0.331402
0.147376
-0.009676
0.081211
-0.256192
0.483985
-0.027807
-0.178843
-0.139028
-0.479969
-0.093741
-0.135531
-0.205409
-0.442374
-0.469639
0.559846
0.157157
-0.176123
0.128755
0.143956
0.193607
0.298368
-0.355296
0.073314
-0.134785
0.018173
-0.093762
-0.009089
0.275804
-0.276372
-0.034315
0.908869
0.282018
-0.018846
-0.472383
-0.344995
