-0.107871
0.180742
-0.099666
0.136868
-0.021203
0.192742
-0.014763
0.039497
-0.056849
-0.250165
-0.072472
-0.051607
0.302830
-0.041432
-0.037456
-0.143539
-0.479878
-0.050181
0.127111
-0.003275
-0.086214
-0.013390
0.096750
0.270530
-0.160648
-0.003057
0.315861
0.334832
0.064907
0.356217
0.128166
-0.349403
-0.404290
0.296015
0.319996
-0.296439
0.000575
0.194452
0.119043
-0.307962
-0.376182
-0.122056
0.045810
-0.157459
-0.245207
-0.220891
-0.155569
0.233556
-0.109715
-0.314748
0.032699
0.409700
0.126258
0.284000
0.021705
-0.190778
-0.063503
0.244902
0.209238
0.192923
0.330577
0.153478
0.008086
0.035762
0.082810
-0.052090
-0.320304
-0.479958
0.000059
0.029090
0.076631
0.358759
-0.110606
-0.366160
0.055754
-0.188331
0.078001
-0.253968
-0.401174
0.172632
-0.056153
-0.070268
0.311002
0.166336
0.040345
0.133730
0.117003
-0.020203
-0.203158
0.155976
0.019585
-0.062164
0.135373
-0.011272
-0.013806
-0.183164
-0.386514
-0.050084
0.170011
0.236353
-0.103464
-0.268509
-0.046029
0.137235
0.362007
0.084499
0.081418
0.197898
-0.055410
0.269533
0.035166
0.073903
0.061377
0.078757
0.387792
0.049462
0.098822
-0.514937
-0.538474
-0.495666
-0.386267
-0.346639
-0.242176
0.171184
0.125095
0.044761
0.065477
0.164410
0.148708
-0.038254
0.006097
0.183318
-0.095515
0.124394
-0.033594
0.139673
0.043301
0.372860
-0.337418
0.159481
0.303505
-0.050019
-0.053833
0.322482
0.215522
-0.057914
0.009548
0.022340
-0.231512
0.090009
0.074410
0.104328
-0.392980
-0.452441
-0.557176
-0.209388
-0.090265
-0.190601
-0.075150
0.087709
0.435324
0.361658
0.262849
0.302817
0.041802
0.328160
0.039845
-0.091501
-0.284705
-0.072806
0.142709
-0.096083
-0.451217
0.022475
-0.113715
-0.288275
0.069428
0.179180
-0.198587
-0.369901
0.247439
-0.093046
0.079270
0.412624
0.321576
0.168364
0.202584
-0.201644
0.166037
-0.044110
0.052164
0.311515
-0.172706
-0.087974
-0.360281
-0.246523
0.168233
-0.023947
0.020729
-0.225299
-0.055916
-0.034034
0.108122
0.243958
-0.117902
-0.341998
-0.011346
-0.020373
-0.168037
0.006321
0.067978
0.049353
0.149484
0.267592
0.340078
0.246140
0.038218
0.541192
-0.112663
-0.003782
-0.275926
-0.244219
-0.197438
-0.576764
-0.278857
-0.061433
-0.270612
-0.340693
0.229344
0.004110
-0.091362
0.267610
0.220408
0.288560
0.369306
-0.052704
0.207604
-0.042953
0.001023
0.138161
0.228567
-0.263369
-0.007007
0.048383
0.026367
0.043435
0.292592
-0.000038
-0.211240
-0.211022
0.178784
-0.104026
-0.329910
-0.081516
0.251383
0.140253
0.053624
-0.165304
0.010204
-0.574738
-0.221062
-0.106414
0.180571
0.021567
-0.106371
0.001436
-0.047345
-0.083595
-0.105169
0.028183
0.249927
0.216107
0.003213
0.107058
-0.184258
0.268081
0.150830
-0.280648
0.331719
0.368391
0.200291
0.119444
-0.023494
0.002663
0.177866
-0.034737
-0.080150
-0.358184
-0.174719
0.314165
-0.034378
-0.335698
-0.056434
-0.205409
-0.141208
-0.072088
-0.288526
0.037879
-0.105339
0.016160
0.147238
0.106371
0.164742
0.018918
-0.141304
-0.066221
0.247534
-0.104826
0.017494
0.060044
-0.080655
-0.040496
-0.098486
0.112298
0.034607
-0.413239
0.054405
0.444277
0.237217
0.156577
-0.201148
0.178802
0.173590
0.209538
0.204074
-0.143623
0.023270
-0.038611
0.131770
-0.286119
0.099842
-0.155290
-0.357577
-0.237671
-0.506247
0.132272
0.332762
0.261037
-0.186637
-0.473748
-0.006853
0.121748
0.064775
0.124046
-0.085909
-0.059737
0.081067
-0.069225
-0.068184
0.100580
-0.027566
0.080650
0.232725
0.371416
0.418993
0.072192
-0.280869
0.040804
-0.153106
-0.289225
0.073720
0.081804
-0.104221
-0.261869
-0.016607
-0.134625
0.096536
0.053075
-0.063504
0.172223
0.000000
0.000000
-0.354839
0.118006
0.290661
0.310179
0.097860
-0.137673
-0.290934
-0.145932
-0.004284
-0.458027
-0.544319
0.218749
0.352468
-0.060879
0.195249
0.171937
0.176406
0.174532
0.250942
0.053253
0.366200
0.000000
0.000000
0.099529
-0.282308
-0.233094
0.015444
-0.092393
0.025619
-0.059051
-0.111027
0.203565
-0.307664
0.105551
0.471710
0.089759
-0.192007
-0.256876
-0.129427
-0.282819
-0.200817
0.015378
-0.237202
-0.205095
-0.131953
-0.071641
-0.055548
0.080799
-0.027401
0.067322
-0.033678
-0.017287
0.225666
0.393197
-0.060277
0.103234
0.414435
0.082337
0.096868
0.289371
0.231249
0.216669
0.074764
0.171445
0.110879
-0.477746
-0.053699
0.100063
-0.144923
-0.080053
-0.286963
0.158830
-0.193108
-0.244685
0.033845
-0.215549
-0.300837
-0.514737
0.221845
-0.217423
-0.099201
-0.018499
0.193313
0.051636
-0.197773
0.065069
0.300059
0.081305
0.327225
0.538566
-0.210716
0.026323
0.088878
-0.065506
-0.153394
-0.176863
0.117914
0.395813
0.041839
0.029566
0.145822
-0.038612
-0.398209
-0.275305
-0.357869
-0.069069
-0.208883
-0.368253
0.128661
0.386220
0.366184
0.342171
0.301927
0.174061
-0.023482
-0.151289
0.281862
0.106411
-0.142700
-0.177674
-0.432293
0.013433
0.199847
0.114627
-0.032238
-0.360066
-0.045406
0.125521
-0.168516
0.173174
-0.081875
-0.071989
-0.410207
0.111384
0.085261
-0.178345
-0.352548
0.060887
0.056325
-0.000047
-0.067382
0.077147
-0.074952
0.404753
0.201228
-0.048601
0.034459
0.400592
0.144101
0.100671
0.132982
0.036145
0.039425
-0.314060
-0.142766
0.246884
-0.216486
-0.143100
0.049988
-0.112390
0.301981
0.149911
-0.174870
-0.003765
-0.057647
-0.209259
0.021154
-0.114969
-0.092485
-0.308777
-0.201050
-0.150792
0.018772
-0.271949
-0.197089
0.407162
0.604917
0.346980
0.073719
0.453026
-0.088224
0.036471
0.138179
0.217438
-0.117451
-0.197282
0.001759
-0.245424
-0.032715
-0.332655
-0.257244
-0.135447
-0.167020
-0.386407
-0.100433
0.088736
-0.146932
0.315157
0.127754
0.238867
0.245501
-0.091940
-0.219611
0.109171
0.060581
0.045050
0.190658
0.186415
0.055881
0.243731
0.249212
0.036372
-0.064666
0.145656
0.369952
-0.398164
-0.113305
-0.033312
0.000000
0.000000
0.614395
-0.387913
-0.440979
-0.250555
-0.631018
-0.499137
-0.165226
0.107260
0.222618
0.076109
0.270513
0.071953
-0.438236
-0.213277
0.020889
0.286236
0.065003
0.065323
0.226157
0.177136
0.288514
0.156155
0.157693
0.172328
-0.023425
0.415415
0.229601
-0.324891
-0.540416
-0.327644
-0.093195
0.164804
-0.117609
0.045094
-0.023443
-0.168848
0.106493
-0.162241
-0.200102
0.308250
0.090827
-0.228511
-0.027405
0.192945
0.066727
0.446034
0.222850
-0.162048
-0.126352
-0.156404
0.260442
-0.118881
-0.067672
-0.031565
-0.345043
-0.082054
-0.107688
0.264554
-0.290880
-0.139369
-0.142528
-0.055718
0.087776
0.306110
0.168465
0.178590
0.033270
-0.088290
0.087133
0.116009
0.016470
-0.222523
-0.365453
0.383513
0.063319
-0.127986
0.055258
-0.204608
-0.316783
-0.042722
0.000292
-0.160417
0.079352
-0.025771
0.248663
0.388871
0.397633
0.384052
-0.138320
0.587163
0.347320
-0.106644
-0.288951
-0.381050
-0.221353
-0.268636
-0.338088
-0.125819
0.162465
-0.181573
0.055625
-0.147160
-0.349244
-0.211061
0.101025
0.037284
0.147292
-0.178237
-0.126530
0.296798
0.004926
-0.022208
0.064510
0.410724
0.270218
0.112758
0.315373
0.025238
-0.431033
0.363598
0.104964
-0.394691
-0.442313
-0.440726
0.045810
0.402035
-0.056128
0.089427
0.438876
0.363562
-0.210919
0.012643
-0.373421
-0.369633
0.121677
0.097616
-0.157774
0.028488
0.110317
0.229743
-0.183232
0.176426
0.145655
-0.072995
-0.085239
0.109666
0.409867
-0.384735
-0.460736
-0.123315
0.516625
0.110195
-0.059088
-0.467150
-0.068217
-0.247507
-0.019915
-0.104972
0.243146
0.505069
0.100030
-0.211104
0.000000
0.000000
0.041239
0.214227
-0.095167
-0.126289
-0.162307
-0.246053
-0.021970
0.113554
0.192660
-0.282586
-0.126131
0.107755
-0.028193
0.122355
0.281031
-0.140272
-0.044433
0.078259
-0.342552
-0.050258
0.259957
0.394304
0.220441
0.098352
0.322845
0.227383
0.044012
0.047043
-0.010220
0.411667
-0.153019
0.101275
-0.164317
-0.269717
-0.767587
-0.630465
-0.091675
0.068951
-0.085242
-0.014243
-0.148342
-0.095695
-0.178029
-0.402219
-0.061369
0.070419
-0.219396
0.217236
0.273960
0.057651
-0.002749
-0.087179
0.467601
0.304049
0.215499
0.172472
0.163636
0.326330
0.514463
0.390128
-0.161127
0.207205
-0.246182
-0.041085
-0.342670
-0.221939
-0.156445
-0.134081
0.121488
-0.008296
-0.362635
0.095895
-0.097149
-0.155850
-0.071374
-0.402445
-0.142763
0.204521
-0.138456
-0.026991
0.178384
0.205265
0.256249
0.229964
0.059293
-0.039221
-0.392460
-0.135342
0.180118
0.079082
-0.006188
-0.174317
-0.264811
0.033083
0.029775
0.043605
-0.288694
-0.234563
0.233217
0.388886
-0.050975
-0.191622
0.131071
0.211159
0.377677
0.204570
0.013202
-0.468619
-0.329862
-0.092341
0.135444
0.251662
0.060722
0.078413
0.338244
0.327540
0.319466
0.367210
0.063786
-0.202014
-0.264696
-0.153218
-0.460430
-0.226285
-0.090474
0.043471
0.054050
-0.257851
-0.363672
-0.053958
-0.212413
-0.152907
-0.264718
0.318587
0.198377
-0.051656
-0.167351
0.344217
0.211556
-0.085508
-0.389223
0.281623
0.070952
0.070281
-0.161819
-0.027215
0.248880
-0.104595
0.200700
0.303953
0.118224
-0.011408
0.160975
0.169485
-0.007418
0.192557
-0.174955
-0.281219
-0.122629
0.099186
0.041638
-0.081374
0.118166
-0.012982
-0.267326
-0.288050
-0.020344
0.149336
0.042478
0.285229
0.105054
-0.229541
0.012957
-0.018146
-0.125217
0.090358
-0.268951
-0.055404
-0.002469
0.110652
0.356375
-0.302897
-0.297274
0.008587
-0.341519
-0.000804
0.237967
0.027510
-0.122533
0.122522
0.133197
0.202648
0.007594
0.313159
-0.016693
-0.012668
-0.129478
-0.211737
-0.490340
0.122547
0.189811
0.137335
0.467786
-0.050499
0.015221
0.127709
-0.030032
0.007304
-0.005510
-0.233257
-0.004346
-0.052091
0.210496
0.061363
0.115871
0.045230
-0.366845
-0.518892
0.357300
-0.110754
-0.038864
0.025543
-0.020921
0.173219
0.284128
0.001111
0.016151
0.280812
-0.044723
-0.232782
-0.149837
-0.219756
-0.187034
-0.217781
-0.001803
0.255466
-0.255566
-0.247604
0.139104
0.245618
-0.004961
0.150726
0.202977
-0.254174
-0.363225
0.307158
-0.148480
-0.087845
0.313678
0.107349
-0.034696
0.011801
0.007675
-0.075454
0.127606
0.364789
0.092830
0.115201
-0.085739
-0.149632
-0.165931
0.016286
0.114951
0.112674
0.161575
0.178115
0.098121
0.112838
-0.171446
-0.222445
0.023348
0.081938
0.027938
-0.278910
-0.049605
-0.217132
-0.510730
-0.067803
0.027889
-0.268384
-0.156643
0.034613
0.110210
-0.088695
0.094729
0.300379
0.009403
-0.114245
0.104945
-0.167510
0.113998
0.140001
0.060015
-0.017973
0.196245
0.156269
-0.126825
-0.202035
0.057800
0.405426
0.076470
0.069737
0.330635
0.049410
-0.141627
-0.182219
0.233872
0.218840
-0.235238
-0.284055
0.106850
-0.186840
0.011049
0.313097
0.116904
0.000123
-0.132849
-0.108839
-0.242284
-0.490541
-0.275772
-0.153395
-0.015473
0.193906
0.071778
0.434855
0.154847
-0.452397
-0.094830
0.356756
-0.060621
-0.075443
-0.174974
-0.181582
0.110555
-0.144741
-0.162187
0.030568
0.283094
0.174710
-0.015186
0.195384
0.194759
-0.189672
0.071962
0.192835
0.093908
0.022740
0.038074
0.056048
0.059633
0.178020
-0.200296
-0.021765
0.193942
0.063053
-0.066786
0.068132
-0.331417
-0.212638
0.056014
0.072985
-0.271805
-0.220457
0.057857
0.059390
-0.098306
-0.194213
0.289442
-0.169019
-0.192028
0.132221
-0.109644
0.247505
0.018645
0.202150
0.200220
0.118198
-0.013963
-0.257911
-0.272048
-0.044945
0.266865
-0.000124
