0.000000
0.000000
0.035178
-0.083505
-0.004798
0.058200
-0.063381
-0.312034
0.154830
0.269833
-0.183153
-0.045932
0.238191
0.179595
0.034164
-0.011667
-0.210528
-0.474465
-0.121764
0.103212
0.175045
0.332096
0.256609
0.049148
-0.145443
-0.271401
-0.018082
0.134931
0.525840
0.367716
0.040377
-0.228956
0.051315
-0.350977
-0.644014
-0.080751
0.027807
-0.004246
-0.111107
-0.082639
0.205103
0.341523
-0.131560
-0.365143
-0.149252
0.159428
0.311585
-0.042182
-0.434304
-0.255352
-0.118963
-0.077895
-0.003251
-0.072431
-0.242289
-0.091069
0.465856
0.689000
0.570780
0.257132
-0.039869
0.084963
0.359875
0.333293
0.250273
-0.057875
0.163218
-0.120512
0.096708
0.121927
-0.569233
-0.710918
-0.020746
-0.314921
0.103816
-0.118698
-0.481301
-0.320991
-0.385781
-0.300138
-0.275023
0.068710
0.063868
0.112403
0.397978
0.192283
-0.218918
0.084623
0.011890
-0.096088
0.078216
0.189310
0.577426
0.421515
0.155949
0.052079
0.267797
0.312905
-0.127545
-0.312580
-0.109332
0.098023
-0.151324
-0.270960
0.090425
0.214652
0.091065
0.066688
0.251156
0.300373
0.074361
-0.129712
-0.340460
0.069075
-0.471155
-0.326299
-0.147004
-0.019124
-0.091179
-0.318469
-0.470358
-0.582181
-0.419478
-0.342444
-0.086096
0.466292
0.844906
0.641636
0.375667
0.122716
-0.141091
-0.090821
0.422399
0.090580
-0.000821
0.216144
0.529953
0.166306
-0.200813
-0.137883
0.119430
0.385868
-0.303853
-0.756445
-0.519771
-0.347900
0.196137
-0.016302
-0.135672
0.037822
0.116335
0.022214
-0.016938
0.132061
0.032438
-0.290023
0.066071
0.211285
0.139296
-0.203232
-0.085137
-0.018146
0.346716
0.236827
0.133808
-0.070156
0.274991
0.171552
-0.121124
-0.118808
-0.177568
-0.162017
-0.086700
-0.341074
-0.076931
0.114749
0.234507
0.003462
-0.093512
-0.256228
-0.144159
0.044076
-0.243276
-0.086890
0.090789
0.367568
0.194011
-0.387229
-0.148861
-0.006299
-0.021780
0.284030
0.332930
0.186226
0.027746
0.120172
0.281796
0.382118
-0.043862
-0.008772
-0.170883
-0.434640
-0.694117
0.350173
0.434424
0.332783
0.214759
0.276133
0.324152
-0.192313
-0.200911
-0.500036
-0.848745
-0.807460
-0.561803
-0.189100
0.012624
-0.133634
0.261844
0.760711
0.496250
0.142260
0.023685
0.043660
0.007228
-0.303646
0.147846
0.486665
0.112963
-0.051922
0.142514
-0.279242
-0.677230
-0.092399
0.249985
0.319837
0.656281
0.506991
0.126350
0.142999
0.357135
0.236893
-0.117546
-0.545472
-0.536102
-0.306540
-0.712697
-0.394591
0.283259
-0.051883
-0.490206
-0.737512
-0.513228
-0.043723
0.581815
0.376948
0.372024
0.516634
0.602664
0.270564
0.332001
-0.010514
-0.279541
-0.309936
0.180369
0.346758
0.129374
-0.018600
0.208487
0.256663
-0.394390
-0.579511
-0.266533
-0.393924
-0.341934
-0.404455
-0.153309
0.023217
-0.090583
-0.009799
0.016446
0.273135
0.238684
0.434450
0.491276
0.590237
0.152832
0.043139
0.032996
0.099633
0.098005
-0.316414
-0.116523
0.009248
-0.011370
0.135571
0.046924
-0.166450
-0.510298
-0.158497
-0.179452
-0.504960
-0.249375
-0.177555
-0.212686
-0.067108
-0.190893
0.046300
0.072127
0.149648
0.007625
0.067049
0.205004
0.504954
0.655527
0.348624
-0.103802
0.256652
0.252065
-0.112209
-0.164431
-0.084544
0.036881
0.296668
0.445311
0.339233
-0.103345
-0.403692
-0.313819
-0.008924
-0.141893
-0.268640
-0.502395
-0.445374
-0.316793
-0.240611
-0.219259
-0.135591
-0.145218
0.111238
-0.305522
0.103720
0.352545
0.135073
0.215998
0.341963
0.398028
0.462866
0.198021
0.404886
0.174166
-0.085458
-0.160926
-0.506486
-0.324725
-0.154068
0.113125
0.534425
0.515507
0.461212
-0.341842
-0.659712
-0.292949
0.042798
-0.246715
-0.113365
0.073054
-0.217107
-0.138213
-0.132471
-0.004179
0.208002
0.288767
0.153736
-0.128623
-0.059924
0.049176
-0.094708
-0.201322
-0.250787
-0.022050
0.087794
0.229481
0.181677
0.241273
0.234747
0.068587
0.047340
-0.219742
-0.117668
-0.200150
0.053883
-0.274423
-0.501045
-0.361617
-0.194450
0.290195
0.361528
0.155551
0.475834
-0.023174
-0.039750
0.045284
0.102338
0.535622
0.277087
0.082492
0.126043
0.034072
-0.001032
-0.213220
-0.398230
-0.181033
-0.084099
0.285216
0.145548
0.061312
0.301257
0.317119
-0.092729
-0.249001
-0.036327
0.049071
-0.373352
-0.573771
-0.025503
-0.277805
-0.563473
-0.549524
-0.213246
0.153293
0.061031
-0.436334
-0.393964
-0.017022
0.211913
0.183283
0.053533
0.396534
0.193506
0.466338
0.275355
0.110027
0.106280
-0.008785
-0.100415
0.205804
0.387986
0.471614
0.711045
0.355573
0.255378
0.230322
0.161483
0.307342
0.265737
0.157291
0.161247
-0.437906
-0.583410
-0.747413
-1.077204
-0.854533
-0.533405
-0.425644
-0.302742
-0.250074
-0.153244
-0.214912
0.225064
0.327493
0.016683
0.045492
-0.248825
0.161848
-0.019434
-0.009630
-0.070582
0.226963
0.577566
0.505210
0.538157
0.636522
0.305287
-0.008756
-0.145609
-0.152589
-0.042510
0.118954
0.059900
0.298322
0.250876
0.298612
0.100051
0.014438
0.085917
-0.530471
-0.442527
-0.257143
-0.502866
-0.537312
-0.554669
0.007749
0.056921
-0.155130
-0.063235
0.214324
0.279263
0.266655
-0.030742
-0.020526
-0.216985
0.166372
0.165406
0.113441
0.691433
0.471881
0.156707
0.628396
-0.065607
-0.831705
-0.664855
-0.110754
-0.315155
-0.439278
0.259621
0.045386
-0.335987
-0.127092
-0.137539
0.037929
-0.059477
0.042892
-0.053117
0.129889
0.106074
0.055683
0.168879
0.192790
0.326086
0.225845
0.061250
0.051628
-0.034344
-0.252373
-0.140262
0.199600
0.297757
0.390855
0.151713
0.290837
-0.272654
0.257086
0.000387
-0.234061
0.056180
-0.039154
0.206684
-0.418199
-0.122854
-0.198522
-0.149808
0.045161
-0.430637
-0.311426
-0.278101
-0.075679
-0.254211
-0.157026
-0.017857
-0.136946
-0.159504
-0.278220
0.351290
0.386419
0.495706
0.148923
0.021878
-0.216717
-0.026429
-0.014014
0.182157
0.275372
0.454040
0.266294
-0.111164
0.205521
0.250416
-0.003548
-0.421446
-0.132974
0.007926
-0.164010
-0.176496
0.193662
-0.058701
-0.063290
0.200117
0.124431
0.009203
0.343385
0.274939
-0.137663
-0.101290
-0.104442
-0.614176
-0.797207
0.046419
0.078292
0.308932
0.713564
0.462987
0.573800
-0.040898
-0.960326
-0.501577
-0.478982
-0.352743
-0.551996
-0.212008
0.031850
-0.253994
0.203967
0.136895
0.188342
0.077334
0.024672
0.493992
0.614725
0.314273
0.137804
-0.046936
0.216192
0.356260
0.000000
0.000000
0.000000
0.000000
0.000000
-0.390073
-0.044154
0.127269
-0.103266
-0.266915
-0.148630
0.106843
0.411777
-0.280762
-0.532110
-0.099231
-0.094255
0.269286
0.451738
0.496881
0.077651
-0.041850
-0.617750
-0.280534
-0.165241
-0.132380
0.051083
0.027188
-0.216303
-0.008160
0.081174
-0.227906
-0.211146
0.300936
0.471343
-0.067970
0.076351
0.187450
0.343535
0.107433
0.033044
-0.171779
-0.734083
-0.177922
-0.142745
-0.294183
0.050804
-0.027502
0.437816
0.146646
-0.016068
-0.047795
-0.048656
0.336219
0.406092
0.203350
-0.129293
0.183704
0.095274
0.004806
-0.073375
0.090962
-0.014511
-0.365503
-0.223177
0.232685
0.068911
0.203598
-0.007742
0.194686
-0.205236
-0.413917
-0.064677
0.090736
0.258467
0.405735
0.455742
-0.244168
-0.356281
-0.531926
-0.270764
-0.317053
-0.570486
-0.333300
-0.128719
-0.418958
-0.247395
0.246958
0.263134
0.036258
0.376819
0.113143
0.070545
0.399178
0.574722
0.423539
0.442346
0.490625
0.046819
-0.188968
-0.151769
0.070257
-0.388682
-0.576124
-0.327887
0.019249
0.106197
0.184773
0.543872
0.439198
0.089377
0.109592
-0.243000
-0.436329
-0.153007
-0.187611
-0.027188
-0.408430
-0.091074
0.086893
0.105507
-0.191762
-0.199526
-0.288854
-0.006768
0.482846
0.179882
-0.174728
-0.144680
-0.012215
-0.152820
0.071105
0.102138
0.002853
0.337670
0.084755
0.284179
0.166387
-0.103478
-0.212096
0.077134
-0.393185
-0.105205
0.263566
0.481814
-0.034180
-0.716919
-0.460048
-0.084871
0.416022
0.172177
-0.136301
0.112854
-0.108438
0.024945
0.283820
0.139505
0.166870
-0.087094
-0.161906
0.165082
0.363947
0.268670
0.032897
-0.036448
-0.126732
0.247808
0.136240
0.001655
-0.149458
0.086469
-0.154189
-0.390288
-0.665143
-0.531386
-0.484349
-0.850630
-0.252559
0.268311
0.121972
0.236230
0.634264
0.689486
0.507854
0.094274
0.126187
0.419244
-0.091843
-0.614359
-0.778283
-0.169467
0.198806
0.440669
0.551445
0.387284
0.243578
0.502902
0.382995
0.197221
0.196132
0.167185
-0.348955
-0.647032
-0.671647
-0.367642
-0.230174
-0.330906
-0.482476
-0.378642
-0.142829
-0.134588
0.010685
0.176079
0.021961
-0.389516
0.013051
0.040349
0.217522
0.273643
0.437386
0.081182
-0.065245
-0.162976
0.107439
0.366941
0.259436
0.208972
0.243643
0.268473
0.118339
-0.135292
-0.130159
0.048015
0.411581
0.624189
0.126956
-0.662683
-0.367733
-0.094523
0.010573
-0.109401
-0.201278
-0.329556
-0.216832
-0.380241
-0.070207
0.442036
0.424960
0.024416
0.059155
0.169119
0.188938
0.013817
-0.548457
-0.722617
-0.494715
-0.410984
-0.256759
0.046331
0.279524
0.222973
0.090007
-0.173129
-0.377711
0.182073
0.395298
0.548735
0.532073
0.753807
0.488759
0.329565
-0.172244
-0.292528
0.098019
-0.373112
-0.477412
-0.459566
-0.118254
-0.058273
-0.271955
-0.100487
0.120303
0.423570
0.276419
0.367961
0.201253
-0.057434
0.206386
0.163075
0.211236
-0.027635
-0.037068
-0.101207
-0.307817
-0.261814
-0.240257
-0.491736
-0.159178
-0.120521
-0.557961
-0.456031
-0.276264
0.013947
0.441504
0.464847
0.588439
0.202091
-0.306506
-0.244856
-0.003192
0.139608
0.109990
0.227952
0.180452
-0.450941
-0.224850
-0.313534
-0.268874
-0.027792
0.239776
0.500882
0.397677
0.225469
0.448847
0.408560
0.245472
0.351728
0.727295
0.317069
-0.079712
-0.502649
-0.509201
-0.638959
-0.186543
-0.220115
-0.424658
-0.198581
-0.429072
-0.121502
-0.178564
-0.259797
-0.019039
-0.028793
-0.112480
-0.053030
0.351079
0.301339
0.194092
0.028442
0.277903
0.188530
-0.232110
-0.087583
-0.016295
0.033909
0.303419
0.471159
0.353021
-0.212225
-0.689659
-0.149029
0.063853
-0.011982
0.184750
-0.006433
-0.265713
-0.238851
-0.074628
0.218638
0.327198
0.228963
0.261827
-0.054581
0.187559
0.104393
-0.272423
-0.395032
-0.044754
-0.108872
-0.030600
0.150569
0.062243
0.200058
0.069001
0.320226
0.199343
0.008059
-0.354379
-0.243037
-0.111873
-0.012739
-0.200563
-0.018271
-0.013858
-0.272798
-0.303850
-0.432772
-0.185924
0.454564
-0.144013
-0.062400
0.214189
0.402712
0.205704
-0.401370
-0.248337
0.108718
0.567444
0.785792
0.567152
0.272145
0.450297
0.209329
-0.024602
-0.484017
-0.651435
-0.676194
-0.668202
-0.395374
0.226068
-0.051576
-0.334252
-0.392678
0.129344
0.148643
-0.059418
-0.003851
-0.015384
-0.133793
-0.058753
-0.359697
0.395333
0.858400
0.780391
0.729889
0.461326
0.286768
0.117688
-0.091146
-0.507027
-0.228439
0.008162
0.041861
0.387255
0.467981
0.284294
-0.515229
-0.612773
-0.641725
-0.585488
-0.734687
-0.746962
-0.316536
-0.212169
0.171692
0.052993
-0.126472
-0.167428
-0.106988
-0.005893
0.156565
0.438618
0.531186
0.404862
0.406585
0.231002
0.554370
0.225884
0.378477
0.501704
0.352744
0.613151
-0.330806
-0.372143
-0.336161
-0.256419
-0.325823
-0.519176
-0.306837
0.108034
0.085494
-0.187088
-0.286488
0.251986
0.185594
-0.022144
-0.426347
-0.452673
-0.234680
0.011518
-0.079355
-0.215600
-0.213471
-0.226588
0.005359
0.704553
0.757032
0.515880
0.444144
0.142830
0.025731
-0.354320
-0.312049
-0.166491
-0.163812
