0.000000
0.000000
0.185785
-0.420074
0.530392
-0.320068
0.394394
0.273432
-0.390548
0.125591
0.448892
-0.123329
-0.201594
0.187259
-0.652100
0.096049
-0.726139
0.077409
0.440708
-0.000432
0.148638
-0.353675
-0.271718
0.089970
-0.557069
-0.318336
0.262084
-0.153890
0.474552
1.106862
0.195817
-0.618100
-0.459544
-0.008830
-0.543654
-0.130413
0.500992
0.308606
0.558778
0.153239
0.037782
0.332662
0.104584
-0.387950
0.273603
0.708824
0.090980
-0.091015
-0.442244
-0.283597
0.153190
-0.272134
0.059836
0.047227
-0.177223
-0.044435
-0.233439
-0.205709
0.428934
-0.328185
-0.607916
-0.621884
-0.093310
0.215971
-0.259716
0.577360
0.400751
0.019202
-0.015950
-0.242886
-0.758903
-0.169304
0.598853
0.372403
0.095315
0.149844
0.517632
0.328176
0.315048
-0.048478
-0.439294
-0.025995
0.448288
-0.195372
-0.274357
0.265062
-0.431657
-0.140823
-0.089141
0.256077
0.252580
-0.104509
-0.199940
-0.263802
0.241996
-0.387703
0.573632
0.078544
-0.449701
-0.532815
0.510856
0.480951
-0.284489
-0.390163
-0.176058
-0.193383
-0.204442
0.370067
0.252012
0.062555
-0.190323
0.169669
-0.030713
-0.330270
-0.011947
0.640574
0.509972
0.296960
-1.108531
0.250403
-0.207096
-0.245563
0.533388
0.939775
-0.035308
-0.312657
0.014501
0.041811
-0.256369
-0.584905
0.211553
0.231422
-0.568169
-0.770428
0.079323
0.169708
0.124381
0.343851
0.181607
-0.398039
-0.506269
-0.276800
0.128289
0.164823
0.535035
0.286058
-0.540058
0.434063
0.701573
0.308377
0.082405
-0.376081
0.038315
0.353760
-0.199160
0.043850
-0.313124
0.184648
-0.350890
-0.096738
0.666915
-0.063785
-0.043545
0.053655
-0.069679
-0.252041
-0.043697
-0.348565
0.063155
-0.388378
-0.276767
-0.011360
-0.200921
-0.300111
0.061038
0.588276
-0.256174
-0.405067
0.427983
-0.057869
0.010767
0.006059
0.060894
-0.810243
-0.088256
1.191619
-0.120043
0.196615
0.727787
0.358750
0.154703
-0.128028
0.174776
-0.209775
0.319045
-0.594175
-0.051045
1.011083
-0.569410
-0.192995
0.224237
-0.374914
-0.303640
0.395329
-0.146288
0.030538
-0.686037
-0.272695
-0.183582
-0.323782
-0.255265
0.002423
0.462478
0.042857
-0.148276
0.047476
0.323139
0.193692
0.019856
0.176677
0.014247
-0.122362
-0.252197
0.243724
0.523728
0.038166
0.239456
-0.027729
-0.345564
-0.201733
-0.262826
-0.405893
-0.055560
0.040727
0.813186
0.359892
-0.288059
-0.371569
-0.470719
0.176537
0.138052
0.223328
-0.133639
0.470395
0.379159
0.264578
0.174254
-0.021038
-0.621533
-0.260672
-0.754709
-0.437557
0.351927
0.364417
0.549415
-0.082138
-0.221072
0.550450
-0.147839
-0.567409
-0.424560
0.533867
-0.001610
-0.295708
0.062209
-0.010880
0.744601
-0.084617
-0.261901
-0.153002
0.317451
-0.202283
0.301290
-0.062541
-0.221948
-0.458998
-0.217130
0.229982
0.075310
0.220792
-0.118179
-0.452482
0.088277
0.110246
-0.279550
-0.028072
0.307626
0.516165
0.059433
0.320442
-0.370560
0.084436
0.286550
0.163928
0.477743
-0.331030
-0.512084
-0.067352
-0.374700
-0.442233
0.025938
0.200127
0.267242
0.245420
-0.017883
0.224195
0.745459
0.038907
-0.069537
-0.061436
-0.798606
0.156772
0.106332
-0.215369
-0.373739
-0.155966
-0.389536
0.286724
0.295841
-0.274180
0.033630
0.570929
-0.328407
0.206970
0.178935
-0.002448
-0.609186
-0.645965
-0.590464
0.242658
-0.123408
0.461467
0.453810
-0.033733
-0.214066
0.186277
0.508074
0.039328
0.031086
-0.033592
0.340763
0.478808
0.578491
0.358221
-0.164351
-0.470317
-0.053338
-0.056066
-0.459576
0.298711
0.053955
-0.150157
-0.652787
-0.324107
0.164805
0.398774
0.356717
-0.049147
-0.487093
0.156255
-0.287502
-0.300438
-0.296464
0.260808
0.086756
-0.033239
-0.606236
-0.058054
0.045199
-0.517320
0.395206
-0.117074
0.128200
0.286549
-0.316365
0.420773
0.209445
0.357322
0.375764
-0.097389
0.469578
-0.127609
0.554921
0.437173
-0.649923
0.088717
-0.552380
0.280387
-0.356387
-0.598282
-0.128679
0.397091
-0.283735
0.439082
0.097465
-0.158236
0.289548
-0.224611
-0.444463
0.320113
-0.220517
-0.483389
0.427208
0.501946
0.487462
0.016559
-0.475048
-0.083809
0.150048
-0.347792
0.015720
0.326146
0.081158
-0.762003
-0.003760
-0.024434
0.192247
0.133362
-0.065891
-0.545722
-0.285722
0.494365
0.059770
-0.113081
0.040425
0.025116
0.414754
-0.185322
0.519972
-0.155518
-0.051516
-0.845595
-0.626166
0.399291
0.928373
0.429899
0.204197
-0.170375
-0.456167
-0.078078
0.336628
0.313213
-0.075676
0.505692
0.408734
0.311391
-0.267666
-0.559348
-0.503439
0.247875
0.268483
-0.619464
-0.532127
-0.165231
-0.384948
0.325778
0.542144
0.024776
-0.362757
0.001076
-0.222323
-0.171459
-0.545990
0.650974
-0.288201
0.011059
0.153409
-0.258124
0.230338
0.305498
0.118193
0.135585
0.135019
-0.149939
-0.412347
0.166728
0.754884
0.153391
-0.190340
0.034524
-0.272645
0.528451
-0.279871
-0.434711
0.047754
0.407155
0.344269
0.168924
0.064745
0.453661
-0.568949
-0.485184
-0.074858
0.127615
0.585210
-0.290315
-0.532719
-0.298989
-0.072268
0.062026
0.797703
-0.095806
-0.230227
-0.330713
-0.773805
0.128865
0.216272
0.555672
-0.205131
-0.618231
0.212829
0.399442
-0.533384
-0.068165
-0.002060
-0.153627
-0.001244
0.282124
0.019545
-0.186185
-0.594562
0.029525
0.433450
0.506108
0.559395
0.112486
0.174051
0.588650
0.143143
-0.307964
0.052372
0.072375
-0.222879
0.082015
0.045192
0.526093
0.325718
-0.561875
-0.167232
-0.394586
-0.275235
-0.483022
-0.117968
0.108166
0.117525
-0.081517
-0.302272
-0.600639
0.046143
0.373421
0.281604
-0.300128
-0.906306
0.308689
0.828753
0.091018
-0.154658
0.496870
-0.028635
-0.385939
0.230668
-0.066275
0.881618
-0.264523
-0.804125
-0.050861
0.084057
0.656266
0.037794
0.173309
-0.505893
-0.330872
0.545551
0.172892
-0.202263
-0.416956
0.464345
0.039346
-0.398273
0.343657
-0.373287
-0.366178
0.503342
-0.431955
-0.026594
-0.175994
0.612358
0.606659
0.032673
0.349849
-0.094595
-0.344146
-0.536582
0.520645
0.062493
0.103158
0.171137
-0.418935
-0.647682
-0.115447
0.328225
-0.228807
0.369173
-0.313451
0.331619
0.333013
-0.145258
-0.241412
0.425566
-0.230329
-0.027849
-0.357473
-0.641574
-0.445682
-0.518163
-0.095803
0.203919
0.005107
0.185439
0.067556
0.184820
-0.021292
-0.070511
0.791021
0.848964
0.284360
-0.270402
0.479764
-0.146208
0.247700
-0.065656
-0.473520
0.904819
-0.117435
0.000000
0.000000
0.000000
0.000000
0.000000
0.535721
-0.300987
-0.216023
0.136247
-0.727908
-0.126169
0.053766
-0.561786
0.072004
-0.591142
-0.172713
-0.107401
-0.276640
-0.641559
-0.623542
-0.139348
-0.244081
0.176828
0.789602
0.371938
-0.416262
0.589107
0.122845
0.350267
0.263705
-0.065000
0.509084
0.105373
0.333993
0.305349
-0.057169
0.421643
0.366666
-0.067787
0.654183
-0.577360
-0.513880
0.149985
0.242133
-0.102508
-0.185353
0.342337
-0.082502
-0.331802
-0.627166
0.560182
0.201562
-0.585464
-0.091741
-0.550997
-0.843028
-0.706346
0.325218
0.264653
-0.201155
0.040646
-0.067302
-0.132514
-0.024141
0.063525
0.438329
0.346403
0.490851
0.109423
-0.559243
-0.501623
0.572438
0.201128
-0.313370
0.493056
-0.157901
-0.295297
0.460347
0.575662
0.072654
0.345110
0.059805
-0.087622
0.436881
-0.044347
-0.225133
-0.176693
-0.018750
0.380655
-0.094853
-0.177879
-0.601224
-0.978686
0.514282
0.624818
-0.322355
-0.434892
-0.343057
0.039220
0.058859
-0.093145
0.413609
-0.462881
-0.469324
0.240251
0.598897
1.033414
-0.469374
-0.193066
-0.119117
-0.321769
-0.726496
-0.010794
-0.031933
0.540148
0.086627
0.251656
0.305619
0.496390
-0.276593
0.137239
0.215342
-0.351627
-0.347337
-0.135697
0.672749
0.074734
-0.302415
-0.186447
0.263050
0.178351
-0.251080
-0.240976
-0.394889
-0.153696
-0.066770
-0.119064
0.869609
-0.126219
0.241265
-0.036659
-0.028529
-0.163072
-0.057421
0.202412
0.088164
-0.200635
-0.259402
-0.223695
0.018600
-0.347513
0.234836
0.237994
-0.903850
0.019780
0.592146
0.652327
0.269635
-0.010106
0.232918
0.759895
0.316469
-0.264280
-0.087971
-0.229136
-0.778458
0.031393
0.198607
-0.314002
-0.710899
0.057594
-0.278330
-0.335511
-0.060230
0.267229
-0.097791
0.019007
-0.062209
-0.032629
-0.014756
0.421374
0.686985
0.691943
0.220469
-0.017967
-0.441179
0.324467
0.224847
-0.628605
-0.083088
0.111996
0.024880
0.070496
0.131865
-0.435107
-0.891866
0.118895
-0.427171
0.017673
-0.316229
-0.248101
0.911494
0.384199
-0.063246
0.004331
0.234372
0.211555
-0.031462
0.244564
-0.305410
0.110663
0.036364
-0.283921
-0.444470
-0.031974
0.211313
0.429571
0.651597
-0.085547
-0.102971
0.282036
-0.229689
-0.653087
0.386277
-0.322280
0.021447
-0.251646
-0.031560
-0.147326
0.271064
-0.109756
-0.199919
-0.085910
0.007011
0.387115
-0.368806
0.354179
0.266223
0.306756
0.295559
-0.245396
-0.040912
0.157674
-0.479602
-0.496957
-0.408381
-0.128955
-0.012664
-0.119207
-0.242375
0.645584
0.012122
0.087654
0.220962
0.044211
0.243044
-0.474391
0.453089
0.211100
0.126183
0.111817
0.642460
-0.608736
-0.964081
0.381349
0.696244
-0.054975
-0.205191
0.072354
0.214855
0.070086
0.195039
-0.310923
-0.787447
-0.089028
0.863435
0.165984
-0.282627
0.087129
-0.110424
0.641169
-0.897634
-0.425782
0.075411
-0.151035
-0.808396
0.326669
0.008389
-1.009568
0.448318
0.257849
-0.210773
0.038098
0.433781
0.452531
-0.413770
-0.231814
0.370114
-0.177181
0.772982
0.477477
-0.101000
0.296530
0.975367
0.341361
0.232257
-0.484240
-0.661478
-0.262417
0.386418
-0.840952
-0.033972
0.479432
-0.282723
-0.413544
0.046861
0.057523
-0.769451
0.122315
-0.023974
-0.063916
0.365568
-0.424687
0.055880
0.097003
-0.247387
0.057621
0.442418
0.118178
0.026761
-0.015307
0.150736
0.125194
-0.125041
0.126590
-0.587285
0.058564
0.379812
-0.140484
-0.106311
0.308403
0.311285
0.075299
-0.171648
-0.418159
-0.115401
-0.288404
-0.076109
-0.067938
0.189573
0.412668
-0.508361
0.467596
0.578113
-0.027085
0.297126
-0.056042
0.035581
-0.421831
-0.217190
0.451217
0.581569
-0.123758
0.083312
-0.445216
-0.502753
0.075188
-0.260975
-0.048599
-0.093589
-0.245768
-0.874831
-0.393073
0.080512
0.387617
0.695630
0.673576
0.403385
0.142927
-0.513417
0.415025
-0.139047
0.330396
0.002656
-0.436686
-0.635915
-0.475825
0.140915
0.208367
0.115059
0.286252
-0.081363
-0.051661
-0.224713
-0.212652
-0.093764
0.138617
0.071719
0.267727
0.780615
0.256075
0.480351
-0.162286
-0.251216
0.030268
-0.775865
-0.332315
0.210258
-0.101342
-0.285024
0.046997
0.213250
0.331049
0.242880
0.163116
-0.235961
-0.274830
-0.273550
-0.033040
0.055631
0.099964
-0.064970
0.071582
-0.658130
0.128581
-0.061148
-0.201858
0.080291
0.268100
0.575379
-0.270313
-0.192360
0.199587
-0.429441
0.458424
0.313547
-0.184731
0.016495
0.576295
0.410053
-0.194599
-0.335562
-0.102935
0.477108
0.274402
-0.221367
0.216473
-0.620921
-0.753778
-0.459558
-0.147652
-0.031620
-0.047809
-0.075694
0.168813
0.678899
-0.209554
0.125121
0.197959
0.073980
-0.072411
-0.089935
0.410681
0.306975
-0.221372
-0.055317
0.155640
-0.496843
0.140807
0.022531
0.214449
-0.100945
-0.080889
-0.206250
-0.187565
-0.071841
-0.275747
-0.004414
0.063663
-0.093024
0.573085
0.517704
0.379040
-0.182885
-0.321925
0.119043
0.232320
0.122077
-0.321311
-0.199016
-0.398118
-0.696265
-0.193728
-0.102466
0.718333
0.614581
0.000581
0.089258
-0.060206
-0.523936
0.309555
0.129360
-0.272113
-0.333554
0.427593
