0.000000
0.000000
-0.347871
-0.229067
0.123730
0.348110
0.231547
0.201913
0.107497
-0.035054
0.032293
-0.092456
-0.052482
-0.087977
-0.092277
0.111955
-0.066035
-0.104575
-0.474932
-0.151408
0.083151
0.251941
0.173908
0.184031
-0.292347
-0.047171
0.093256
0.192637
-0.023635
0.025070
0.121015
-0.077543
0.386122
-0.186679
-0.295523
-0.225731
0.014192
0.011084
-0.119917
0.211987
0.325600
0.142266
-0.152815
-0.031539
-0.035093
-0.020100
-0.149088
-0.183454
-0.440389
-0.128378
0.419947
0.279159
0.060467
0.168370
-0.019594
-0.257473
-0.115757
0.524314
0.000183
0.076475
0.072351
0.023080
-0.373725
-0.057908
-0.053658
0.132308
0.269467
0.249781
-0.012785
-0.082871
-0.309353
-0.604300
-0.315812
0.088174
0.077835
-0.014831
-0.133178
0.491871
-0.040126
-0.045527
-0.220759
0.130168
0.138650
-0.083529
0.139873
-0.027771
-0.111422
0.308668
0.265495
0.041327
0.057604
0.283798
0.100533
0.043662
0.088066
0.082023
-0.139512
-0.030401
-0.120498
-0.304538
-0.276882
-0.375573
-0.305780
-0.341339
0.119065
0.181153
-0.133841
-0.002999
0.158156
0.377337
0.035310
0.174635
-0.152336
0.164385
-0.011067
-0.067448
-0.029377
0.085999
0.000413
0.096891
0.307733
0.020407
-0.166211
-0.445834
0.077113
0.162390
0.221917
0.178212
0.103225
0.102511
-0.141654
-0.116276
0.025957
-0.295716
-0.515414
-0.068476
0.140120
0.064277
0.076141
0.091628
0.071686
0.164123
-0.057392
-0.097468
-0.079362
0.236170
0.308043
-0.087604
-0.336866
-0.003730
0.099298
-0.341493
-0.168096
-0.026534
0.335353
0.167656
0.002572
-0.179983
-0.207505
-0.199762
0.212914
0.283290
0.037616
0.020608
0.143071
-0.048082
0.063419
-0.160484
-0.056803
-0.217290
-0.093725
-0.078719
0.118056
0.115957
0.177561
0.268469
0.415967
0.329954
0.079390
-0.053014
-0.388556
-0.368418
-0.219489
-0.116327
-0.022923
0.278818
-0.263600
-0.310788
-0.333710
0.193098
-0.102024
0.020966
0.190539
0.215552
-0.182578
0.032066
0.144547
0.025812
-0.074948
-0.032803
-0.022939
0.050008
-0.100851
0.279699
0.393791
0.339938
-0.208248
-0.090046
0.371396
-0.122951
-0.137776
-0.179235
-0.079027
-0.105966
-0.301237
-0.127110
-0.116598
0.050212
0.156241
0.127345
0.401889
0.149323
-0.066391
-0.067426
-0.258950
-0.086612
0.051181
0.079791
-0.063221
-0.073672
0.045014
-0.276635
-0.015397
-0.201828
-0.211264
0.167262
0.057641
-0.033026
0.190137
-0.111942
0.143809
0.575903
0.358319
0.235935
0.018124
-0.218307
-0.213335
-0.277049
-0.021043
-0.121688
-0.195870
-0.457477
-0.261533
0.075694
0.226653
0.393773
0.071095
0.080296
0.139234
0.275865
-0.003845
-0.245073
-0.185516
-0.062415
0.084931
0.066740
0.376309
0.016514
-0.024823
0.066678
0.161153
-0.129291
-0.169263
-0.250028
-0.093256
-0.160023
-0.156695
-0.194184
-0.159635
-0.098639
0.143052
-0.001396
0.097677
-0.125507
0.070632
0.204966
0.019887
0.069003
0.374009
0.197125
0.095878
-0.107612
-0.298612
0.061011
0.050675
0.128850
0.272203
0.091090
0.046014
0.101536
0.185242
-0.034002
-0.288306
-0.080224
-0.179453
-0.249307
-0.097843
-0.202057
-0.143945
-0.178600
-0.229386
-0.164731
0.079883
0.193506
-0.057040
-0.002560
0.164185
0.030519
0.093467
0.447038
-0.000987
0.072108
0.258647
0.181401
-0.118584
-0.206398
0.169394
0.033643
0.026696
0.121064
0.055258
-0.308087
-0.237227
0.025486
-0.089774
0.023640
-0.092510
-0.144002
0.184425
0.124246
-0.027073
-0.268889
-0.058168
0.148869
-0.057357
-0.104860
-0.312186
0.234175
0.361938
-0.039858
0.078431
0.015068
0.037850
0.023953
-0.254028
-0.256311
0.196976
0.174472
0.242366
0.003347
-0.154711
0.042143
-0.260666
-0.148094
0.430679
0.079691
-0.225483
0.079446
-0.040616
0.047618
-0.231465
0.148970
0.114618
0.076233
0.144787
-0.142375
0.099563
-0.098993
-0.201504
0.005001
-0.244522
0.037513
-0.196964
-0.134811
0.265379
0.213999
-0.011884
-0.052283
0.137322
0.364807
-0.233107
-0.151404
-0.237953
-0.178024
-0.132446
-0.021401
0.036833
0.079167
0.057423
0.158554
0.307079
0.147966
-0.244176
-0.049433
0.225432
0.129209
-0.038532
0.078167
0.410601
0.108449
0.130730
0.139253
-0.265016
-0.011817
-0.147116
-0.172890
-0.149998
-0.262061
-0.005902
0.203185
-0.215572
-0.209225
0.127748
-0.140075
-0.371343
0.113243
0.228280
-0.236729
-0.460836
0.047152
0.104643
0.001388
-0.128959
-0.161073
-0.014869
0.080108
0.018462
0.260632
0.252287
0.121093
0.250707
-0.296116
-0.137031
0.328330
0.270651
0.325359
-0.030807
0.233849
0.046063
0.127975
0.130377
0.006478
0.186872
-0.115134
-0.022032
0.167397
-0.361010
-0.020744
-0.053956
0.092246
-0.077989
-0.275345
-0.211835
-0.399926
-0.605076
0.073867
-0.176106
-0.201031
-0.034473
0.270228
0.250889
-0.126984
0.173373
-0.276617
0.046460
-0.031893
-0.160855
0.188458
0.061979
0.033482
0.346563
0.289054
0.307817
0.090517
0.031729
-0.199780
-0.113195
0.219240
-0.059619
-0.307840
0.069183
0.235298
0.158431
0.152558
-0.027589
0.141496
0.070873
0.131240
-0.003150
-0.214256
-0.356770
-0.246115
-0.169439
0.011440
-0.139688
-0.180817
0.000037
-0.070998
-0.131297
0.087471
0.091035
-0.078039
-0.074263
0.103536
-0.014547
0.224913
0.362521
-0.050032
0.310459
0.413687
0.074525
-0.078564
-0.145505
-0.068083
-0.411274
-0.008631
0.135669
-0.120833
-0.250439
-0.110495
-0.163996
-0.240801
0.058663
0.060522
-0.112646
0.119222
0.020078
0.048564
-0.155017
0.107368
0.157379
-0.130565
0.217928
0.148031
0.107113
-0.040575
-0.160214
0.113987
0.208004
0.143455
0.127907
-0.106493
0.116622
0.356748
0.060497
0.171343
-0.311893
0.030349
-0.251901
0.038136
-0.054494
-0.038260
0.087551
-0.255201
-0.155243
-0.138084
0.116309
-0.481190
-0.351490
0.155129
-0.014586
-0.003929
-0.069179
0.102888
-0.092782
0.267725
0.139277
-0.226762
0.222207
0.064050
-0.082251
0.015178
0.000916
0.208564
-0.257778
-0.122419
0.190390
0.250096
0.272488
-0.165039
-0.126294
0.260766
0.177625
-0.201210
0.117139
0.066653
-0.110561
0.093675
-0.020136
-0.176372
0.015652
0.074242
0.034252
-0.090486
-0.147829
-0.283466
-0.145253
0.039613
0.113067
0.099549
0.211083
0.302902
0.305707
0.364045
-0.275367
-0.255719
0.044016
-0.226457
-0.353918
-0.263960
0.048816
0.016859
-0.108739
-0.102937
-0.275847
-0.135967
0.088780
-0.065109
0.193780
-0.019706
-0.149937
0.106137
0.372681
-0.012385
0.000000
0.000000
0.000000
0.000000
0.000000
-0.116590
0.196512
0.494806
0.077931
-0.051397
-0.039094
0.022546
0.064849
-0.214295
0.134609
0.010107
-0.049400
0.315965
0.118081
0.001306
-0.137364
0.251628
0.063379
-0.071324
-0.148443
0.479739
-0.076442
-0.069939
-0.087021
-0.310181
-0.446295
-0.253370
-0.485528
-0.105258
-0.035963
0.124653
-0.043277
-0.100542
0.152544
-0.155955
-0.197155
-0.218774
-0.307057
-0.246952
-0.090442
0.022664
0.430494
0.589970
0.283729
0.521061
0.076849
-0.229159
0.144324
0.347300
0.559354
0.352331
0.243270
0.218819
-0.188061
-0.152543
-0.237000
-0.101266
-0.322617
0.043067
0.168064
0.253553
-0.272084
-0.382474
-0.038682
-0.087388
-0.187199
-0.296571
-0.370291
-0.090971
-0.200323
-0.348767
0.329296
-0.068363
-0.102867
0.338732
0.422794
0.016239
0.005207
0.038905
-0.367046
-0.359906
-0.275691
0.214234
0.196538
0.172438
0.039377
-0.195364
0.298058
0.238491
0.154385
0.293509
0.239216
-0.172362
-0.104304
0.159493
-0.294684
-0.193200
0.172907
0.005687
-0.250823
-0.186419
0.196911
0.788848
0.496745
0.078787
0.087679
0.314041
0.008248
-0.239631
-0.303096
-0.338976
-0.462179
-0.436521
-0.435476
-0.078571
-0.085341
-0.048730
0.103242
-0.100965
-0.075664
-0.144434
-0.065161
0.115567
0.166079
0.175943
0.021506
0.190734
0.348964
0.265019
0.182701
-0.220507
0.208629
0.132353
0.142632
-0.236774
-0.259159
-0.114086
-0.069914
0.013021
0.220015
-0.116548
-0.895138
-0.113942
0.036800
0.185538
0.107780
0.223322
0.236321
0.209435
0.196452
0.306466
0.186133
-0.191510
-0.132677
0.192012
-0.051280
0.198112
-0.177474
0.025464
0.093079
-0.016115
-0.117693
-0.095991
-0.128593
-0.244297
0.042251
-0.062712
0.010893
-0.527820
-0.526920
-0.200161
-0.418887
0.019665
0.339439
-0.166315
0.133727
0.097691
0.183070
0.491059
0.519124
0.383234
0.048600
-0.065580
-0.054744
-0.263357
0.014380
0.119804
0.261014
0.391342
0.017598
-0.033995
0.149395
0.082845
0.014724
-0.187409
-0.023467
-0.469272
-0.375939
-0.057875
-0.196708
-0.180334
-0.147397
-0.091955
0.031180
0.119027
0.409014
-0.255180
0.010415
-0.059933
-0.065766
0.066051
-0.050773
-0.195810
0.063507
0.146299
0.018382
-0.232509
0.065733
0.059221
0.042357
0.058542
0.345339
0.243627
-0.179447
0.265575
-0.150369
0.062043
0.045407
0.299355
0.290618
-0.152360
-0.368123
-0.328794
-0.033200
0.182880
0.135718
0.264612
-0.108198
-0.296504
-0.033039
0.024647
-0.076830
0.167871
0.296257
0.166939
-0.081113
-0.109537
0.031957
-0.491600
-0.276390
-0.364243
-0.203514
0.003478
0.104209
0.136862
-0.097771
-0.015505
-0.155183
0.001308
-0.114692
0.024103
0.098730
0.472273
0.509480
0.106979
-0.013030
0.058060
0.243533
0.285895
-0.069180
0.049120
-0.318451
-0.112917
-0.288411
-0.097224
-0.186067
0.174438
0.247980
-0.197804
-0.171427
0.155278
0.023336
0.064966
0.390074
0.076483
-0.152693
-0.109688
-0.383198
-0.184423
-0.142212
0.106380
0.050218
-0.115811
-0.003386
-0.000102
-0.060649
-0.100966
0.325926
0.032125
0.112924
0.180881
-0.016453
0.036955
0.054559
0.241097
0.023074
0.152388
-0.259482
-0.317425
-0.259881
-0.246335
-0.137333
0.034175
0.256678
-0.167597
-0.241088
0.173981
0.393051
0.208519
-0.121612
0.015561
0.269671
0.148686
-0.086315
0.041681
0.149267
0.281735
-0.332220
-0.497375
0.046095
0.349238
-0.285781
0.064416
0.002531
-0.231082
-0.062716
-0.162433
-0.137989
0.057383
0.022737
-0.016126
0.115769
0.060026
0.042396
0.275932
0.053383
0.114574
0.257379
-0.096557
-0.078362
-0.096517
0.063289
0.161936
-0.052826
-0.251803
-0.020192
-0.016100
-0.074699
0.129180
-0.120798
-0.220216
-0.117437
-0.012851
-0.085435
0.004317
-0.123342
-0.110015
0.117886
-0.061429
0.080008
0.275566
0.009076
0.102044
0.064483
0.207336
-0.022758
-0.107558
-0.045710
0.101963
0.317674
-0.042053
-0.039598
-0.332221
-0.346030
-0.087783
-0.006714
0.328037
0.611259
0.110123
0.198787
-0.513372
-0.194860
0.018149
0.224189
-0.385805
-0.036940
0.103055
0.028231
-0.062946
-0.002344
-0.165242
0.160529
0.182909
0.017478
0.241353
0.169842
-0.014384
-0.007281
-0.101473
-0.236953
-0.288475
-0.361698
-0.137989
-0.168637
-0.022706
-0.329359
-0.273035
-0.264703
0.151544
0.307132
0.284291
0.406338
0.124988
0.072286
-0.058753
-0.107123
0.234222
0.434701
0.467907
0.417446
0.270785
-0.062247
-0.033902
-0.019297
0.011950
-0.066953
-0.314458
-0.228671
-0.172603
0.231044
0.254526
-0.444769
-0.340891
-0.317282
-0.150035
-0.072593
-0.376663
-0.389156
0.068242
0.124360
0.093940
0.007677
-0.250597
-0.201346
-0.113980
0.126640
0.204529
0.304010
0.276629
0.119688
-0.007987
0.193729
0.306417
0.190196
0.028803
0.232484
0.255530
0.107348
-0.230037
-0.021909
0.271377
-0.217342
-0.244928
-0.191556
0.040311
0.306755
0.204142
-0.377422
-0.101937
0.042891
-0.422322
-0.201241
-0.168083
-0.072633
-0.022842
-0.111404
-0.303495
-0.035978
-0.075397
0.250479
0.235493
0.084340
0.363826
-0.208006
0.313931
0.313290
0.031596
-0.093263
-0.046882
-0.296114
