0.124301
-0.083149
-0.183845
-0.064533
-0.033062
0.188916
0.057748
-0.012976
-0.213284
0.028957
0.012739
0.052005
0.079740
0.090652
0.075160
0.010927
-0.062294
0.065337
-0.025649
0.106269
0.202024
-0.038727
-0.061184
-0.041888
-0.044079
0.058719
-0.018369
-0.121839
-0.227293
-0.260343
0.175765
0.196719
0.045591
0.030656
-0.129124
-0.183989
0.004774
-0.021852
-0.098126
-0.110205
-0.233216
-0.087628
0.095603
0.227493
0.184776
0.044767
0.150902
0.174445
-0.053633
-0.059375
-0.003123
0.157521
0.112650
0.283133
0.156618
0.084292
0.077195
0.050081
-0.172797
-0.296207
-0.378141
-0.361250
-0.065210
-0.031269
-0.148449
-0.151784
0.165746
0.250817
0.282402
0.112335
-0.124800
-0.004780
-0.003621
-0.051129
-0.013882
-0.013351
-0.058904
0.126146
-0.070905
-0.022061
-0.058661
-0.183067
-0.082794
0.073282
0.035449
0.155330
0.226710
-0.004397
0.009116
0.097632
0.016252
0.165371
0.059219
0.025258
-0.117160
-0.100054
-0.102605
-0.095790
-0.079869
0.059321
0.220667
0.124893
-0.195152
-0.089803
-0.088548
0.008099
-0.045357
-0.109807
-0.130681
-0.081772
0.106998
0.047937
0.074451
0.102737
0.076748
0.043775
0.104214
-0.023299
-0.153846
-0.019964
-0.035808
-0.118897
-0.111260
0.135051
0.054108
0.067217
-0.000999
-0.060190
0.057914
0.021726
0.021366
-0.055860
0.140862
0.025245
0.020677
0.049978
0.138873
0.275750
0.069241
-0.238883
-0.199707
-0.081772
-0.033640
-0.121440
-0.125149
-0.049045
-0.079793
-0.053668
0.010020
0.001983
-0.007834
0.020051
-0.048082
0.033177
-0.009559
-0.050922
0.098517
0.107619
0.122104
0.028294
-0.024199
0.189474
0.249601
0.054040
-0.038857
-0.176519
-0.208137
-0.041683
0.015393
-0.022770
0.081742
0.207809
0.112506
0.036651
0.069651
-0.045925
-0.065207
-0.160537
-0.311573
-0.164306
-0.061201
0.091749
-0.051492
-0.024161
0.105132
0.167909
-0.079993
-0.104489
-0.090806
-0.184950
-0.037800
-0.017272
0.138908
-0.033349
0.042500
0.032983
0.104411
0.185895
0.037846
0.145199
0.145936
0.172850
0.120486
0.092851
0.205453
0.026558
-0.019527
-0.200762
-0.154174
-0.193688
-0.144424
-0.021036
-0.095395
-0.113873
-0.090116
-0.034622
-0.007255
-0.113051
0.091588
-0.101468
-0.070653
-0.095514
-0.215189
-0.064525
-0.039793
0.058997
0.150960
0.260807
0.289831
0.122758
0.102079
0.084421
0.053514
0.078521
0.026906
0.024364
-0.029082
-0.141421
-0.097277
-0.060320
-0.040294
0.050605
-0.021126
-0.054665
-0.004124
0.049146
0.129987
0.166746
-0.007618
-0.029885
-0.011265
-0.160192
-0.226097
-0.176253
-0.026782
0.042628
-0.027458
-0.120423
-0.054475
0.149581
-0.068460
-0.032619
0.028814
0.052635
-0.063992
-0.232412
0.034704
0.225713
0.154877
0.214281
0.090645
0.046105
-0.058226
0.075629
0.241943
0.093968
0.082728
0.065739
-0.092122
-0.219453
-0.207661
-0.241896
-0.053903
-0.032154
-0.053552
0.036735
0.162662
0.041624
-0.024639
-0.023760
-0.087982
-0.129996
0.061461
0.069446
0.064609
-0.004086
-0.089686
-0.052729
-0.037922
0.013917
0.025081
0.129654
0.048388
-0.054530
-0.012165
0.088537
0.019401
0.067926
0.022535
-0.037754
0.027820
-0.048416
-0.086759
-0.117374
-0.051236
-0.037828
-0.047126
0.116738
0.045210
0.177148
0.102979
0.028976
-0.115747
0.015318
0.026823
0.030369
0.159965
0.102651
0.080896
-0.127995
-0.063919
-0.005877
0.018988
-0.165468
-0.304409
-0.289688
-0.079813
-0.089068
-0.011803
0.156676
0.175079
0.092787
0.027153
-0.045405
0.094609
0.058271
0.019157
-0.008668
-0.008084
0.031252
0.003352
-0.095609
0.082834
0.070866
0.002928
0.076226
0.118107
0.276278
-0.031232
-0.139814
-0.004224
0.135799
-0.217257
-0.091693
-0.082278
-0.180736
-0.205163
0.065906
-0.002307
-0.049791
0.044409
0.021234
0.000192
0.190368
-0.011360
-0.013579
0.122446
-0.004310
0.010446
-0.097928
-0.044587
0.114044
-0.007530
0.057382
0.078155
-0.032701
-0.155474
-0.038265
0.010084
0.184011
-0.115617
-0.200188
0.044023
0.131686
0.000000
0.000000
0.039785
-0.083101
-0.121105
-0.332447
-0.060373
0.180888
0.182941
0.148083
-0.003316
0.013028
0.104566
0.103889
0.107471
0.287078
0.217733
0.169079
-0.157833
-0.157723
-0.241561
-0.086641
0.094372
-0.212422
-0.091307
-0.390388
-0.309605
-0.144985
-0.037888
0.109482
0.031897
-0.057855
0.157564
0.141646
0.103472
0.216354
0.191724
0.070898
-0.144483
-0.095202
0.048675
-0.033341
-0.029085
0.191709
0.011804
0.135961
0.014555
0.058397
0.060597
0.005815
-0.109596
-0.024493
0.063018
0.025656
-0.043521
-0.068264
-0.205593
-0.100261
-0.035656
-0.087655
-0.079089
-0.115623
0.084994
0.037841
-0.049491
-0.014440
-0.033954
0.063725
-0.070402
0.161964
0.134263
0.098225
0.083556
-0.135839
-0.030498
0.073498
0.001774
0.054048
0.135618
-0.033215
-0.146945
0.052169
0.124281
0.064451
0.101268
0.106851
-0.037550
-0.085270
-0.162238
-0.120530
-0.022730
-0.017128
-0.083108
-0.161961
-0.009327
-0.039611
0.142344
0.051655
0.046604
-0.167720
-0.168187
0.075408
-0.071268
-0.185823
0.040309
0.038098
0.037837
0.257916
-0.005916
-0.069095
0.081232
0.094596
0.178371
0.070468
-0.000577
-0.045818
0.022465
0.050640
0.072310
-0.052928
-0.131974
0.009029
0.084834
-0.006467
0.038921
-0.121284
0.097304
0.110939
0.151563
0.253680
0.188649
-0.032996
-0.253325
-0.158587
-0.219316
-0.278135
-0.207195
-0.088637
-0.005996
-0.092193
-0.176796
-0.100563
-0.126955
-0.064118
-0.028726
-0.057864
0.058089
0.029342
-0.021061
0.108101
0.254006
0.258238
0.158460
0.190227
0.173307
0.147952
0.107277
-0.012423
0.027691
0.010095
0.120927
0.132902
0.171923
0.001712
-0.127021
-0.185590
-0.049623
-0.176637
-0.042295
0.063862
0.051348
0.036284
-0.181760
-0.317346
-0.076914
0.007726
-0.079227
-0.044827
-0.063252
-0.169594
-0.116570
-0.069964
0.052520
-0.059876
-0.372563
-0.119661
-0.026700
0.205038
0.141118
0.087284
0.164650
0.108959
0.095806
0.187312
0.222933
0.160617
0.269937
0.247251
0.311537
0.097585
-0.322114
-0.257800
-0.102424
-0.187782
-0.258799
-0.089312
0.069414
0.089940
0.117376
0.136389
0.209765
-0.002034
-0.226751
-0.244075
-0.191104
-0.058494
0.086112
-0.022222
-0.026715
-0.122902
-0.148382
-0.026856
0.040424
-0.027920
-0.072398
-0.056599
-0.024009
-0.088355
0.121803
0.088882
0.265725
0.186500
0.366204
0.184145
0.024439
-0.227689
-0.072850
0.016718
-0.105207
-0.153364
-0.122605
-0.139308
-0.044060
-0.130684
0.049494
0.056436
0.000302
0.149737
0.083444
-0.113524
-0.003295
0.202767
0.160691
0.069153
0.079658
0.139969
0.140382
-0.136958
-0.290184
-0.135958
-0.152178
0.044763
0.033272
-0.156816
0.013801
0.244617
0.354640
-0.015798
-0.093751
-0.100515
-0.119363
-0.099388
-0.156453
-0.184317
-0.180553
-0.139468
-0.160345
-0.047434
0.102333
0.176302
0.038356
-0.000879
0.057022
0.178974
0.275215
0.144846
0.269130
0.103759
-0.020937
-0.104715
0.053580
-0.023997
0.067454
0.145238
0.056933
-0.049273
-0.165558
-0.082802
-0.045126
-0.196074
-0.200832
-0.017443
-0.005945
-0.135148
-0.141350
-0.035611
-0.000754
-0.171363
0.008127
0.121262
0.138728
0.117586
0.030979
-0.100029
0.021465
0.101925
0.132649
0.025805
-0.165873
-0.032210
-0.022057
0.080676
0.185656
0.181025
0.152015
0.018577
-0.047170
-0.107455
-0.203920
-0.028469
-0.024901
0.074468
0.153905
0.148891
-0.020227
-0.131786
-0.170481
-0.201407
-0.050664
0.085586
0.089418
0.114049
0.037964
-0.038752
-0.121833
-0.167961
-0.097068
-0.066945
0.066965
-0.062867
-0.063693
0.064143
0.229197
0.097706
-0.022461
-0.021747
0.161508
-0.040493
0.053432
0.143231
0.017154
-0.150029
-0.128688
0.000000
0.000000
0.076007
-0.002608
0.039345
0.089046
0.075467
0.141272
-0.074566
-0.059713
0.016934
-0.115855
-0.127634
-0.290955
-0.218438
-0.048214
-0.093297
-0.015411
0.095416
0.054261
-0.076601
0.191660
0.252622
0.152687
0.339271
0.026187
-0.331772
-0.043956
0.184283
0.243645
0.200574
0.062234
-0.017602
-0.000126
-0.294406
-0.353167
-0.248510
-0.351274
-0.170011
-0.088623
-0.012928
0.015004
-0.031352
0.122367
0.218930
0.285791
0.296544
0.135479
0.094758
0.154290
0.028898
0.068467
0.004483
-0.010685
-0.174787
-0.472696
-0.170874
-0.130128
-0.144251
0.097427
0.018054
-0.154965
0.024967
0.351671
0.489030
0.184326
0.025553
-0.005989
-0.136291
-0.081601
0.029217
-0.236472
-0.046845
0.077802
0.019003
-0.056129
-0.019357
0.007364
0.079840
-0.092380
0.028790
0.030063
-0.100284
-0.233857
-0.099277
0.027234
-0.002662
-0.115151
-0.020733
0.142912
0.129303
-0.017523
-0.228271
-0.141482
-0.059922
0.037413
0.050779
0.162173
0.351138
0.042672
-0.030436
0.060597
0.223121
0.100714
0.044558
0.148548
0.024459
-0.013901
-0.241623
-0.201294
0.045260
0.217634
0.165700
-0.011521
-0.193101
-0.326904
-0.135523
-0.137005
-0.104804
-0.036180
-0.015852
0.154047
0.038464
-0.104684
0.143036
0.006832
0.029092
0.036863
-0.040690
-0.042230
-0.028946
-0.086542
0.123504
0.234807
0.214849
-0.122949
-0.009448
-0.043994
-0.031070
-0.128594
-0.040390
-0.237092
-0.256462
-0.116645
-0.027061
0.176226
0.176166
0.172061
0.107388
0.295552
0.220650
0.132948
-0.094574
-0.234394
-0.107828
0.044029
0.003554
-0.165093
-0.052802
0.018766
0.084158
0.002290
0.072695
0.177880
-0.237814
-0.008446
0.202872
0.134219
-0.002581
-0.043300
-0.092817
-0.110748
-0.127573
-0.131667
-0.045011
0.128542
0.075416
0.052328
-0.217844
0.087358
0.136880
0.015283
-0.204803
-0.263957
-0.294154
-0.195540
-0.089102
-0.001022
-0.071926
0.065514
0.167799
0.101806
0.066584
0.180822
0.188757
0.283336
0.138315
0.162319
0.052666
-0.004170
0.002073
-0.047491
0.100622
0.064315
-0.003928
0.210560
0.267251
0.183627
-0.058011
-0.047744
-0.241345
-0.212825
-0.109385
-0.115604
0.034996
-0.214908
-0.316603
-0.250199
-0.273399
-0.220297
-0.220506
-0.035140
0.065256
0.077232
0.022779
-0.124236
-0.059038
0.083475
0.095709
0.158228
-0.011335
0.182540
0.311909
0.288117
0.495215
0.377720
-0.050722
-0.154184
-0.010782
0.059268
0.034170
-0.243164
-0.174992
-0.047936
0.175191
0.091543
0.059192
0.003623
-0.019764
-0.303464
-0.262750
-0.057750
-0.092914
-0.009157
-0.054973
-0.089314
-0.081651
-0.026741
-0.057886
-0.065936
-0.026312
0.144939
0.155489
0.180457
-0.025234
-0.097097
-0.013922
0.110436
0.028618
0.152423
0.232565
0.096734
-0.229527
-0.081532
0.025515
-0.186604
-0.074826
0.067790
0.059051
-0.159183
0.003836
-0.039963
-0.097405
-0.044718
-0.020561
0.010278
0.016977
0.141443
0.011007
0.200143
0.104596
0.018781
-0.016630
0.137464
-0.065060
-0.252127
-0.077373
-0.060468
-0.050401
0.051735
0.137503
0.128203
0.081221
0.090048
0.082479
-0.054367
-0.046394
0.432217
0.156055
0.296537
-0.147475
-0.166376
-0.201084
-0.197916
-0.276635
-0.286244
-0.411951
-0.284374
-0.114102
-0.040726
-0.034585
-0.035575
0.061640
0.054350
0.154254
0.222621
0.122285
0.110068
0.188342
0.151581
-0.032884
0.019297
0.219572
0.104258
-0.108544
-0.063107
0.080354
-0.039960
0.011632
0.071084
-0.052245
0.284092
0.156992
0.107431
0.101061
0.019593
-0.027020
-0.107811
-0.139653
-0.262968
-0.142949
-0.218871
-0.223517
-0.033663
-0.031393
-0.126142
0.006233
0.022679
0.010704
0.051004
-0.167913
-0.066088
-0.048265
-0.116096
0.117789
0.090614
0.058269
0.161467
0.218020
-0.010709
-0.062844
0.039114
0.214370
0.121808
0.061479
0.210305
0.119629
-0.100652
-0.136243
-0.050057
-0.110680
-0.210133
