0.489264
-0.229375
-0.141023
0.284954
-0.062337
-1.247264
-0.509760
-0.527308
0.640890
0.107091
-0.134066
-0.818446
-1.001177
1.652661
-0.139719
1.233526
0.439897
0.695202
1.753869
0.553826
0.097559
1.467482
-1.648673
-1.369009
0.614279
-1.168533
-0.541115
0.040328
-0.100641
0.024085
-0.216968
-0.711848
0.485836
0.278712
0.750059
-0.133151
-0.448851
-1.121209
-1.251672
0.365777
-1.085659
-1.223965
1.143599
1.241344
-0.022849
0.582557
1.013653
-0.713368
-0.000441
0.661265
0.281726
-0.346022
2.082465
0.176489
-0.827002
-0.479734
0.508155
-0.181026
-0.749129
-0.817446
-0.392204
0.129921
-0.474141
-0.460906
-0.362031
-0.262413
0.403101
0.113761
1.220972
1.125426
0.699745
-0.209915
0.514395
0.104737
-0.384751
-0.255579
-0.631411
0.630023
0.125420
0.505140
-0.219714
-0.587939
-0.342355
-0.892831
-0.854856
0.210506
0.951797
-0.750726
-1.137854
0.890943
-0.702039
-0.628027
0.914335
0.450033
1.739958
0.349344
0.068447
-0.966949
-2.217867
0.327103
0.265681
-0.047736
-0.165404
0.027683
0.821292
1.444382
-0.091676
0.961588
-0.413890
-0.230872
1.258464
-0.442881
0.041465
-0.302725
-0.360354
-1.196079
-0.315626
-0.662409
-1.034172
0.444406
0.211433
-0.645091
0.285285
0.594584
0.211730
0.841017
-0.401262
0.928701
0.068028
-0.063413
1.074658
0.298409
-0.336068
-0.013735
0.015794
-0.018218
0.352078
0.032965
0.215571
-1.225424
-1.778629
-0.781880
0.245790
2.093121
-0.242915
-0.113971
-0.502111
-1.144387
-0.301446
-0.546915
-0.555166
-0.170197
0.243887
0.183439
-0.015203
0.558314
1.084838
0.570898
-0.090529
1.590359
1.224738
0.180856
0.477172
-0.498866
0.207078
-0.375396
-0.405090
-0.643344
-1.095372
-1.118560
0.265176
-0.481553
1.308017
-0.609704
0.100123
-0.276372
1.060011
-0.011103
-0.906048
-0.290909
-0.503089
-0.447079
0.623718
-0.140528
-0.055544
0.596024
0.662883
0.463595
-0.230580
0.946579
0.021823
-0.272683
-0.372275
0.121885
0.236354
0.240981
-0.397108
-0.547188
-0.512696
-0.121372
0.481708
-0.487392
-1.013549
0.312709
0.362211
0.240585
-0.436796
0.304829
0.796998
0.047191
0.050782
-0.836815
-0.433090
-0.257315
0.652457
0.436709
0.273324
-0.117192
-0.374735
0.365979
0.330690
-0.038525
0.188241
0.001355
0.219613
0.628380
-0.424703
-0.757412
-0.908392
0.490033
-0.113575
0.173448
1.091302
0.410758
-0.430273
0.013067
-1.361432
0.877743
0.898760
-0.297887
-0.342327
0.202594
-0.163969
-0.702900
-0.013087
0.018671
-0.116588
0.045830
-0.044781
-0.528251
0.316379
0.057539
-0.339290
0.010957
0.006641
-0.229502
-0.299124
0.093546
-0.842910
0.293175
-0.110683
0.487668
-0.231603
0.337811
0.263626
0.212068
-0.503432
0.507227
-0.685937
0.765679
1.221024
0.069062
-0.011817
1.476633
0.318697
0.501197
0.258873
0.151976
0.355754
0.442566
0.023896
-1.378727
-1.365175
-2.080936
-1.215501
-0.056178
0.366529
-0.299472
-0.154944
0.033210
1.566190
-0.551689
-1.666035
-0.190923
0.943866
0.779652
0.459734
0.330021
-0.449243
-0.050819
0.168394
0.202517
0.203151
0.023981
0.553930
-0.949888
-1.177044
0.810712
0.984779
-0.040455
-0.375682
-0.037213
0.848517
-0.641748
0.830766
0.288242
0.558636
-0.640940
0.434269
-0.048020
-0.303950
-0.221133
0.208817
0.252485
-0.623787
-0.314172
0.516022
0.838841
-0.614683
-1.065941
0.059337
0.663193
0.316070
-0.725235
-1.153639
-0.691765
0.495237
0.020541
1.046506
0.156546
-0.525931
-0.098713
0.267190
0.014671
-0.171501
-0.137218
0.496949
-0.169666
-0.464836
0.381626
-0.934337
-0.683702
-0.019896
0.513901
0.313327
-0.158254
0.583554
1.244832
0.054328
-1.390214
-0.552998
-0.163965
0.092775
1.706484
1.477458
1.129221
0.297633
0.216270
-0.823716
-0.595607
-0.853775
-0.953188
-0.277146
-0.432538
1.303722
0.100679
-1.500803
0.316098
0.665347
0.133423
0.025699
-0.461235
-0.260736
-0.443395
-0.094882
0.157742
0.114083
-0.013595
-0.207472
-0.457173
-0.188128
0.970956
-0.254557
0.584612
0.000000
0.000000
0.213904
0.172507
-0.011401
-0.368155
0.144410
0.161708
-0.639457
-1.077593
0.667639
0.753363
0.303672
-0.071778
0.987810
0.014644
0.472345
0.097767
0.336075
0.292520
-1.225153
-0.157067
0.514518
-0.576554
-1.280536
-0.749414
-0.497968
-1.661514
-0.952062
0.282300
0.126933
-0.866325
0.545618
1.293901
1.709755
0.502834
0.635545
0.415755
-0.193722
1.624330
-0.849101
-0.651065
0.587464
-0.075208
0.676962
0.210488
-0.710077
0.190047
-0.079103
-0.221825
0.065458
0.458607
0.760941
0.863832
0.127573
-0.802056
-1.463959
-1.279913
-0.905797
-0.079223
0.168321
0.036696
-0.226070
-0.254938
-0.202676
0.457108
-0.524594
-0.225515
0.756538
-0.139716
-0.083241
0.044465
0.678161
-0.070565
-0.128256
0.052427
1.187695
1.039615
0.640670
-0.051393
0.838535
-1.157943
-0.825572
-1.135515
-0.487238
0.252101
-0.385605
0.157518
1.001834
-0.065586
0.453136
0.418611
-0.603276
0.497005
-0.178169
0.324328
0.871936
-0.541187
-0.462044
0.256914
-0.295183
-0.609239
-1.096595
-0.309734
-1.008743
-0.607131
0.644958
-0.217926
0.456605
0.329474
-0.661299
0.223616
0.810539
0.338698
0.574410
0.847180
0.232274
-0.213634
0.049165
0.876499
0.954656
0.599032
-0.151743
0.213771
-0.438030
-0.577812
-0.291501
-1.087327
-0.491300
-0.432469
-0.797192
0.068097
-0.142536
-0.439746
0.487472
-0.009113
0.608365
0.434823
0.082291
0.649382
-0.148431
-0.967442
-1.241233
0.024736
-0.324881
-0.076121
0.411163
1.514029
0.168749
0.167175
0.079171
-0.493256
-0.076669
-0.085709
-1.076419
-0.223206
-0.269921
0.570904
0.374172
0.420766
0.504203
-0.478703
-0.382298
1.101970
1.156539
0.006961
-0.573951
0.212019
0.914862
1.028854
-0.775562
-0.019526
0.600453
0.008869
0.002155
0.371857
0.405300
-1.099942
-1.482845
-1.217643
-0.452693
-0.218133
-0.723319
-0.480672
0.269699
0.150255
-0.407836
-0.089108
0.362868
-0.131385
-0.580673
-0.053190
-0.383939
0.120001
-0.167602
0.754246
0.128510
-0.527017
-0.289380
0.004528
0.907991
1.398287
0.981545
0.914092
1.429959
1.091577
1.420719
0.752280
-0.310312
-0.985747
-1.260978
-0.475485
-0.342197
-1.509338
-0.492121
-0.073718
-0.447938
-0.061546
0.020026
-0.318566
-0.710619
-1.110437
-1.213863
-0.461365
1.358881
0.414239
0.103060
0.413318
0.932840
0.780745
0.114230
-0.138721
0.149933
-0.103222
0.855104
0.370655
0.403777
-0.874825
-1.827889
-0.287627
0.788903
0.772959
0.123196
-0.191484
-0.874599
-0.435079
-0.047513
0.212767
0.099992
0.159641
-0.875846
-0.643583
-0.000938
-0.314183
0.749118
0.450063
0.442841
0.748916
0.566886
0.589258
0.354502
0.263227
-0.319428
1.077679
1.488475
-0.226457
0.031407
0.064915
-0.563969
-1.701034
-1.717790
-0.874398
-0.911095
-0.108705
-0.750430
-0.333995
0.871042
0.038197
-0.348064
0.564440
0.867855
-0.150038
0.982837
0.199324
0.317277
1.684535
-0.868073
0.007125
-0.351062
0.722586
-0.300793
-1.221067
-0.753402
-0.759364
0.206113
0.983592
-0.022984
0.015335
0.826350
-0.096952
-0.118240
-0.073139
-0.569471
-0.414613
-0.326816
-0.005772
0.244401
-0.048391
-0.291514
0.543725
0.045624
1.035415
1.255277
-0.992123
-1.953749
-0.967489
1.184709
1.164966
1.585375
0.399487
0.148805
0.215421
0.251192
-0.416128
-0.270626
-0.392305
-0.473884
0.722224
0.520333
-0.304904
-1.237554
-0.842693
-1.018368
-1.247127
-0.508380
-0.014453
0.017272
1.519485
-0.049498
0.175769
0.726130
0.054929
-0.465847
-0.744117
-0.933097
0.540104
-0.243062
0.821042
0.880635
0.366783
0.530072
0.323848
-0.989832
0.522892
0.884411
0.594817
-0.082714
-0.026725
-0.639904
-0.040116
0.000588
-0.353526
-0.605389
0.000000
0.000000
0.358904
0.623456
-0.847823
-0.035638
-0.369487
-0.725466
-0.056901
0.124981
0.205519
0.332305
0.599410
-0.186822
-0.035062
-0.354694
-0.792527
0.476780
1.303049
0.471121
-0.818840
-0.357701
0.765785
-0.166887
-0.379685
0.304054
-0.098297
-1.698468
0.657190
0.770929
0.427846
0.268790
-0.746919
-0.007054
1.048160
0.119816
-0.364131
0.402019
-0.894609
-0.099722
0.091179
-0.381241
0.199197
0.722281
0.164798
-0.571065
0.530959
-0.834606
-0.864210
-0.309320
-0.772585
0.565650
0.317897
0.209683
-0.006038
0.779291
0.451377
-0.026782
-0.102009
0.488225
0.169998
-2.067760
-1.406644
-0.784630
-0.334539
0.567393
0.989155
0.745149
0.069920
1.017682
0.643741
1.101529
0.625209
0.722223
0.902573
-1.087559
-1.618853
-1.199489
-0.669500
-0.304996
0.317264
1.001357
0.726729
0.255351
-0.063777
0.140919
-0.313561
-0.071089
1.258858
0.637044
0.247832
0.240255
-0.977895
-1.279579
-1.663403
-1.092131
-1.682895
-0.122401
0.367107
-0.484340
0.531022
0.495907
0.977369
0.686619
-0.318540
-0.007434
-0.175075
-0.259719
-1.047526
0.532221
0.319047
0.358627
0.162311
1.965225
1.154721
0.856281
0.615117
-0.070072
-0.202321
-0.187167
-0.721229
-0.523558
0.176878
0.075347
-1.371568
-1.064912
0.128143
-0.052916
-0.361281
0.103742
-0.300958
-0.134523
1.496687
1.106151
0.614219
0.354392
-0.239263
-0.267112
0.462155
-1.012732
-0.134601
-0.108210
0.109518
-0.701005
-0.288761
-0.031978
-0.535680
-1.484005
-1.613782
-0.369557
-0.470821
-0.111296
0.452812
-0.153036
0.366040
0.629357
0.893664
0.530394
-0.162557
1.247577
0.764204
-0.103364
1.475159
1.176585
-1.524026
0.390574
0.138510
0.346121
1.370695
0.419238
0.754931
-0.651281
-0.746470
-0.791688
-0.292848
0.047214
0.641970
0.497860
0.459103
-1.190978
-0.429962
-0.599452
-0.831299
0.091998
-0.996153
-1.213036
-1.163814
-1.037831
-0.548150
-0.850493
-0.964460
-0.327882
0.290064
0.275699
-0.105890
1.597700
1.998507
1.776075
0.695637
0.094100
1.800191
0.151214
-0.332338
-0.417078
-0.301638
0.695955
0.745819
0.127393
1.051425
0.043745
-0.802952
-1.165011
0.856335
-0.123373
-1.407801
-0.634573
0.478813
0.073837
-0.154458
0.248488
0.028648
-0.616522
-0.502633
-0.858462
-1.131721
-1.487831
0.959874
1.269835
-0.575838
-1.973986
-0.340839
1.057272
0.391933
0.407945
2.797204
1.347291
0.494649
0.192378
-0.134150
0.162390
0.256611
-0.229889
0.038856
-0.998722
-0.848761
-1.053093
-1.050256
-0.956680
-1.287719
-1.716184
-0.488034
0.765816
1.699986
-0.020968
0.518865
0.828166
0.714240
2.143345
1.547230
-0.325105
0.338417
-0.291220
-0.116784
0.436271
1.175551
-0.533868
-0.699653
0.144616
-0.761200
-0.584610
-0.272852
0.307465
0.430610
0.781058
0.491775
-0.799032
-1.351723
-0.917274
-0.293915
-0.431946
-1.199817
0.128590
0.716779
-0.286309
-1.030150
-1.670254
-1.314049
-0.287127
0.503437
0.485270
1.132169
0.997545
1.047300
1.042132
0.614630
0.715708
0.845302
1.078241
0.022931
-0.550982
-1.096371
-0.083415
-0.506115
-0.835591
0.161914
0.624665
0.340901
-0.028118
1.911849
1.245062
-0.854494
-0.011986
0.829931
1.003086
-1.133901
-1.480292
-1.269281
-2.117926
0.403648
-0.932962
-0.438980
-0.114485
-0.568664
-0.794075
-0.407045
0.913005
0.902166
0.676091
0.493407
-0.698382
-0.583806
-0.111470
0.458116
0.683110
0.492914
0.802559
0.922563
-0.421787
-0.711599
0.394848
0.635937
-1.057116
-0.662665
0.898897
1.342942
0.844779
0.397964
-0.422423
0.291112
-0.391540
-0.103292
0.283980
0.019024
-1.242433
-1.411821
0.238152
-1.159109
-0.945863
-0.717829
-0.038092
0.094908
0.666118
0.312363
0.949640
0.504237
0.027528
1.492961
-0.063627
0.359824
0.485169
-0.049514
-0.466383
-0.856713
-1.419705
1.548490
-0.271422
-0.253158
-0.067407
-1.714213
-0.216699
1.380249
0.446739
