-0.132381
-0.440468
-0.083234
-0.278834
0.126540
0.246715
0.573333
-0.122983
0.666814
-0.220468
-0.435015
-0.047988
0.543784
0.580719
-0.427102
0.066079
0.157698
0.030926
-0.036583
-0.345579
-0.668789
0.558909
-0.011860
0.145721
0.243371
0.586191
-0.045827
-0.445634
-0.280598
-0.654771
-0.573391
0.337827
0.080382
-0.184514
-0.123640
-0.214037
-0.108332
-0.181996
-0.236293
0.042229
-0.343451
-0.026360
0.222078
0.514938
0.179617
0.184336
0.116325
0.590090
0.254967
-0.169700
0.050405
-0.045565
-0.141338
0.331760
0.123961
0.835953
0.539674
-0.070010
-0.062052
-0.265731
-0.934886
-0.289151
0.415426
-0.048717
-0.237886
-0.508560
0.015355
0.269627
-0.048383
-0.517698
-0.044768
0.070796
0.116179
0.379024
-0.138601
0.346626
0.042079
-0.251757
0.286489
-0.748751
-0.343555
0.151836
-0.175441
-0.374334
0.269878
-0.271137
-0.253134
-0.039316
0.221116
0.339883
-0.099320
0.499318
0.197751
0.245307
0.267019
-0.262372
-0.271254
-0.102405
0.048304
0.348021
0.355751
0.112777
-0.076976
0.699486
-0.440338
0.589324
0.446897
-0.425462
-0.467577
-0.474440
-0.107770
0.156555
0.290172
-0.216523
-0.212785
0.323827
0.395007
-0.275554
-0.616158
-0.251566
-0.348121
-0.409381
0.248428
-0.558989
-0.322837
0.144376
0.384348
0.153411
0.482961
0.052681
-0.073593
-0.402968
-0.029630
0.305063
0.277455
0.543573
0.440042
-0.507668
-0.421864
0.613728
-0.008135
-0.537000
0.129599
0.400872
-0.481248
-0.052813
-0.461791
0.475150
0.404816
-0.042904
-0.250631
0.420603
-0.167332
-0.504018
-0.135642
0.240857
0.118891
0.188657
-0.229288
0.054079
0.238847
0.058151
0.059701
0.114460
0.069769
0.157398
0.044294
-0.021823
-0.178200
0.030432
-0.250698
-0.027843
0.025091
-0.321342
0.041586
0.027280
-0.355953
-0.245072
-0.317002
-0.157540
0.160585
0.415426
0.002394
0.190404
0.414549
-0.144031
-0.289772
-0.566271
-0.023174
0.276890
0.009045
-0.400147
-0.467718
0.102596
-0.055573
0.788795
0.260740
0.099119
0.180142
0.115956
0.198390
0.590183
0.442004
0.386320
0.332882
-0.485506
0.132108
-0.260719
0.050679
-0.267433
-0.252238
-0.407879
-0.313910
-0.327109
-0.122171
-0.073976
0.470985
0.150302
-0.137605
-0.392363
-0.363692
0.050020
0.318448
0.159948
-0.691459
-0.774808
-0.338619
0.392786
0.232505
-0.105320
-0.398746
0.404757
0.104999
0.198629
0.818799
0.473596
0.576206
-0.008126
-0.247642
0.396845
0.027745
-0.175845
-0.150749
0.367462
0.159920
0.081786
-0.310544
-0.581914
0.041668
-0.347517
0.269478
-0.162043
-0.328632
-0.468085
0.038104
0.146330
0.032843
-0.023567
0.087298
-0.277615
-0.049671
0.542131
-0.374196
-0.709803
0.177647
0.463543
0.911307
0.203735
0.005571
-0.083737
-0.044575
0.050890
0.038094
0.228269
-0.076570
-0.138501
0.407937
-0.161603
-0.285412
-0.215202
-0.573946
-0.537433
0.172450
0.283593
-0.162221
0.006740
0.048286
0.147398
-0.125838
-0.044933
-0.432621
0.042379
0.310969
-0.113253
0.257868
0.192506
0.020089
0.059107
-0.126552
0.071590
0.378983
0.176849
-0.153877
-0.093008
-0.124229
0.315352
0.305738
-0.016479
0.304563
-0.107847
-0.054283
-0.201726
-0.744002
0.103970
0.701400
0.084440
0.082077
0.407499
-0.500616
-0.196682
0.180103
-0.619348
0.033825
-0.005472
-0.091337
0.020821
-0.308340
-0.668886
0.444031
0.153900
-0.128738
-0.020222
0.281403
-0.463227
-0.048447
0.349393
-0.296341
-0.261133
-0.123068
0.169375
0.226981
-0.399601
-0.495211
0.269830
1.187049
0.491703
0.040245
0.276168
0.086301
0.057004
-0.296623
0.171090
0.496976
0.285202
-0.239130
0.208836
-0.006611
-0.744310
-0.245120
0.171481
-0.116485
0.136575
-0.216104
-0.397928
0.295604
0.108884
-0.175562
-0.264462
-0.506082
-0.015297
-0.226181
-0.419448
0.111228
0.499760
-0.599720
-0.137850
0.740714
0.238523
0.031190
0.251474
-0.019135
-0.154226
-0.228986
0.634192
-0.087432
-0.343637
0.059289
0.356626
0.522773
0.156888
-0.205576
-0.319491
-0.126546
-0.192735
0.000000
0.000000
-0.208374
-0.205367
-0.027462
-0.166825
0.304797
-0.419721
0.546705
0.335129
0.235225
-0.571888
0.024833
0.189835
-0.616443
0.636804
0.062473
0.168794
0.091782
-0.295959
0.649103
0.084958
-0.102929
0.488234
-0.207570
-0.379554
-0.124658
-0.481327
-0.197922
0.039183
0.073798
-0.108272
0.239857
0.018896
0.035876
-0.042952
-0.065128
0.147260
-0.302190
-0.560520
-0.214865
0.478130
0.389950
-0.044954
-0.153322
-0.522563
0.540442
0.495512
0.188538
-0.024773
0.317465
-0.555069
-0.549507
-0.836931
0.131706
0.287030
0.482545
0.328761
0.122504
0.027071
0.168490
-0.389098
-0.697076
0.057640
0.304468
0.118925
0.034562
0.119335
0.316133
0.012676
0.102321
0.315297
0.067271
-0.227360
-0.289454
-0.220352
0.350212
0.407096
0.180756
-0.553810
-0.176493
0.234843
-0.050020
0.365487
-0.023262
-0.182479
-0.195555
0.068092
-0.610500
0.121319
0.051655
-0.078114
-0.092499
0.129368
0.182610
-0.254592
-0.236997
0.074267
0.316537
-0.141993
-0.295824
-0.470841
-0.216273
0.199535
0.096428
-0.047844
0.158968
0.362902
-0.149682
0.315891
0.233473
-0.238212
-0.726886
0.166218
0.282425
0.040386
-0.297574
0.146439
0.232286
0.557616
0.346436
0.193522
0.605519
0.183884
0.269389
-0.059888
0.187338
0.255855
-0.172247
0.108439
-0.001173
-0.649160
-1.546701
-0.158781
-0.540328
-0.590415
0.273242
-0.180932
-0.450945
-0.327643
-0.175998
0.380262
0.621302
0.734838
0.518884
0.467340
-0.166417
-0.185243
-0.042459
0.084640
0.340651
-0.037417
-0.472313
0.011847
-0.576031
-0.110505
0.444361
-0.162691
0.010159
-0.155283
0.002541
0.396444
0.155508
0.314063
-0.065363
-0.046501
0.391489
-0.043139
-0.250507
-0.323035
-0.024467
0.819818
0.341051
-0.376537
-0.396676
0.101652
-0.099111
-0.059352
0.033726
-0.181817
-0.448039
-0.325187
0.295623
0.014227
-0.257634
0.067043
0.331621
-0.029271
0.012661
-0.077078
-0.253459
0.041223
0.160479
0.318401
0.217277
-0.305767
-0.050943
0.505842
0.548520
-0.314072
-0.169805
0.004530
0.170800
0.047617
-0.080512
-0.550515
-0.332549
-0.187155
0.047680
-0.197288
-0.222188
0.134986
-0.588086
0.065947
0.411881
0.316141
0.076181
0.271232
0.034077
-0.078165
-0.011846
0.201467
0.137733
0.093498
0.247674
0.003536
0.384447
0.002679
0.064514
-0.063561
-0.021410
-0.141914
0.268913
0.025223
-0.705440
-0.285495
-0.365707
0.095816
0.024883
-0.357641
-0.037001
0.309139
0.204907
-0.112817
0.338845
-0.437861
0.088595
0.503912
-0.160932
-0.329892
-0.127348
0.187523
-0.122957
0.188969
0.166159
0.079402
0.189097
0.311690
-0.353863
-0.222040
0.360808
-0.038742
0.104649
-0.360686
-0.453486
-0.284625
0.304492
0.194957
-0.248295
-0.666527
0.007075
0.280856
0.195499
0.179410
-0.264822
0.219373
-0.033473
0.468380
0.334495
-0.176839
-0.549923
0.070918
-0.378701
0.015034
0.267230
0.524887
0.676092
0.552755
0.061949
-0.381411
0.038202
0.182053
0.425079
-0.231813
-0.177814
-0.165531
-0.339555
0.072938
-0.273207
0.366064
-0.095225
-0.568986
-0.210506
-0.342539
-0.544982
-0.226016
-0.574325
-0.194471
0.125610
-0.107781
0.237682
-0.265238
-0.126559
0.238811
0.445318
0.669889
-0.160908
-0.095665
0.467607
0.077789
-0.060598
0.514204
0.221495
0.005642
0.140218
0.369244
0.117221
-0.062808
0.140615
0.014159
0.347331
0.344750
0.174587
0.337112
-0.118130
-0.724759
-0.279740
-0.972477
-0.107160
0.085817
-0.331092
-0.318529
0.564606
0.542064
-0.563729
-1.691421
-0.295383
-0.340866
0.136127
0.463068
-0.018476
0.210881
1.164516
0.297533
0.362908
0.445492
-0.372614
0.065080
0.024984
0.077016
0.188638
-0.666831
-0.114551
0.000000
0.000000
0.317708
-0.102992
0.742508
0.693977
0.084579
0.139178
-0.834833
-0.480574
-0.176067
-0.348324
-0.928384
-0.234666
-0.249644
-0.416270
-0.633853
-0.427788
0.067317
0.983956
1.273369
0.536774
0.122994
0.036077
0.205986
0.014239
0.303884
0.430928
-0.471948
-0.614258
0.590223
0.134001
-0.040113
0.175756
0.249559
0.057396
-0.168281
-0.588555
0.045320
-0.111181
-0.378985
-0.392440
-0.327623
-0.544666
-0.053412
0.612295
0.568701
-0.288551
-0.385340
0.544325
0.627909
0.352824
-0.171331
-0.420680
0.149282
-0.057795
-0.137660
0.209207
-0.015484
-0.004012
-0.618089
-0.330362
-0.213278
-0.119790
0.467151
0.032713
0.251402
-0.072438
0.492330
0.161049
-0.132902
0.091522
-0.080129
0.384002
-0.104193
-0.391713
0.517213
0.224818
0.355371
-0.224217
0.000036
-0.375910
-0.270838
0.088351
-0.295248
-0.406738
-0.198664
-0.443400
-0.271436
0.431502
-0.027814
-0.201156
-0.253209
-0.196046
0.778382
0.210123
0.459487
0.602974
-0.132837
0.180831
-0.001459
0.369776
0.113178
-0.276933
-0.265140
-0.622044
-0.316306
-0.368810
0.012275
0.057546
-0.049066
0.368522
0.470860
0.112905
0.370356
0.001634
0.133517
0.567448
-0.244194
-0.160640
0.456433
-0.466527
-0.618881
-0.204150
-0.189200
-0.388373
-0.720023
-0.583906
0.002105
0.216691
-0.003024
0.616718
0.454742
0.333940
-0.121698
0.242794
0.301484
0.114608
0.517124
-0.059974
0.135788
0.242693
-0.028701
-0.248358
0.122561
-0.221583
-0.441029
-0.762124
0.286916
-0.183716
-0.470651
0.006068
0.318589
-0.244194
0.030413
0.337368
-0.181025
-0.055154
0.074375
0.190257
0.021190
0.351833
-0.187882
0.685455
-0.287055
-0.555573
0.439355
0.299366
0.120460
0.287419
-0.411759
-0.084066
0.074746
-0.100655
-0.306314
0.784199
-0.295153
-0.132927
-0.133449
0.046654
-0.012582
-0.031561
-0.437559
-0.825616
0.077506
-0.026910
-0.530089
0.255053
-0.018325
0.486612
0.241128
0.466560
-0.270536
-0.434173
-0.274406
0.171375
0.188632
0.624538
0.715251
0.375192
0.108881
0.027552
-0.105281
0.087201
0.035445
-0.177351
0.070845
-0.379076
0.038283
-0.211182
-0.349669
0.515991
-0.721627
-0.775469
-0.186437
-0.196373
-0.030181
0.349899
0.008937
-0.213588
0.302061
0.256200
0.395523
0.402482
-0.423777
-0.072799
0.215501
-0.433200
0.017850
0.717243
-0.174494
-0.180654
0.011916
-0.189804
0.418857
0.478096
0.639950
-0.233430
-0.036011
0.169229
-0.565616
-0.643023
-0.332970
-0.342533
-0.044967
0.329891
-0.321291
-0.483681
-0.324841
-0.038362
0.022525
0.528648
0.352432
0.282364
0.599898
0.158895
0.151583
0.340598
0.251746
0.247492
-0.433979
-0.218597
0.007853
-0.250827
-0.549066
0.086004
0.451412
0.086129
0.004864
-0.011564
-0.057851
0.240736
-0.321652
-0.210506
-0.098983
-0.653045
0.094221
-0.369553
-0.182236
0.001823
-0.299706
-0.221067
0.177089
0.207877
0.425963
0.035586
-0.011571
-0.054229
-0.247148
0.247904
0.254858
0.343734
0.155579
0.082443
0.187647
0.227119
0.005507
-0.141768
0.117392
0.329033
0.376679
0.354992
-0.386911
0.285040
-0.028115
0.072032
-0.416974
-0.337278
0.325500
0.595578
-0.514900
-0.347843
-0.388110
-0.262970
-0.644891
-0.737024
-0.666104
-0.446736
0.090856
0.420247
0.369138
-0.160896
-0.051867
0.124109
0.157858
0.010195
0.035264
0.243531
-0.337473
0.532583
0.681479
0.240226
0.493388
0.473803
0.293265
0.424233
0.016782
-0.014400
0.073494
-0.276873
-0.105216
0.321951
-0.259461
-0.065363
-0.574168
0.051993
-0.465161
-0.350559
0.658028
-0.290102
0.095398
-0.863819
-0.422660
0.068502
-0.455045
-0.021375
-0.104779
-0.057734
0.107519
-0.024591
-0.147555
-0.033248
0.024761
-0.042708
0.098097
0.161425
0.266330
0.470645
0.202139
0.807470
0.523136
0.107941
0.283867
-0.225734
-0.219270
-0.319845
-0.035995
0.056340
-0.594138
-0.127527
0.095977
-0.122278
