0.000000
0.000000
-0.078962
-0.059329
-0.197634
0.010695
-0.051212
-0.102935
0.352295
0.373289
0.031845
-0.225366
-0.233908
-0.127125
-0.026272
0.044556
0.123312
0.197779
0.221337
0.044922
0.078939
-0.029962
-0.170352
0.090429
0.239606
0.181665
-0.143030
-0.123423
0.145442
0.129061
0.250024
-0.017886
-0.193266
0.074257
-0.218298
-0.517693
-0.341984
-0.201365
-0.145772
-0.141387
-0.332100
-0.303237
-0.205387
-0.366511
-0.010575
0.440301
0.146207
0.470019
0.466184
0.448343
0.344844
0.532599
0.079968
-0.284340
-0.091012
0.112076
0.253018
0.017803
-0.054499
-0.053789
0.186083
0.344901
-0.314030
-0.603906
-0.266349
0.623098
0.623332
-0.469397
-0.131706
-0.590113
-0.922395
-0.517083
0.033961
-0.090300
-0.086238
0.012247
-0.075062
0.024685
-0.045383
0.229839
0.170665
0.257087
0.491648
0.358321
0.444255
-0.065000
-0.186499
0.166564
0.355198
-0.050371
-0.173130
-0.038867
-0.110584
0.142008
0.415682
0.015491
-0.205502
-0.034617
-0.151290
-0.328920
-0.217688
-0.222897
-0.235215
-0.321699
-0.037369
-0.247969
-0.048997
0.265366
0.067818
0.337822
0.176544
0.372221
0.325365
-0.158104
-0.274118
0.046846
0.097755
-0.040484
0.009494
-0.108846
-0.252606
-0.013569
0.451615
0.171190
0.119081
-0.159686
-0.226412
0.188166
0.221711
-0.182720
-0.577142
-0.240639
-0.203490
-0.033928
-0.138533
0.133444
0.257571
0.310539
0.392076
-0.004512
-0.283313
-0.338241
-0.183964
-0.199004
0.086336
0.117188
0.390979
0.532502
0.277100
0.220452
0.098252
-0.460446
-0.491007
-0.249942
0.059334
0.186481
0.391804
0.154165
0.000280
-0.034274
-0.185529
0.039172
-0.172200
0.013747
0.141708
0.109228
-0.141677
-0.655727
-0.166783
-0.151184
0.123891
-0.248712
-0.211507
0.127183
0.036757
-0.157384
-0.180173
0.006984
-0.002737
0.332870
0.452920
0.146474
0.037843
0.509785
0.447084
0.225731
0.244531
0.156743
0.006791
-0.108728
-0.057133
-0.311434
-0.458974
-0.309398
-0.115574
0.094034
-0.059110
-0.405958
-0.481632
-0.374745
0.168227
0.131286
0.037182
0.221873
0.121288
-0.037955
-0.096994
0.244745
0.340873
0.311468
0.379942
0.052275
-0.394256
-0.217573
0.120651
-0.101987
-0.096414
-0.142841
-0.114052
0.056239
0.045803
-0.025272
0.155372
0.164073
0.192491
0.135908
-0.091510
0.085346
-0.065315
-0.221310
0.063002
0.105033
-0.086894
-0.142978
-0.315960
-0.404976
-0.098367
-0.056520
-0.226962
-0.217744
-0.002180
0.404369
0.365506
-0.183510
-0.313157
0.077000
0.460393
0.317550
0.097841
0.217294
0.533091
0.487291
0.095056
0.153015
0.011192
0.019767
0.084682
-0.148464
-0.445259
-0.850321
-0.150147
0.126494
0.362543
-0.150800
-0.637981
-0.395553
0.155564
-0.221651
-0.354418
-0.476460
-0.360068
-0.050921
-0.155051
0.028266
0.058418
0.260292
0.637823
0.515934
0.519582
0.553895
-0.062155
0.159597
0.380076
0.023679
0.253798
-0.007831
-0.112198
-0.074106
0.239824
0.217119
-0.026813
-0.122772
-0.072001
-0.163099
-0.040333
-0.391732
-0.573689
-0.084617
0.046484
0.172048
-0.235909
-0.463744
-0.466830
-0.586142
-0.066837
0.229994
0.064002
0.025503
0.096155
0.018219
-0.205825
-0.056144
0.060701
0.294791
0.561598
0.526531
0.189770
0.276571
0.424400
0.067951
-0.208168
0.017952
0.075976
0.020160
-0.418788
-0.148470
0.006032
0.156766
0.100082
0.277459
-0.337627
-0.197945
0.079588
0.194217
0.246710
-0.161883
-0.217709
-0.293151
-0.280994
-0.098063
0.002464
-0.108961
-0.179553
0.076966
0.130613
-0.394893
-0.630342
-0.290160
0.194337
0.537877
0.251200
0.157622
0.028110
0.094464
0.059342
0.109327
0.042538
-0.127205
-0.040620
0.100506
0.130131
0.230712
0.208834
0.507270
0.257204
-0.113247
-0.264741
0.111465
-0.005381
-0.167932
0.350397
-0.190311
-0.204301
-0.292968
-0.329210
-0.151039
-0.281444
-0.146348
-0.303364
0.061390
0.012785
0.048024
0.068905
0.043168
0.257570
0.334251
0.202159
0.056793
-0.260000
0.000000
0.000000
0.255155
-0.004553
-0.010107
-0.025648
0.031804
-0.229477
-0.186196
0.163534
0.162661
0.086543
0.194282
-0.100093
-0.223668
-0.301446
-0.142920
0.000000
0.000000
-0.068154
0.118737
0.108027
0.091045
0.196501
-0.100254
-0.061467
-0.387305
-0.283677
0.086350
0.083365
0.109039
0.055772
-0.318487
0.316066
0.300727
0.280426
0.311411
0.117878
0.080064
0.014981
-0.255420
-0.250061
0.056879
0.006145
0.096645
0.202611
0.094400
-0.144389
-0.160342
-0.009486
0.030230
-0.080154
-0.084699
0.057307
-0.273067
-0.287055
-0.032979
0.156579
-0.014152
-0.225920
-0.446818
-0.128577
-0.130825
-0.075943
0.178903
0.041541
0.244226
0.268366
-0.094055
0.062869
0.303789
0.428003
0.635507
0.506623
0.148401
-0.229824
-0.081156
-0.089715
-0.052814
-0.299533
-0.208944
-0.587568
-0.325806
0.052526
0.024318
-0.211059
-0.112497
-0.090254
-0.095752
-0.037728
-0.090915
0.071231
0.161724
0.195572
0.277728
0.166744
0.054696
-0.010029
-0.259211
-0.092951
0.364119
0.057005
-0.164552
-0.056375
0.310399
0.207351
0.384329
-0.010372
-0.024904
0.219061
0.344770
0.134518
0.256803
-0.052981
-0.283715
-0.336641
-0.743112
-0.479900
-0.645217
-0.590159
-0.264420
-0.439810
0.050557
0.057292
0.250363
0.276798
0.370476
0.183402
0.356142
0.360221
0.080759
0.109896
0.362871
0.107097
0.081888
0.222850
0.144065
0.074632
-0.105681
-0.003644
0.343705
-0.208297
-0.070904
0.098399
0.170445
-0.199836
-0.369659
-0.287461
-0.061462
-0.055701
0.286337
0.211830
-0.031439
-0.509365
-0.612240
-0.217234
-0.234139
-0.195004
-0.171933
-0.053547
-0.048579
0.074511
0.288295
0.100402
0.052465
0.120653
-0.074929
0.068274
0.098952
0.240292
0.272439
0.174217
0.215956
0.005539
-0.040527
0.391937
0.552806
0.417912
0.549940
0.190689
-0.144757
-0.739809
-0.611200
-0.708975
-0.551042
-0.104354
-0.146392
-0.052820
-0.134994
0.247747
0.253871
0.128405
0.103425
-0.111457
-0.076541
0.109422
0.270749
0.236206
-0.343689
-0.395553
-0.079222
0.155503
0.354479
0.235871
-0.006551
-0.056787
-0.053503
-0.308254
-0.175547
-0.161351
0.157449
0.245692
0.340789
0.061636
-0.140644
-0.240747
-0.119397
-0.164734
-0.178372
-0.032299
0.179208
0.202501
0.269924
0.356731
0.401683
0.240563
-0.221338
-0.180176
-0.061008
-0.235919
-0.086477
0.051143
0.037406
-0.111636
-0.081083
-0.304672
-0.047559
0.170729
0.197093
0.032385
-0.246523
-0.205872
0.030237
0.118609
0.012386
-0.282186
-0.201724
0.011122
-0.099846
0.040615
0.221771
-0.006928
0.012770
0.267196
0.248472
0.009124
0.270032
0.097388
-0.088413
0.004133
-0.092972
0.163892
-0.076780
-0.257800
-0.040638
-0.329722
-0.289256
-0.031605
0.197342
0.121132
0.254163
0.115116
-0.090789
0.049716
0.044759
0.095156
-0.149084
-0.112355
-0.049312
-0.012817
-0.023746
0.043860
-0.070138
-0.083821
0.209547
0.146785
0.114088
0.042016
-0.093673
0.082929
0.011495
0.116074
0.008926
-0.045091
-0.145249
-0.067292
-0.254570
0.186776
0.226904
0.033287
0.011537
-0.267844
-0.239016
-0.444459
-0.324331
0.020240
0.037585
0.171713
0.015774
-0.178132
-0.121566
-0.140887
0.270954
0.313143
0.184995
0.416274
0.326153
0.248804
0.274841
0.021380
-0.381282
-0.214988
-0.155486
0.272046
0.261490
0.214605
0.101884
-0.197769
0.018659
-0.169450
-0.273844
-0.030604
-0.041624
-0.096975
0.097687
-0.286529
-0.487543
-0.405999
-0.308053
-0.028912
0.279603
0.345850
0.312493
-0.122746
-0.641317
-0.381452
0.105503
0.482201
0.269889
0.479701
0.463356
-0.050240
-0.246259
-0.003628
0.061337
0.232748
0.266397
0.176471
-0.067882
-0.142232
-0.145817
-0.194556
-0.169622
-0.086128
-0.077221
-0.080647
-0.265357
-0.068016
0.160738
0.266949
0.000000
0.000000
-0.020007
0.571263
-0.048561
-0.246640
0.025416
-0.108425
-0.357384
-0.221668
-0.128562
-0.318770
0.048155
0.175675
0.221651
0.202229
-0.154199
-0.017334
0.240530
0.558882
0.613861
-0.088881
-0.458357
-0.167981
-0.092539
-0.093765
-0.469311
-0.104497
0.171772
0.436586
0.128723
0.145212
-0.016766
0.305169
0.132344
-0.440023
-0.538950
-0.188601
-0.062782
-0.193596
-0.129123
-0.079858
-0.010240
0.140300
0.027357
0.008393
-0.036201
0.228368
0.244468
0.148033
0.632552
0.486007
-0.113698
-0.229734
0.069789
0.036657
-0.081381
0.232369
-0.296879
-0.134706
0.107187
-0.375156
-0.424205
-0.403205
-0.120560
-0.299454
-0.228823
0.148007
0.055420
0.089983
0.405432
0.175746
-0.111814
0.045133
0.111917
0.197010
0.020737
-0.142596
-0.095106
-0.156078
0.023945
0.095200
0.294236
0.494468
0.000877
-0.207170
0.422315
0.383143
-0.482650
0.022891
0.279539
0.151852
-0.279985
-0.243413
-0.107865
-0.466686
-0.379103
-0.214163
-0.168140
0.018361
0.180726
0.091534
0.248159
0.358289
0.406615
0.091148
-0.046295
-0.084392
0.043928
-0.171438
-0.076100
0.049757
-0.051571
-0.186849
-0.160130
-0.535083
-0.495063
-0.487954
0.273320
0.513148
0.239847
-0.043339
-0.114666
-0.056279
0.087902
-0.009756
0.358276
0.332361
0.601429
0.718418
-0.096716
-0.647478
-0.442482
0.100507
0.358108
0.380152
0.196380
-0.060702
-0.248680
-0.433255
-0.448210
-0.163484
0.171245
-0.065369
-0.065403
0.293205
0.034646
-0.021571
0.066617
-0.034426
0.005919
0.387675
0.396653
-0.070885
-0.335487
0.076086
0.213943
-0.725439
-0.649520
-0.300350
-0.349696
-0.399689
-0.515946
-0.302111
-0.091470
-0.062082
0.188119
0.475036
0.744477
0.819792
0.600941
0.387019
0.493342
0.298313
-0.165461
0.045595
-0.028390
0.200284
0.195276
-0.387664
-0.248537
-0.048406
0.046252
-0.044105
-0.198721
-0.415337
-0.110487
0.218522
0.189902
-0.124451
-0.575848
-0.388131
-0.258607
0.314704
0.249056
-0.084325
-0.185807
0.058495
-0.193485
-0.254105
-0.263867
-0.175533
-0.394168
-0.338861
-0.009821
0.398867
0.389833
0.130061
0.171128
0.237721
0.274360
0.354273
0.350133
0.108568
0.318419
0.326425
0.354260
0.443685
0.000000
0.000000
-0.424108
-0.565196
-0.544000
-0.397577
-0.028874
0.112151
-0.011010
0.023700
-0.184081
-0.275635
-0.149034
0.075249
-0.180639
0.024488
-0.172697
0.150501
0.493944
0.095356
0.011199
0.121735
-0.064325
-0.242072
-0.126999
0.065713
-0.099488
-0.145709
0.229837
0.479771
0.530711
-0.020064
-0.124017
-0.130510
-0.072859
-0.260964
-0.107374
-0.229352
0.086641
0.057225
-0.086991
0.128405
-0.156266
-0.252680
-0.179934
0.052643
0.050858
-0.051848
-0.358440
0.018678
0.114431
0.015421
0.278876
0.545123
0.460829
0.037659
-0.083213
0.077712
0.239331
0.152134
-0.128317
0.028446
-0.192420
0.134669
0.064352
0.058761
0.200795
-0.501366
-0.265681
0.022961
0.000000
0.000000
0.519983
-0.184099
-0.711386
-0.677349
-0.056549
-0.020466
0.013050
-0.381222
-0.348434
-0.200810
-0.167164
0.229692
0.338622
0.166110
0.159552
0.302076
0.134206
-0.020610
-0.054181
0.000614
0.431569
0.538916
0.438228
0.402424
0.205692
0.264911
0.043510
-0.114173
-0.193387
-0.162912
-0.155282
-0.093120
-0.260197
-0.035111
0.076173
0.017393
-0.189383
-0.342218
-0.362082
-0.334493
-0.338832
-0.237067
-0.143042
0.092678
0.126799
-0.155270
-0.127232
0.023712
0.120157
0.227696
0.306697
0.249947
0.003344
-0.089047
0.236385
0.249873
-0.203677
0.049791
-0.056363
-0.253294
0.570815
0.536668
0.251800
0.277427
-0.132832
-0.498164
-0.156241
0.076655
-0.548464
-0.425599
-0.030398
0.035629
0.070618
0.035058
-0.008013
0.347072
0.260126
0.097686
0.000000
0.000000
-0.115957
0.032642
-0.238694
-0.265132
-0.152807
-0.170620
0.011866
0.010984
0.358235
0.109061
