0.000000
0.000000
-0.403520
-0.279607
-0.163310
0.066610
0.901739
0.662237
0.073168
-0.165179
0.330334
0.387609
-0.113122
-0.980900
-0.395277
-0.328971
-0.283629
-0.144321
0.068879
0.350729
0.291923
-0.120172
-0.021060
0.360416
-0.342162
-0.356906
-0.230436
-0.333050
-0.360570
0.427137
0.631296
0.650799
0.107507
-0.040259
0.222981
0.186580
-0.081845
-0.026995
-0.113414
0.433419
-0.396900
-0.028046
0.288761
-0.173136
-0.087226
-0.103657
0.200981
0.560721
0.273369
0.241700
-0.303362
-0.456360
-0.129010
-0.143747
-0.797963
-0.624478
-0.028868
0.051382
-0.183472
-0.872125
0.156083
-0.237919
0.036829
0.151972
0.189807
0.008898
-0.217105
0.306549
0.989135
0.472702
0.602556
0.522232
-0.312641
0.013039
-0.165836
-0.188569
-0.000356
0.397128
-0.198324
0.339949
0.122697
-0.266229
-0.157598
-0.652864
0.036992
-0.250956
0.137537
0.529946
0.315000
-0.124227
-0.276536
-0.002551
-0.067554
0.297729
0.230733
-0.183556
-0.309252
-0.115917
-0.452061
0.300266
-0.028115
-0.645068
-0.349811
-0.127621
0.295331
-0.216094
-0.010545
-0.188599
-0.402690
0.218912
0.146573
-0.004548
0.028024
-0.151313
0.323587
0.251207
0.313294
0.705316
0.554538
0.065829
-0.159834
0.057010
0.002901
0.046573
-0.098870
-0.145372
0.030355
-0.031949
0.001821
0.052624
-0.041849
0.005259
-0.299849
-0.276449
-0.109954
-0.173610
0.340404
0.354410
0.254106
0.159345
0.014867
-0.619903
-0.397033
-0.017093
0.118965
0.041112
-0.181942
-0.069906
0.077032
0.196936
-0.082364
-0.142594
0.296247
-0.048739
-0.105980
-0.055912
-0.398399
-0.656319
-0.235305
-0.243836
0.033928
0.304385
0.226282
-0.088134
-0.084912
0.561490
-0.164591
-0.022763
0.162221
0.033852
0.257202
0.469559
0.127859
0.204804
0.530445
0.594130
0.734059
0.383417
-0.527093
-0.013960
0.433230
0.260007
-0.430140
-0.813365
-0.267564
-0.500198
-1.098803
-0.503371
-0.105125
-0.281721
0.132013
0.386198
0.253610
0.324772
-0.133129
-0.205890
-0.106162
0.463439
-0.145191
-0.692132
-0.850598
-0.527877
-0.305509
0.289644
0.277057
0.629804
0.133237
0.424027
0.940195
-0.117099
0.162252
0.318077
0.465614
0.048864
0.062164
0.308668
-0.109849
-0.178105
-0.095168
0.393045
-0.589075
-0.062845
0.213095
-0.240538
0.076048
-0.091282
-0.434258
-0.277374
0.306354
0.637773
-0.452308
-0.091564
0.704372
0.074633
-0.181449
-0.453678
-0.572293
-0.098643
-0.155290
-0.803627
0.036957
0.275999
-0.281944
-0.228086
-0.526273
0.644777
-0.015306
-0.055810
0.370288
0.455962
0.179530
0.373673
0.339036
0.108687
-0.159578
0.138306
-0.646900
-0.595577
-0.088448
0.606211
0.509963
-0.561516
0.446086
0.747249
0.128220
-0.240740
-0.297052
-0.148447
0.053646
0.029554
0.267936
0.413117
-0.526064
-0.369258
0.278628
0.104184
-0.170629
-0.066077
-0.051347
-0.160535
0.273723
0.319219
-0.439519
0.080951
-0.094103
-0.352261
-0.262667
-0.252102
-0.448039
-0.364661
0.146063
0.237751
-0.128201
0.174936
0.053763
-0.154395
0.242320
0.235771
0.176656
0.112170
0.316994
0.294199
0.127583
-0.157564
-0.239820
0.080217
-0.381165
0.017564
0.585239
0.476493
0.128663
-0.035561
-0.202761
0.251115
-0.270083
-0.553137
0.039511
0.665281
-0.189882
0.048997
-0.155568
-0.483638
-0.457475
0.102458
-0.023642
-0.124113
-0.164792
0.065441
0.127067
0.046337
-0.163475
-0.517777
0.065897
0.336021
0.552652
0.521591
0.232511
-0.453913
-0.320111
-0.087106
-0.346437
0.474890
0.854200
0.252601
-0.015285
-0.613440
-0.255715
-0.208252
0.335086
-0.121993
-0.335353
0.233570
-0.344616
-0.189150
-0.122532
-0.162857
0.067181
-0.222430
0.064945
0.565089
0.024024
0.034473
0.138832
0.488102
-0.234630
-0.377818
-0.014113
0.241314
0.624869
0.337369
-0.200059
-0.579784
-0.067017
0.170176
0.666611
-0.032392
-0.320938
0.362224
-0.346958
-0.801897
-0.801445
-0.337184
0.714175
0.320010
0.173632
0.186956
-0.535068
-0.022127
0.464073
0.000000
0.000000
0.100969
-0.018118
-0.085430
-0.311910
-0.043280
-0.054043
0.247015
0.454583
0.235541
-0.162594
-0.167611
0.146897
0.140289
-0.247761
0.006972
0.000000
0.000000
-0.073013
0.251287
-0.054328
-0.367826
0.026528
0.086538
-0.365871
0.100193
-0.216425
-0.269807
0.104166
-0.485291
-0.430661
-0.245845
0.554928
0.271896
-0.024005
0.563153
0.570951
-0.026667
0.006183
0.542419
0.029131
-0.436725
-0.183205
0.583344
0.521163
0.604513
0.000571
-0.571524
-0.224139
-0.585781
-0.746014
0.622184
0.034017
-0.662485
-0.136113
-0.172300
-0.050422
0.012920
-0.119189
-0.013149
0.011938
0.152441
-0.068517
-0.097417
-0.104234
0.108696
-0.310213
-0.322052
0.689686
0.552146
0.276367
0.100559
0.535182
0.298206
0.255307
-0.088450
-0.075300
-0.217396
-0.495868
-0.317745
-0.135378
-0.017056
0.272644
-0.264138
-0.215691
-0.048023
0.072924
0.237960
-0.021363
0.143706
-0.234973
-0.317103
-0.391521
-0.024840
0.110277
-0.001168
0.359390
0.526864
0.040149
-0.014247
0.127300
-0.159086
-0.312444
0.093896
-0.142768
-0.229889
-0.112653
-0.121503
0.171526
0.259418
0.688842
0.411336
-0.061166
-0.042076
0.132545
-0.266163
-0.094073
0.073066
0.107737
-0.392995
-0.604340
0.005910
-0.022464
0.135260
-0.254322
-0.181648
-0.132019
0.115671
-0.152876
-0.237392
0.118010
-0.152817
0.473325
0.385017
0.223861
0.163257
0.096939
0.077034
-0.006244
-0.333093
0.078538
0.188099
-0.115548
-0.060488
-0.127747
0.118662
0.130342
0.120754
0.019736
-0.165651
0.072339
0.055098
-0.012071
-0.110469
-0.056698
0.036291
-0.141179
-0.279614
-0.114765
-0.215151
-0.142522
0.407400
-0.013791
-0.301904
0.068224
0.269080
0.163665
0.225078
-0.138534
-0.063376
0.138662
0.034852
-0.076572
-0.035957
0.059825
0.098575
-0.080873
-0.078613
0.342439
-0.051460
-0.269749
-0.228944
-0.015274
0.014998
0.179438
-0.437647
-0.635443
0.283560
0.312356
0.365363
0.096050
-0.045125
-0.132545
0.164550
0.342352
0.103315
0.161838
-0.065449
0.035222
0.111203
0.004048
-0.152983
-0.090061
-0.033663
-0.181432
-0.148211
0.025334
0.235292
0.301126
0.101522
-0.119051
-0.495680
-0.337184
-0.115369
-0.951680
0.022716
0.118061
0.110001
0.381768
-0.088319
0.132715
0.029926
0.214176
0.071364
0.155261
0.263766
-0.179290
-0.117802
0.226182
0.377308
0.021089
-0.155553
0.141076
0.433772
0.071714
-0.317962
0.148590
0.020520
-0.406284
0.022702
-0.327197
-0.290689
-0.194000
0.070747
0.108711
0.261690
0.406849
0.017399
-0.336795
-0.037087
-0.251210
-0.078760
0.000825
-0.358136
-0.165658
0.279920
0.298949
0.423980
-0.251452
0.286539
0.047834
-0.002654
-0.034997
0.245268
-0.363041
-0.112483
-0.192456
-0.122512
-0.446915
-0.194313
-0.096533
0.190499
0.002636
0.128495
0.559887
-0.093678
0.055099
0.130931
0.156538
0.177722
0.330808
-0.073980
-0.027016
0.285905
-0.133328
-0.130021
-0.118650
-0.008623
-0.062525
0.304215
-0.037566
-0.167730
0.074560
-0.166595
0.219060
0.307595
-0.621770
-0.591502
-0.379946
0.237443
0.070834
0.093190
-0.301195
-0.132757
-0.062905
0.053133
-0.229985
0.060654
0.073857
0.031636
-0.036159
0.187483
0.184455
0.325238
0.301806
-0.063324
0.393459
-0.172828
-0.122225
-0.137404
0.225893
-0.305840
0.455141
0.721555
-0.340021
-0.229936
-0.030396
0.233894
0.661083
-0.357055
-0.382800
-0.216082
-0.413358
0.010837
0.012355
-0.334958
-0.066013
-0.467489
-0.091578
-0.033041
0.250324
0.390022
-0.031045
-0.338252
0.278512
0.187059
0.131318
0.166727
-0.062726
-0.446378
-0.287285
-0.247953
0.271152
0.038958
0.528873
0.366217
0.104876
-0.093053
0.220535
-0.010580
0.133689
-0.062645
-0.095319
-0.410694
-0.209467
-0.356422
0.468325
0.085078
-0.080232
0.000000
0.000000
-0.060208
-0.150922
0.201650
0.314868
0.001065
-0.227102
-0.034884
-0.233690
-0.154668
0.164233
-0.142465
-0.299618
-0.300109
0.077637
0.191440
0.076930
0.414959
0.672765
0.679018
0.049104
-0.391456
-0.339914
-0.301128
-0.469656
-0.320710
-0.166930
0.229753
0.319947
0.656634
0.550943
0.110036
0.242945
-0.366287
-0.366978
0.088854
-0.606286
0.066596
-0.085115
-0.179672
-0.210955
-0.300991
-0.284660
-0.319952
0.392791
0.364808
0.097144
0.121126
0.171596
-0.145859
-0.129526
0.001658
0.001874
0.032009
-0.396295
0.123700
0.695455
0.378467
0.183349
-0.242902
-0.235080
0.431308
-0.370535
-0.070848
0.124382
-0.035129
-0.252411
0.043365
-0.094040
0.106184
0.096413
-0.451404
-0.282291
-0.128744
0.006254
-0.135527
0.335157
0.406707
0.137283
-0.116824
0.190296
0.383840
0.430979
-0.134667
-0.562496
0.449201
0.175559
0.151610
-0.046606
-0.578508
-0.071656
-0.307999
-0.091441
0.046877
-0.387909
-0.153405
-0.064111
-0.273608
0.069020
0.167197
0.202260
0.360017
0.050012
-0.801434
-0.142882
0.583298
0.108793
-0.094816
0.461600
-0.121249
-0.377598
0.030685
0.336951
0.064629
-0.051675
0.102777
0.261577
0.205241
0.295494
-0.066321
-0.298031
-0.397197
0.048855
-0.127422
-0.136846
0.261148
0.257774
0.258136
-0.141521
0.103443
-0.122486
0.146048
-0.348280
0.110568
0.114619
-0.238466
-0.222623
0.076824
0.418695
0.082301
-0.229190
-0.186568
-0.656331
-0.377288
-0.305412
-0.407660
-0.177361
0.478567
0.140598
0.162664
0.323035
0.456684
0.196642
-0.107286
-0.190113
0.450481
-0.138985
-0.148450
0.211954
-0.114953
0.203231
0.163514
0.284414
-0.140584
-0.084815
0.247979
0.014185
-0.004803
0.064737
0.035586
0.113923
-0.241638
0.142673
-0.272155
-0.142275
-0.204772
-0.394883
-0.276101
-0.091574
-0.032778
-0.168435
-0.043038
0.431232
0.285753
0.200765
0.066042
-0.034779
-0.161039
-0.034724
-0.038655
0.101628
0.103950
0.090848
0.244104
0.170927
-0.447282
-0.612501
-0.309012
0.114373
-0.090027
0.086476
0.340906
-0.135113
-0.269435
0.061010
0.213976
0.223207
0.117706
-0.249032
0.253057
0.174762
0.369338
0.539620
0.029047
0.149152
-0.433469
0.509144
0.000000
0.000000
-0.130472
-0.659786
-0.348810
-0.176221
-0.036291
-0.372257
-0.128309
0.290775
0.277267
-0.014092
-0.037154
-0.294019
-0.007231
0.281602
0.071797
0.397515
-0.055501
-0.115062
-0.340159
-0.048480
-0.530875
-0.658449
-0.037459
-0.005340
-0.049467
0.619237
0.617992
0.865910
0.577057
0.071560
-0.471166
-0.482761
-0.220819
-0.036376
0.187450
0.067239
0.231264
0.144188
-0.010317
0.060577
0.059397
0.226598
-0.748505
-0.680252
-0.054212
-0.092799
-0.418162
0.245897
0.060376
-0.119012
0.024348
0.499064
0.380677
0.325877
0.157057
-0.033722
-0.116299
0.065111
0.219288
-0.033967
-0.380464
0.096537
-0.111640
-0.180008
0.108030
-0.017274
-0.235808
-0.036476
0.000000
0.000000
0.043083
-0.553988
-0.313577
-0.118976
0.023164
0.254510
0.337757
0.081976
0.198430
0.029657
-0.156890
0.161720
-0.090867
0.147047
0.254256
0.147360
-0.141443
-0.000241
-0.193094
-0.760940
-0.023584
0.416901
0.792099
0.096485
0.111473
0.453367
-0.117744
-0.147536
0.259036
-0.219047
-0.447047
-0.388361
-0.374454
0.164086
0.199112
0.012468
0.216069
-0.036219
0.010167
-0.252487
0.002481
0.006162
0.254945
-0.206711
-0.402483
-0.347203
-0.131462
-0.120732
-0.302561
-0.098345
0.114994
0.433874
0.098949
-0.058078
0.385399
0.201973
-0.116750
0.302951
0.456832
0.110792
0.011294
-0.232208
0.037047
0.079366
0.081103
0.008825
0.090161
0.209761
-0.281103
-0.133284
0.180996
0.238955
0.008625
-0.199313
-0.182596
-0.352343
-0.357597
-0.249222
0.000000
0.000000
-0.473405
0.001344
0.369536
0.268156
-0.063043
0.333095
0.031433
-0.139657
0.312990
-0.180931
