0.000000
0.000000
-0.152170
-0.567007
-0.527589
0.180217
0.570321
0.929888
0.311630
-0.147170
-0.365220
-0.299171
-0.242950
0.528043
0.392377
-0.110826
-0.186922
0.038438
-0.260308
-0.034527
0.017145
0.216585
-0.010984
-0.123925
-0.265541
-0.204309
0.123924
0.244441
0.007147
-0.015515
0.332546
0.514483
0.150074
-0.845420
-0.042351
-0.132049
0.002479
0.382565
0.059248
-0.242765
-0.156140
-0.422656
0.129714
-0.151055
-0.146028
-0.635835
-0.349835
-0.029832
0.315886
-0.204195
0.422736
0.212829
-0.191874
-0.137014
0.212158
0.557117
0.345234
0.726905
0.767968
0.203198
-0.068731
-0.269555
-0.115626
-0.245115
-0.023323
0.306190
0.318894
-0.248858
-0.096172
-0.460085
-0.607841
-0.504889
-0.002270
-0.044902
0.002094
-0.083406
-0.032625
0.034512
-0.031617
-0.159298
-0.120575
0.513643
-0.051822
-0.251878
0.145917
0.053062
-0.291702
-0.318174
-0.389410
0.016244
0.543409
0.109697
-0.069189
0.120293
0.224195
0.224817
0.131065
0.102836
0.231193
0.040359
-0.323413
0.915346
0.206773
0.247379
-0.078479
-0.083414
-0.346484
-0.368467
0.387713
0.444804
0.249439
-0.428543
-0.418164
-0.125230
0.013776
-0.654660
-0.251439
-0.045017
-0.454430
-0.289744
0.215499
0.222929
-0.201253
-0.221766
-0.088378
0.420743
0.003202
-0.172234
0.037737
0.102097
0.207571
0.346448
0.036643
0.398608
-0.018995
-0.145871
-0.024637
0.105295
0.178814
-0.039013
-0.090015
0.295696
0.110429
-0.205134
-0.338993
-0.067988
0.180382
0.422718
-0.023902
-0.255356
-0.154582
0.364511
-0.234789
-0.306564
-0.211179
0.085866
0.225809
0.067059
-0.331200
-0.247225
-0.185045
0.137434
0.805727
0.440200
-0.000728
0.445267
-0.162962
-0.447836
-0.249050
-0.096182
-0.404377
-0.504230
-0.330940
0.083880
0.086662
0.448056
-0.087556
-0.385804
0.130157
-0.108258
-0.053073
0.300265
-0.070443
0.734441
0.296644
0.091710
-0.044311
-0.028733
-0.619769
0.213378
0.398697
-0.316538
-0.166793
-0.102082
0.193909
-0.635293
-0.012429
0.612857
0.479877
0.419736
0.140880
0.080687
-0.164077
0.067985
0.152600
-0.489539
-0.253018
-0.370223
-0.263956
0.195574
0.193315
-0.206628
-0.103198
-0.522386
0.288466
0.283383
-0.473539
0.061385
0.152556
-0.029398
-0.196086
-0.286793
0.052035
0.597106
0.215399
0.026122
-0.048987
-0.153714
-0.292861
-0.388364
0.756263
0.050625
-0.020742
0.180682
-0.023171
-0.104081
0.099974
0.283444
0.219455
0.201218
-0.320764
-0.088580
-0.190045
0.160061
-0.032409
-0.002446
-0.129212
-0.041331
-0.206857
-0.414540
-0.389558
-0.097924
0.188830
0.619484
0.317764
0.617521
0.407469
-0.107344
0.317215
-0.104065
-0.033293
-0.650459
0.179817
0.270761
-0.925344
-0.517397
-0.173233
-0.435572
-0.251807
0.240580
-0.507571
-0.390627
0.138246
0.394491
-0.008271
0.025416
0.327934
-0.115009
0.631857
0.136346
-0.154393
0.626091
0.586134
0.779341
0.381998
-0.154863
0.113664
-0.312501
-0.259063
0.051489
-0.371812
-0.003793
0.143577
-0.201800
-0.291713
-0.223256
-0.144878
-0.036931
-0.085266
-0.375677
-0.320464
-0.211292
-0.302537
0.351790
-0.059344
-0.269882
0.564529
0.327673
-0.478512
-0.323738
-0.306829
0.103587
0.244952
0.544300
0.214377
0.172708
0.121427
-0.510337
0.805580
0.213839
0.300236
-0.462293
0.193421
-0.196232
-0.183399
-0.097112
0.328298
0.430446
0.072992
0.281602
0.128240
0.164761
-0.367330
-0.701496
-0.335855
-0.182908
-0.304925
0.209366
-0.071796
-0.358089
-0.050869
-0.103581
0.033501
-0.263243
0.067648
0.125969
-0.077548
0.035425
-0.086696
0.328995
0.241202
-0.273908
0.037210
0.101374
0.152607
0.327721
0.252588
0.470212
-0.342491
-0.134269
0.156826
0.373733
0.101549
0.459939
-0.127345
-0.321047
0.033317
0.186818
-0.623891
-0.041902
0.274099
-1.114666
-0.015447
-0.203510
-0.372079
0.078083
0.220327
-0.076462
-0.145936
0.196686
0.373413
0.216310
0.151643
0.190962
0.146877
-0.117431
-0.215798
0.011399
-0.061606
0.000000
0.000000
0.085034
-0.202783
0.024237
-0.553209
-0.157312
0.422850
0.267922
0.414992
0.127016
-0.368177
0.052788
0.187716
-0.015675
0.198563
-0.493774
0.000000
0.000000
0.316459
0.226756
-0.073303
-0.007122
-0.364325
-0.248149
-0.164523
-0.214796
0.089851
0.013960
0.031086
0.281575
0.359083
0.082130
-0.072543
-0.019139
-0.472159
0.135443
0.142986
0.157809
0.059755
-0.140285
-0.253493
-0.627498
0.095313
0.580560
0.160497
0.223701
-0.006937
-0.282195
0.290385
0.178052
0.007585
-0.036405
-0.029994
-0.319482
-0.281702
-0.040837
0.204083
-0.173123
-0.436833
-0.290099
-0.061910
0.304288
-0.156938
0.410094
0.454481
-0.204527
0.237904
0.671935
0.281939
-0.195503
-0.180165
0.148044
0.308050
0.081549
-0.501830
-0.163412
-0.699515
-0.224585
-0.051972
0.023182
-0.071323
-0.111551
0.302865
0.196743
-0.029918
0.098440
0.143397
-0.340073
-0.041347
0.443973
0.136958
0.040550
-0.375938
-0.451298
-0.017074
0.016666
-0.222235
0.037874
0.320969
0.384976
0.067971
0.003423
0.017532
0.033327
-0.138331
0.082304
0.201642
0.241700
0.231092
0.140427
-0.156776
-0.090436
-0.601840
0.035575
-0.250063
0.041966
0.212442
0.044792
0.288756
0.058283
-0.444761
-0.389392
0.213317
0.149065
-0.305975
0.002589
0.096288
0.118142
-0.628196
-0.217769
0.380130
0.162769
0.108803
0.331727
0.233905
-0.269672
-0.120765
0.387580
0.038702
-0.416630
0.075350
-0.163340
0.095447
-0.040122
-0.292073
0.334019
0.224845
-0.263512
0.481297
0.197608
-0.033391
-0.021662
-0.309455
-0.277851
0.250584
-0.247555
-0.053775
0.283960
0.134713
0.228991
0.148617
-0.188697
-0.400776
-0.095067
0.061129
0.071236
0.027388
0.155862
-0.375449
-0.597571
0.012365
-0.209362
0.042680
-0.202857
0.119845
0.100868
0.145001
0.042588
0.326305
0.301075
0.344122
0.685788
0.114120
-0.458975
-0.281980
0.296119
-0.014415
-0.037703
-0.218147
-0.129352
0.301848
0.136042
-0.428194
-0.308977
0.003480
-0.446790
-0.188347
0.070751
-0.011773
0.137329
0.201923
-0.447368
-0.107706
-0.056656
-0.036926
0.088953
0.386051
0.232551
0.231792
0.227304
0.065145
0.619101
-0.170209
-0.019830
-0.012024
0.125026
-0.099591
-0.070117
-0.299216
-0.266443
-0.101564
0.079237
-0.089389
-0.232695
0.308285
-0.303528
-0.409042
-0.388150
0.100865
0.382293
-0.020563
-0.214340
0.118930
0.538792
0.130451
-0.337182
-0.246611
-0.135620
0.379843
0.355060
0.301185
0.268338
0.254360
-0.291756
-0.104013
0.116949
-0.067749
-0.214024
-0.098855
0.065523
-0.098432
-0.368111
-0.213641
-0.037391
0.370320
0.104364
-0.277502
-0.107266
0.100809
0.093897
0.532190
0.031081
-0.238238
-0.378581
-0.315989
0.602574
0.307602
-0.145592
-0.184786
0.127032
-0.109517
-0.417436
-0.431064
-0.319404
0.215995
0.277481
0.241953
0.738244
-0.379454
-0.074146
0.188948
0.257037
0.256039
-0.114299
-0.505328
0.045610
-0.023682
0.357435
-0.230374
-0.078970
0.495177
-0.731883
-0.299499
-0.078424
-0.097720
0.185731
0.465811
0.345248
-0.264560
-0.296192
0.395304
0.185830
0.117984
-0.120881
-0.330402
-0.075073
0.173305
-0.061771
-0.216504
-0.238968
0.451024
-0.100948
-0.260151
0.125316
0.081089
-0.030900
-0.438752
-0.389819
0.377295
0.678168
-0.324001
-0.100716
0.420799
0.275239
-0.072930
-0.164934
-0.241149
0.389774
-0.097853
-0.102145
0.054614
0.262876
0.135085
-0.281407
-0.273365
-0.802526
-0.147113
-0.000019
0.404184
0.378158
-0.060113
0.181401
0.441179
0.145872
-0.267968
-0.216576
0.534757
0.293263
-0.004577
-0.434478
-0.623535
-0.361065
0.033423
-0.012285
0.195375
0.119373
0.136376
-0.031070
0.056898
-0.287821
0.080921
0.350516
0.190232
-0.006389
-0.366238
-0.172821
0.121333
0.193468
-0.089195
0.000000
0.000000
-0.209004
0.394798
-0.247930
-0.133609
-0.239250
-0.253357
0.170048
0.016093
0.165782
0.003103
-0.124407
0.390722
0.042261
0.053707
0.125033
-0.043586
0.553675
-0.165477
-0.129522
0.587194
0.103984
-0.328647
-0.046791
0.181060
0.436773
-0.249273
-0.721871
-0.453004
-0.145963
0.143060
0.327093
-0.081343
-0.208032
0.056394
-0.481814
-0.370809
-0.288557
0.511357
0.038231
-0.048747
-0.017163
-0.448265
-0.195668
-0.017159
0.407900
0.334431
0.076007
0.285744
0.200953
0.361363
-0.313439
0.049175
0.194970
0.234217
0.239966
0.427759
0.207675
0.055576
-0.522902
-0.354799
0.156496
0.147521
-0.156375
-0.173922
-0.207038
0.141547
-0.290272
-0.041919
-0.042300
0.177693
-0.010101
0.203713
-0.418787
-0.732016
-0.243292
0.625657
0.252212
-0.094085
-0.277026
-0.340917
0.029037
-0.292493
0.106425
0.169056
-0.306438
0.121738
0.352730
0.179097
0.178223
0.346211
0.203051
0.016572
-0.495532
0.042143
0.248245
0.209583
0.170968
-0.256489
-0.541885
0.325916
0.483167
0.085744
0.164056
0.337669
0.018898
0.057475
0.152231
-0.311713
-0.078822
-0.155886
-0.466723
-0.419437
-0.129110
-0.157515
-0.181437
0.032855
-0.180324
0.378619
0.154354
-0.180651
-0.174045
0.017582
0.617946
0.162429
-0.439993
-0.403683
-0.237573
-0.185983
-0.168021
0.356526
0.558809
0.332770
-0.072159
-0.204076
0.074943
0.101049
-0.284004
-0.304792
0.465430
0.300438
-0.034201
0.395144
0.178795
0.075324
0.117885
0.061500
0.100792
0.261358
0.204110
0.216547
0.007422
-0.835194
-0.957284
-0.544377
0.050717
-0.200064
-0.478529
-0.255933
0.378269
0.544319
-0.071643
-0.253236
0.042252
-0.002934
0.144862
-0.156184
0.350823
0.527433
0.121533
0.427140
0.337460
0.299701
0.137193
-0.158117
-0.206890
-0.194553
-0.229084
-0.242350
-0.292041
-0.023120
0.105214
0.347931
-0.238838
-0.744344
-0.340608
0.366022
-0.149602
0.191019
-0.247720
-0.233837
0.034232
0.521101
0.199793
-0.113967
-0.576536
0.032474
0.596051
0.322730
0.259225
-0.062196
0.181220
-0.078241
0.214167
0.027978
0.091565
-0.091114
0.152054
0.019635
-0.189675
0.041979
0.032732
-0.026044
-0.149466
0.172580
-0.203409
0.272566
0.000000
0.000000
-0.372569
-0.055088
-0.101150
-0.411343
-0.271539
-0.882090
-0.553047
0.235461
-0.117053
0.052814
0.266839
0.034880
0.197789
0.169497
0.406909
-0.140522
0.591143
0.317821
0.214475
0.455715
0.438205
0.121863
-0.223667
-0.081207
0.135637
0.225618
0.124857
-0.330051
-0.369464
-0.096647
-0.513513
-0.172197
0.113139
0.035201
0.049847
0.041526
-0.054654
-0.020509
-0.259730
-0.149615
-0.409941
0.159915
0.232700
0.100786
-0.105014
-0.175450
-0.382135
0.017162
0.604938
0.211084
-0.257404
-0.083594
-0.099035
-0.073113
-0.272038
-0.045915
-0.360784
0.390040
-0.197534
0.432122
0.319186
0.199358
0.338379
0.028935
-0.001596
0.186884
-0.037083
0.276585
0.000000
0.000000
-0.021269
0.387901
0.015670
-0.358580
0.389789
0.160554
-0.194391
-0.265741
-0.535689
-0.120626
-0.297049
-0.540953
0.025719
0.246855
-0.525829
-0.373722
-0.214670
-0.161442
0.252548
0.093280
0.543931
0.405872
0.118426
-0.174931
-0.334767
0.738708
0.226179
0.037366
-0.038845
-0.418337
0.414995
0.478509
0.092611
-0.199624
0.358261
0.007534
-0.614617
0.026647
0.447916
-0.223632
-0.607059
0.021619
0.380652
0.273234
-0.306700
-0.398579
-0.723223
-0.412640
0.194310
-0.296300
0.132586
0.570934
0.093503
-0.012386
-0.176278
0.409760
0.518938
0.033058
-0.164965
-0.317245
0.176122
0.867890
-0.123955
0.084829
-0.080983
-0.387028
0.062241
0.288559
-0.358777
-0.311660
0.114817
-0.427212
-0.212957
0.032987
-0.231048
0.184122
0.552938
0.397981
0.000000
0.000000
-0.639405
-0.243809
-0.201068
0.098850
0.214753
0.149386
0.319776
0.112388
-0.058271
-0.215262
